0 0.5657492354740061 0.9782608695652174 0.012232415902140673 0.0033444816053511705
0 0.5504587155963303 0.9782608695652174 0.012232415902140673 0.0033444816053511705
0 0.636085626911315 0.9866220735785953 0.06116207951070336 0.026755852842809364
0 0.36850152905198774 0.9866220735785953 0.2966360856269113 0.026755852842809364
0 0.06269113149847094 0.8846153846153846 0.0030581039755351682 0.03678929765886288
0 0.013761467889908258 0.8729096989966555 0.027522935779816515 0.05351170568561873
0 0.7018348623853211 0.8010033444816054 0.0030581039755351682 0.0033444816053511705
0 0.7140672782874617 0.7675585284280937 0.0030581039755351682 0.0033444816053511705
0 0.9724770642201835 0.754180602006689 0.04281345565749235 0.043478260869565216
0 0.9525993883792049 0.7140468227424749 0.01529051987767584 0.0033444816053511705
0 0.7262996941896025 0.6655518394648829 0.03363914373088685 0.006688963210702341
0 0.8883792048929664 0.5869565217391305 0.0030581039755351682 0.0033444816053511705
0 0.7140672782874617 0.3963210702341137 0.01529051987767584 0.010033444816053512
0 0.8379204892966361 0.3963210702341137 0.21406727828746178 0.023411371237458192
0 0.9051987767584098 0.2792642140468227 0.024464831804281346 0.010033444816053512
0 0.8363914373088684 0.26421404682274247 0.05198776758409786 0.04013377926421405
0 0.9036697247706422 0.2625418060200669 0.0581039755351682 0.043478260869565216
0 0.7935779816513762 0.24749163879598662 0.027522935779816515 0.013377926421404682
0 0.735474006116208 0.25752508361204013 0.07033639143730887 0.06020066889632107
0 0.5 0.5284280936454849 1.0 0.8361204013377926
0 0.5137614678899083 0.0903010033444816 0.012232415902140673 0.020066889632107024
0 0.5397553516819572 0.08361204013377926 0.027522935779816515 0.04013377926421405
0 0.5672782874617737 0.056856187290969896 0.021406727828746176 0.046822742474916385
0 0.39908256880733944 0.061872909698996656 0.027522935779816515 0.056856187290969896
0 0.3470948012232416 0.06354515050167224 0.0581039755351682 0.06020066889632107
0 0.2874617737003058 0.06354515050167224 0.04281345565749235 0.06020066889632107
0 0.5107033639143731 0.051839464882943144 0.012232415902140673 0.05016722408026756
