0 0.5421940928270043 0.8315068493150685 0.004219409282700422 0.0027397260273972603
0 0.41350210970464135 0.8328767123287671 0.016877637130801686 0.005479452054794521
0 0.3628691983122363 0.8315068493150685 0.004219409282700422 0.0027397260273972603
0 0.5886075949367089 0.8342465753424657 0.02109704641350211 0.0136986301369863
0 0.5611814345991561 0.8315068493150685 0.008438818565400843 0.00821917808219178
0 0.5221518987341772 0.8315068493150685 0.006329113924050633 0.00821917808219178
0 0.3333333333333333 0.8315068493150685 0.016877637130801686 0.00821917808219178
0 0.30168776371308015 0.8315068493150685 0.008438818565400843 0.00821917808219178
0 0.27637130801687765 0.8315068493150685 0.008438818565400843 0.00821917808219178
0 0.25 0.8301369863013699 0.006329113924050633 0.005479452054794521
0 0.48417721518987344 0.8315068493150685 0.04008438818565401 0.0136986301369863
0 0.20042194092827004 0.8301369863013699 0.02109704641350211 0.010958904109589041
0 0.14345991561181434 0.8287671232876712 0.02109704641350211 0.00821917808219178
0 0.09071729957805907 0.8287671232876712 0.046413502109704644 0.00821917808219178
0 0.04746835443037975 0.8273972602739726 0.010548523206751054 0.010958904109589041
0 0.560126582278481 0.8191780821917808 0.010548523206751054 0.010958904109589041
0 0.520042194092827 0.8178082191780822 0.014767932489451477 0.00821917808219178
0 0.47890295358649787 0.8178082191780822 0.02531645569620253 0.00821917808219178
0 0.5959915611814346 0.8164383561643835 0.006329113924050633 0.010958904109589041
0 0.08438818565400844 0.8123287671232877 0.03375527426160337 0.00821917808219178
0 0.04746835443037975 0.8136986301369863 0.010548523206751054 0.010958904109589041
0 0.5179324894514767 0.8041095890410959 0.006329113924050633 0.0027397260273972603
0 0.5896624472573839 0.8041095890410959 0.014767932489451477 0.00821917808219178
0 0.4757383966244726 0.8027397260273973 0.010548523206751054 0.005479452054794521
0 0.5938818565400844 0.7890410958904109 0.006329113924050633 0.005479452054794521
0 0.47468354430379744 0.7890410958904109 0.016877637130801686 0.005479452054794521
0 0.5580168776371308 0.7890410958904109 0.010548523206751054 0.010958904109589041
0 0.5253164556962026 0.7876712328767124 0.012658227848101266 0.00821917808219178
0 0.5949367088607594 0.7767123287671233 0.008438818565400843 0.0027397260273972603
0 0.5611814345991561 0.7767123287671233 0.008438818565400843 0.00821917808219178
0 0.07278481012658228 0.7643835616438356 0.014767932489451477 0.005479452054794521
0 0.029535864978902954 0.7643835616438356 0.05907172995780591 0.010958904109589041
0 0.6118143459915611 0.7520547945205479 0.008438818565400843 0.0027397260273972603
0 0.5654008438818565 0.7520547945205479 0.004219409282700422 0.0027397260273972603
0 0.6381856540084389 0.7506849315068493 0.010548523206751054 0.005479452054794521
0 0.006329113924050633 0.7383561643835617 0.012658227848101266 0.019178082191780823
0 0.0010548523206751054 0.7082191780821918 0.002109704641350211 0.00821917808219178
0 0.08755274261603375 0.6945205479452055 0.002109704641350211 0.0027397260273972603
0 0.22362869198312235 0.6931506849315069 0.008438818565400843 0.010958904109589041
0 0.310126582278481 0.689041095890411 0.02109704641350211 0.024657534246575342
0 0.25738396624472576 0.689041095890411 0.02531645569620253 0.024657534246575342
0 0.22362869198312235 0.6808219178082192 0.004219409282700422 0.00821917808219178
0 0.20147679324894516 0.6876712328767123 0.014767932489451477 0.021917808219178082
0 0.17827004219409281 0.6863013698630137 0.010548523206751054 0.024657534246575342
0 0.14029535864978904 0.684931506849315 0.035864978902953586 0.0273972602739726
0 0.10232067510548523 0.6794520547945205 0.010548523206751054 0.01643835616438356
0 0.0759493670886076 0.678082191780822 0.008438818565400843 0.0136986301369863
0 0.039029535864978905 0.6794520547945205 0.014767932489451477 0.01643835616438356
0 0.002109704641350211 0.6493150684931507 0.004219409282700422 0.005479452054794521
0 0.31751054852320676 0.6547945205479452 0.010548523206751054 0.021917808219178082
0 0.2542194092827004 0.6534246575342466 0.023206751054852322 0.019178082191780823
0 0.22257383966244726 0.6534246575342466 0.010548523206751054 0.019178082191780823
0 0.18248945147679324 0.6534246575342466 0.023206751054852322 0.019178082191780823
0 0.15611814345991562 0.6520547945205479 0.012658227848101266 0.01643835616438356
0 0.12447257383966245 0.6506849315068494 0.012658227848101266 0.019178082191780823
0 0.10337552742616034 0.6506849315068494 0.012658227848101266 0.019178082191780823
0 0.07278481012658228 0.6506849315068494 0.010548523206751054 0.019178082191780823
0 0.03270042194092827 0.6493150684931507 0.014767932489451477 0.01643835616438356
0 0.0010548523206751054 0.6219178082191781 0.002109704641350211 0.005479452054794521
0 0.31751054852320676 0.6246575342465753 0.014767932489451477 0.021917808219178082
0 0.2478902953586498 0.6246575342465753 0.014767932489451477 0.021917808219178082
0 0.22362869198312235 0.6246575342465753 0.012658227848101266 0.021917808219178082
0 0.19725738396624473 0.6246575342465753 0.014767932489451477 0.021917808219178082
0 0.17721518987341772 0.6246575342465753 0.012658227848101266 0.021917808219178082
0 0.1529535864978903 0.6246575342465753 0.014767932489451477 0.021917808219178082
0 0.12658227848101267 0.6232876712328768 0.012658227848101266 0.019178082191780823
0 0.07383966244725738 0.6232876712328768 0.012658227848101266 0.019178082191780823
0 0.10126582278481013 0.6219178082191781 0.012658227848101266 0.021917808219178082
0 0.03481012658227848 0.6219178082191781 0.014767932489451477 0.021917808219178082
0 0.0010548523206751054 0.5904109589041096 0.002109704641350211 0.00821917808219178
0 0.3491561181434599 0.5136986301369864 0.002109704641350211 0.0027397260273972603
0 0.2320675105485232 0.510958904109589 0.012658227848101266 0.019178082191780823
0 0.2616033755274262 0.5095890410958904 0.012658227848101266 0.021917808219178082
0 0.18881856540084388 0.5082191780821917 0.014767932489451477 0.019178082191780823
0 0.16244725738396623 0.5082191780821917 0.012658227848101266 0.019178082191780823
0 0.14451476793248946 0.5082191780821917 0.010548523206751054 0.019178082191780823
0 0.11392405063291139 0.5068493150684932 0.012658227848101266 0.01643835616438356
0 0.0949367088607595 0.5068493150684932 0.012658227848101266 0.01643835616438356
0 0.06751054852320675 0.5054794520547945 0.012658227848101266 0.0136986301369863
0 0.039029535864978905 0.5027397260273972 0.010548523206751054 0.0136986301369863
0 0.3818565400843882 0.4808219178082192 0.012658227848101266 0.00821917808219178
0 0.3491561181434599 0.4808219178082192 0.006329113924050633 0.00821917808219178
0 0.2563291139240506 0.4794520547945205 0.010548523206751054 0.021917808219178082
0 0.23734177215189872 0.4794520547945205 0.010548523206751054 0.021917808219178082
0 0.17721518987341772 0.4780821917808219 0.0379746835443038 0.024657534246575342
0 0.13818565400843882 0.4767123287671233 0.010548523206751054 0.021917808219178082
0 0.11919831223628692 0.4767123287671233 0.010548523206751054 0.021917808219178082
0 0.0949367088607595 0.47534246575342465 0.012658227848101266 0.024657534246575342
0 0.06751054852320675 0.47534246575342465 0.012658227848101266 0.024657534246575342
0 0.039029535864978905 0.473972602739726 0.010548523206751054 0.021917808219178082
0 0.3470464135021097 0.44931506849315067 0.010548523206751054 0.010958904109589041
0 0.2468354430379747 0.4410958904109589 0.016877637130801686 0.03287671232876712
0 0.189873417721519 0.4397260273972603 0.012658227848101266 0.03561643835616438
0 0.16561181434599156 0.4397260273972603 0.0189873417721519 0.03561643835616438
0 0.12869198312236288 0.43561643835616437 0.016877637130801686 0.0273972602739726
0 0.0949367088607595 0.43424657534246575 0.012658227848101266 0.030136986301369864
0 0.06751054852320675 0.4328767123287671 0.012658227848101266 0.03287671232876712
0 0.0379746835443038 0.4328767123287671 0.0379746835443038 0.038356164383561646
0 0.3438818565400844 0.41643835616438357 0.016877637130801686 0.03287671232876712
0 0.20042194092827004 0.3178082191780822 0.029535864978902954 0.043835616438356165
0 0.1571729957805907 0.31643835616438354 0.035864978902953586 0.0410958904109589
0 0.10759493670886076 0.31232876712328766 0.04219409282700422 0.049315068493150684
0 0.07172995780590717 0.3095890410958904 0.012658227848101266 0.043835616438356165
0 0.05063291139240506 0.3095890410958904 0.02109704641350211 0.043835616438356165
0 0.029535864978902954 0.30684931506849317 0.012658227848101266 0.043835616438356165
0 0.1909282700421941 0.273972602739726 0.010548523206751054 0.01643835616438356
0 0.16772151898734178 0.273972602739726 0.010548523206751054 0.01643835616438356
0 0.14451476793248946 0.2726027397260274 0.010548523206751054 0.019178082191780823
0 0.12130801687763713 0.2726027397260274 0.010548523206751054 0.019178082191780823
0 0.09177215189873418 0.27123287671232876 0.010548523206751054 0.01643835616438356
0 0.06434599156118144 0.27123287671232876 0.0189873417721519 0.01643835616438356
0 0.03691983122362869 0.26986301369863014 0.0189873417721519 0.019178082191780823
0 0.19936708860759494 0.2493150684931507 0.023206751054852322 0.010958904109589041
0 0.1540084388185654 0.2493150684931507 0.02531645569620253 0.010958904109589041
0 0.10654008438818566 0.2452054794520548 0.027426160337552744 0.0136986301369863
0 0.06540084388185655 0.2452054794520548 0.008438818565400843 0.0136986301369863
0 0.03481012658227848 0.24383561643835616 0.010548523206751054 0.01643835616438356
0 0.5 0.5273972602739726 1.0 0.9068493150684932
0 0.5907172995780591 0.052054794520547946 0.02531645569620253 0.038356164383561646
0 0.6054852320675106 0.03287671232876712 0.004219409282700422 0.005479452054794521
0 0.5569620253164557 0.045205479452054796 0.02531645569620253 0.04657534246575343
0 0.569620253164557 0.023287671232876714 0.008438818565400843 0.00821917808219178
0 0.46729957805907174 0.038356164383561646 0.0189873417721519 0.038356164383561646
0 0.4272151898734177 0.03424657534246575 0.04008438818565401 0.0410958904109589
0 0.38396624472573837 0.03287671232876712 0.029535864978902954 0.043835616438356165
