0 0.5392376681614349 0.9256559766763849 0.011210762331838564 0.008746355685131196
0 0.3396860986547085 0.9431486880466472 0.6076233183856502 0.11370262390670553
0 0.7331838565022422 0.7565597667638484 0.06278026905829596 0.03206997084548105
0 0.8901345291479821 0.10641399416909621 0.008968609865470852 0.0029154518950437317
0 0.6087443946188341 0.09912536443148688 0.033632286995515695 0.0058309037900874635
0 0.57847533632287 0.09912536443148688 0.02242152466367713 0.0058309037900874635
0 0.5100896860986547 0.45335276967930027 0.9663677130044843 0.8542274052478134
0 0.5392376681614349 0.02478134110787172 0.011210762331838564 0.008746355685131196
0 0.5190582959641256 0.011661807580174927 0.01569506726457399 0.023323615160349854
0 0.49887892376681614 0.011661807580174927 0.020179372197309416 0.023323615160349854
0 0.4103139013452915 0.0058309037900874635 0.008968609865470852 0.011661807580174927
0 0.38228699551569506 0.004373177842565598 0.006726457399103139 0.008746355685131196
0 0.3576233183856502 0.0029154518950437317 0.006726457399103139 0.0058309037900874635
0 0.32847533632286996 0.0029154518950437317 0.006726457399103139 0.0058309037900874635
