0 0.5675965665236051 0.8310055865921788 0.015021459227467811 0.008379888268156424
0 0.034334763948497854 0.7416201117318436 0.02575107296137339 0.05307262569832402
0 0.2478540772532189 0.7374301675977654 0.01072961373390558 0.05027932960893855
0 0.148068669527897 0.7304469273743017 0.017167381974248927 0.06424581005586592
0 0.22103004291845493 0.7206703910614525 0.008583690987124463 0.0782122905027933
0 0.1984978540772532 0.6871508379888268 0.006437768240343348 0.0111731843575419
0 0.3165236051502146 0.7206703910614525 0.015021459227467811 0.08379888268156424
0 0.18562231759656653 0.7192737430167597 0.032188841201716736 0.08100558659217877
0 0.03111587982832618 0.6927374301675978 0.015021459227467811 0.027932960893854747
0 0.08476394849785408 0.7206703910614525 0.0407725321888412 0.0893854748603352
0 0.2532188841201717 0.6843575418994413 0.02145922746781116 0.0223463687150838
0 0.13304721030042918 0.7178770949720671 0.034334763948497854 0.0893854748603352
0 0.1609442060085837 0.5642458100558659 0.004291845493562232 0.0111731843575419
0 0.09227467811158799 0.5642458100558659 0.008583690987124463 0.0111731843575419
0 0.06330472103004292 0.5642458100558659 0.006437768240343348 0.0111731843575419
0 0.033261802575107295 0.5656424581005587 0.006437768240343348 0.013966480446927373
0 0.38197424892703863 0.5628491620111732 0.012875536480686695 0.013966480446927373
0 0.24678111587982832 0.5614525139664804 0.030042918454935622 0.0223463687150838
0 0.2478540772532189 0.5363128491620112 0.019313304721030045 0.0111731843575419
0 0.034334763948497854 0.5391061452513967 0.008583690987124463 0.01675977653631285
0 0.0890557939914163 0.5363128491620112 0.015021459227467811 0.0223463687150838
0 0.06652360515021459 0.5363128491620112 0.017167381974248927 0.0223463687150838
0 0.09227467811158799 0.5069832402234636 0.004291845493562232 0.008379888268156424
0 0.06437768240343347 0.5069832402234636 0.004291845493562232 0.008379888268156424
0 0.034334763948497854 0.5069832402234636 0.004291845493562232 0.008379888268156424
0 0.2478540772532189 0.5097765363128491 0.01072961373390558 0.019553072625698324
0 0.17489270386266095 0.5377094972067039 0.03648068669527897 0.07541899441340782
0 0.12660944206008584 0.5363128491620112 0.034334763948497854 0.07262569832402235
0 0.10622317596566523 0.35614525139664804 0.045064377682403435 0.08659217877094973
0 0.048283261802575105 0.35335195530726254 0.0536480686695279 0.08100558659217877
0 0.19527896995708155 0.35614525139664804 0.02145922746781116 0.09217877094972067
0 0.15450643776824036 0.35195530726256985 0.034334763948497854 0.0893854748603352
0 0.5 0.5195530726256983 1.0 0.9050279329608939
0 0.3916309012875536 0.04748603351955307 0.01072961373390558 0.0111731843575419
0 0.6008583690987125 0.05027932960893855 0.02145922746781116 0.027932960893854747
0 0.4517167381974249 0.03910614525139665 0.006437768240343348 0.0111731843575419
0 0.5654506437768241 0.04888268156424581 0.015021459227467811 0.036312849162011177
0 0.47639484978540775 0.034916201117318434 0.012875536480686695 0.025139664804469275
0 0.4238197424892704 0.036312849162011177 0.006437768240343348 0.027932960893854747
