0 0.41299303944315546 0.9918478260869565 0.02320185614849188 0.016304347826086956
0 0.36310904872389793 0.9918478260869565 0.01160092807424594 0.016304347826086956
0 0.30162412993039445 0.9918478260869565 0.037122969837587005 0.016304347826086956
0 0.5197215777262181 0.980072463768116 0.004640371229698376 0.0036231884057971015
0 0.568445475638051 0.9728260869565217 0.004640371229698376 0.0036231884057971015
0 0.3654292343387471 0.9773550724637681 0.2668213457076566 0.04528985507246377
0 0.6403712296983759 0.9755434782608695 0.04640371229698376 0.04891304347826087
0 0.728538283062645 0.8686594202898551 0.004640371229698376 0.0018115942028985507
0 0.7146171693735499 0.8686594202898551 0.004640371229698376 0.0018115942028985507
0 0.5730858468677494 0.8605072463768116 0.004640371229698376 0.0036231884057971015
0 0.7041763341067285 0.8577898550724637 0.0069605568445475635 0.005434782608695652
0 0.6728538283062645 0.8586956521739131 0.03248259860788863 0.007246376811594203
0 0.6589327146171694 0.865036231884058 0.09280742459396751 0.019927536231884056
0 0.9895591647331786 0.8740942028985508 0.02088167053364269 0.05253623188405797
0 0.6740139211136891 0.8487318840579711 0.016241299303944315 0.0018115942028985507
0 0.6276102088167054 0.8496376811594203 0.016241299303944315 0.0036231884057971015
0 0.5904872389791184 0.8487318840579711 0.002320185614849188 0.0018115942028985507
0 0.41415313225058004 0.8306159420289855 0.002320185614849188 0.0018115942028985507
0 0.9930394431554525 0.8297101449275363 0.013921113689095127 0.0036231884057971015
0 0.45707656612529 0.8306159420289855 0.03248259860788863 0.005434782608695652
0 0.9930394431554525 0.8188405797101449 0.013921113689095127 0.0036231884057971015
0 0.4593967517401392 0.8197463768115942 0.03248259860788863 0.005434782608695652
0 0.9930394431554525 0.8070652173913043 0.013921113689095127 0.005434782608695652
0 0.09280742459396751 0.802536231884058 0.03248259860788863 0.007246376811594203
0 0.9176334106728539 0.7961956521739131 0.002320185614849188 0.0018115942028985507
0 0.45359628770301624 0.7961956521739131 0.030162412993039442 0.005434782608695652
0 0.31786542923433875 0.7862318840579711 0.018561484918793503 0.0036231884057971015
0 0.9907192575406032 0.7916666666666666 0.018561484918793503 0.018115942028985508
0 0.41415313225058004 0.7762681159420289 0.0069605568445475635 0.005434782608695652
0 0.4779582366589327 0.7690217391304348 0.004640371229698376 0.005434782608695652
0 0.45243619489559167 0.7717391304347826 0.03248259860788863 0.014492753623188406
0 0.41415313225058004 0.7554347826086957 0.0069605568445475635 0.0036231884057971015
0 0.6577726218097448 0.6865942028985508 0.0069605568445475635 0.007246376811594203
0 0.1345707656612529 0.6829710144927537 0.018561484918793503 0.010869565217391304
0 0.6682134570765661 0.677536231884058 0.037122969837587005 0.028985507246376812
0 0.1716937354988399 0.667572463768116 0.013921113689095127 0.012681159420289856
0 0.1345707656612529 0.6630434782608695 0.018561484918793503 0.021739130434782608
0 0.8839907192575406 0.654891304347826 0.018561484918793503 0.019927536231884056
0 0.16937354988399073 0.6440217391304348 0.004640371229698376 0.005434782608695652
0 0.13109048723897912 0.6458333333333334 0.016241299303944315 0.016304347826086956
0 0.4802784222737819 0.7844202898550725 0.9605568445475638 0.3115942028985507
0 0.6786542923433875 0.6567028985507246 0.058004640371229696 0.06702898550724638
0 0.87122969837587 0.6313405797101449 0.030162412993039442 0.02717391304347826
0 0.931554524361949 0.6920289855072463 0.06264501160092807 0.15217391304347827
0 0.9895591647331786 0.6956521739130435 0.02088167053364269 0.16304347826086957
0 0.4095127610208817 0.6114130434782609 0.002320185614849188 0.0018115942028985507
0 0.5150812064965197 0.6068840579710145 0.03248259860788863 0.007246376811594203
0 0.6821345707656613 0.592391304347826 0.06960556844547564 0.028985507246376812
0 0.6716937354988399 0.5733695652173914 0.01160092807424594 0.009057971014492754
0 0.87122969837587 0.5797101449275363 0.04408352668213457 0.043478260869565216
0 0.9895591647331786 0.45018115942028986 0.02088167053364269 0.29528985507246375
0 0.8097447795823666 0.1585144927536232 0.009280742459396751 0.005434782608695652
0 0.29466357308584684 0.057065217391304345 0.004640371229698376 0.0018115942028985507
0 0.3074245939675174 0.05344202898550725 0.002320185614849188 0.0018115942028985507
0 0.3874709976798144 0.036231884057971016 0.004640371229698376 0.0036231884057971015
0 0.49071925754060325 0.322463768115942 0.9814385150812065 0.605072463768116
0 0.8468677494199536 0.019021739130434784 0.013921113689095127 0.005434782608695652
0 0.8283062645011601 0.018115942028985508 0.009280742459396751 0.0036231884057971015
0 0.8004640371229699 0.017210144927536232 0.009280742459396751 0.0018115942028985507
