0 0.5592216582064298 0.9982547993019197 0.005076142131979695 0.0034904013961605585
0 0.5752961082910322 0.993891797556719 0.00676818950930626 0.005235602094240838
0 0.46446700507614214 0.987783595113438 0.16751269035532995 0.02443280977312391
0 0.6370558375634517 0.9869109947643979 0.032148900169204735 0.02617801047120419
0 0.4890016920473773 0.8298429319371727 0.01353637901861252 0.008726003490401396
0 0.45516074450084604 0.8202443280977313 0.02030456852791878 0.017452006980802792
0 0.4323181049069374 0.7993019197207679 0.032148900169204735 0.020942408376963352
0 0.8062605752961083 0.7888307155322862 0.008460236886632826 0.0034904013961605585
0 0.7597292724196277 0.7862129144851658 0.030456852791878174 0.012216404886561954
0 0.5541455160744501 0.8071553228621291 0.07952622673434856 0.05410122164048865
0 0.9636209813874789 0.8472949389179756 0.0727580372250423 0.14834205933682373
0 0.745346869712352 0.7705061082024433 0.005076142131979695 0.0017452006980802793
0 0.5219966159052454 0.7835951134380453 0.05245346869712352 0.031413612565445025
0 0.48646362098138746 0.7713787085514834 0.011844331641285956 0.006980802792321117
0 0.7859560067681896 0.768760907504363 0.015228426395939087 0.005235602094240838
0 0.8722504230118443 0.7801047120418848 0.1065989847715736 0.034904013961605584
0 0.4170896785109983 0.7556719022687609 0.018612521150592216 0.0034904013961605585
0 0.7241962774957699 0.7530541012216405 0.00338409475465313 0.0017452006980802793
0 0.7791878172588832 0.7521815008726004 0.001692047377326565 0.0034904013961605585
0 0.9526226734348562 0.7495636998254799 0.00676818950930626 0.0017452006980802793
0 0.8087986463620981 0.7513089005235603 0.00338409475465313 0.005235602094240838
0 0.739424703891709 0.7521815008726004 0.02030456852791878 0.006980802792321117
0 0.5338409475465313 0.7539267015706806 0.11336717428087986 0.013961605584642234
0 0.5346869712351946 0.7382198952879581 0.06091370558375635 0.006980802792321117
0 0.8654822335025381 0.7443280977312391 0.08967851099830795 0.02617801047120419
0 0.937394247038917 0.731239092495637 0.00676818950930626 0.0034904013961605585
0 0.5109983079526227 0.725130890052356 0.01692047377326565 0.008726003490401396
0 0.733502538071066 0.7225130890052356 0.032148900169204735 0.006980802792321117
0 0.8003384094754653 0.7207678883071553 0.023688663282571912 0.006980802792321117
0 0.7656514382402707 0.7207678883071553 0.015228426395939087 0.006980802792321117
0 0.5651438240270727 0.7233856893542757 0.06091370558375635 0.012216404886561954
0 0.8637901861252115 0.7181500872600349 0.08629441624365482 0.015706806282722512
0 0.9576988155668359 0.705933682373473 0.00338409475465313 0.0017452006980802793
0 0.0676818950930626 0.7015706806282722 0.00676818950930626 0.0034904013961605585
0 0.7098138747884941 0.7024432809773123 0.08629441624365482 0.008726003490401396
0 0.7859560067681896 0.7015706806282722 0.05922165820642978 0.010471204188481676
0 0.5710659898477157 0.7033158813263525 0.1844331641285956 0.013961605584642234
0 0.9255499153976311 0.7102966841186736 0.02707275803722504 0.031413612565445025
0 0.8553299492385786 0.7015706806282722 0.07614213197969544 0.013961605584642234
0 0.06683587140439932 0.6902268760907504 0.001692047377326565 0.0017452006980802793
0 0.8164128595600677 0.6815008726003491 0.116751269035533 0.015706806282722512
0 0.4500846023688663 0.6719022687609075 0.00676818950930626 0.0034904013961605585
0 0.43824027072758037 0.6614310645724258 0.00676818950930626 0.0034904013961605585
0 0.4467005076142132 0.650087260034904 0.02707275803722504 0.005235602094240838
0 0.06514382402707276 0.6465968586387435 0.015228426395939087 0.005235602094240838
0 0.1412859560067682 0.6413612565445026 0.001692047377326565 0.0017452006980802793
0 0.4357021996615905 0.6404886561954625 0.028764805414551606 0.006980802792321117
0 0.19796954314720813 0.43455497382198954 0.00676818950930626 0.010471204188481676
0 0.1362098138747885 0.424956369982548 0.008460236886632826 0.012216404886561954
0 0.14297800338409475 0.40575916230366493 0.008460236886632826 0.008726003490401396
0 0.11928934010152284 0.3769633507853403 0.032148900169204735 0.020942408376963352
0 0.3460236886632826 0.3586387434554974 0.001692047377326565 0.0017452006980802793
0 0.06683587140439932 0.3542757417102967 0.011844331641285956 0.0034904013961605585
0 0.9238578680203046 0.349912739965096 0.00338409475465313 0.0017452006980802793
0 0.43485617597292725 0.3481675392670157 0.00676818950930626 0.0017452006980802793
0 0.07698815566835872 0.34467713787085513 0.005076142131979695 0.0017452006980802793
0 0.43824027072758037 0.33856893542757416 0.00676818950930626 0.0034904013961605585
0 0.41624365482233505 0.33856893542757416 0.023688663282571912 0.0034904013961605585
0 0.37055837563451777 0.343804537521815 0.10829103214890017 0.013961605584642234
0 0.8900169204737732 0.3394415357766143 0.030456852791878174 0.008726003490401396
0 0.07191201353637902 0.33595113438045376 0.008460236886632826 0.0017452006980802793
0 0.7715736040609137 0.33507853403141363 0.02030456852791878 0.017452006980802792
0 0.9450084602368867 0.3333333333333333 0.05922165820642978 0.017452006980802792
0 0.8333333333333334 0.33420593368237345 0.04230118443316413 0.019197207678883072
0 0.42470389170896783 0.32722513089005234 0.030456852791878174 0.005235602094240838
0 0.3570219966159052 0.32722513089005234 0.0338409475465313 0.005235602094240838
0 0.42385786802030456 0.31849912739965097 0.011844331641285956 0.005235602094240838
0 0.35617597292724196 0.31762652705061084 0.025380710659898477 0.0034904013961605585
0 0.09729272419627749 0.31675392670157065 0.001692047377326565 0.0017452006980802793
0 0.7698815566835872 0.31849912739965097 0.01692047377326565 0.008726003490401396
0 0.7978003384094755 0.3080279232111693 0.005076142131979695 0.0017452006980802793
0 0.4230118443316413 0.3080279232111693 0.00338409475465313 0.0017452006980802793
0 0.44585448392554994 0.30715532286212915 0.018612521150592216 0.0034904013961605585
0 0.37140439932318103 0.30715532286212915 0.005076142131979695 0.0034904013961605585
0 0.35109983079526225 0.30715532286212915 0.018612521150592216 0.0034904013961605585
0 0.09052453468697123 0.306282722513089 0.011844331641285956 0.0017452006980802793
0 0.5380710659898477 0.29930191972076786 0.00338409475465313 0.0017452006980802793
0 0.6049069373942471 0.29930191972076786 0.008460236886632826 0.005235602094240838
0 0.5702199661590525 0.29930191972076786 0.00676818950930626 0.005235602094240838
0 0.5203045685279187 0.29930191972076786 0.011844331641285956 0.005235602094240838
0 0.08714043993231811 0.29668411867364747 0.025380710659898477 0.0034904013961605585
0 0.7715736040609137 0.29930191972076786 0.01692047377326565 0.02617801047120419
0 0.23434856175972926 0.2879581151832461 0.008460236886632826 0.0034904013961605585
0 0.08714043993231811 0.2870855148342059 0.018612521150592216 0.005235602094240838
0 0.616751269035533 0.28272251308900526 0.015228426395939087 0.0034904013961605585
0 0.5609137055837563 0.2870855148342059 0.04230118443316413 0.012216404886561954
0 0.538917089678511 0.28272251308900526 0.005076142131979695 0.0034904013961605585
0 0.5211505922165821 0.2862129144851658 0.01692047377326565 0.010471204188481676
0 0.5067681895093062 0.28272251308900526 0.008460236886632826 0.0034904013961605585
0 0.46446700507614214 0.27486910994764396 0.001692047377326565 0.0017452006980802793
0 0.6015228426395939 0.27399650959860383 0.018612521150592216 0.0034904013961605585
0 0.5423011844331641 0.2757417102966841 0.07952622673434856 0.006980802792321117
0 0.45346869712351945 0.27399650959860383 0.00338409475465313 0.0034904013961605585
0 0.8333333333333334 0.29668411867364747 0.038917089678511 0.05235602094240838
0 0.7783417935702199 0.2774869109947644 0.023688663282571912 0.013961605584642234
0 0.36125211505922167 0.27225130890052357 0.015228426395939087 0.0034904013961605585
0 0.33417935702199664 0.27225130890052357 0.011844331641285956 0.0034904013961605585
0 0.3147208121827411 0.27137870855148344 0.00676818950930626 0.0017452006980802793
0 0.08206429780033841 0.26788830715532286 0.025380710659898477 0.005235602094240838
0 0.8282571912013537 0.26352530541012215 0.011844331641285956 0.0034904013961605585
0 0.5930626057529611 0.262652705061082 0.005076142131979695 0.0017452006980802793
0 0.4517766497461929 0.26352530541012215 0.00338409475465313 0.0034904013961605585
0 0.44247038917089676 0.26352530541012215 0.005076142131979695 0.0034904013961605585
0 0.3637901861252115 0.26352530541012215 0.02030456852791878 0.0034904013961605585
0 0.33248730964467005 0.26352530541012215 0.015228426395939087 0.0034904013961605585
0 0.31387478849407785 0.262652705061082 0.015228426395939087 0.0017452006980802793
0 0.772419627749577 0.2643979057591623 0.015228426395939087 0.008726003490401396
0 0.5397631133671743 0.26352530541012215 0.0676818950930626 0.006980802792321117
0 0.2707275803722504 0.26090750436300175 0.00676818950930626 0.0017452006980802793
0 0.24450084602368866 0.26090750436300175 0.005076142131979695 0.0017452006980802793
0 0.5194585448392555 0.47731239092495636 0.9475465313028765 0.43804537521815007
0 0.6785109983079526 0.2530541012216405 0.00676818950930626 0.0034904013961605585
0 0.5439932318104906 0.25218150087260033 0.04230118443316413 0.005235602094240838
0 0.5160744500846024 0.2513089005235602 0.01015228426395939 0.0034904013961605585
0 0.09560067681895093 0.24956369982547993 0.005076142131979695 0.0034904013961605585
0 0.07868020304568528 0.24956369982547993 0.021996615905245348 0.0034904013961605585
0 0.49238578680203043 0.24171029668411867 0.00676818950930626 0.0017452006980802793
0 0.461082910321489 0.24171029668411867 0.025380710659898477 0.005235602094240838
0 0.35194585448392557 0.24083769633507854 0.01692047377326565 0.0034904013961605585
0 0.3197969543147208 0.24083769633507854 0.03722504230118443 0.0034904013961605585
0 0.28426395939086296 0.2399650959860384 0.01692047377326565 0.0017452006980802793
0 0.25549915397631134 0.2399650959860384 0.00676818950930626 0.0017452006980802793
0 0.08460236886632826 0.2399650959860384 0.00338409475465313 0.0017452006980802793
0 0.7081218274111675 0.24171029668411867 0.23519458544839256 0.012216404886561954
0 0.5456852791878173 0.24083769633507854 0.06937394247038917 0.010471204188481676
0 0.8071065989847716 0.231239092495637 0.02030456852791878 0.005235602094240838
0 0.5482233502538071 0.23036649214659685 0.00338409475465313 0.0034904013961605585
0 0.5186125211505922 0.23036649214659685 0.005076142131979695 0.0034904013961605585
0 0.44247038917089676 0.2198952879581152 0.011844331641285956 0.0034904013961605585
0 0.18527918781725888 0.2181500872600349 0.005076142131979695 0.0034904013961605585
0 0.17258883248730963 0.2181500872600349 0.01353637901861252 0.0034904013961605585
0 0.12521150592216582 0.21727748691099477 0.01353637901861252 0.005235602094240838
0 0.08967851099830795 0.2181500872600349 0.04060913705583756 0.006980802792321117
0 0.4289340101522843 0.13699825479930192 0.8443316412859561 0.19022687609075042
0 0.9923857868020305 0.11605584642233857 0.015228426395939087 0.16230366492146597
0 0.5820642978003384 0.02443280977312391 0.01353637901861252 0.013961605584642234
0 0.61082910321489 0.009598603839441536 0.00338409475465313 0.005235602094240838
0 0.5744500846023689 0.006980802792321117 0.001692047377326565 0.0034904013961605585
0 0.6040609137055838 0.0017452006980802793 0.00676818950930626 0.0034904013961605585
0 0.5016920473773265 0.011343804537521814 0.008460236886632826 0.02268760907504363
0 0.467005076142132 0.011343804537521814 0.030456852791878174 0.02268760907504363
0 0.434010152284264 0.011343804537521814 0.005076142131979695 0.02268760907504363
