0 0.458628841607565 0.9935304990757856 0.028368794326241134 0.012939001848428836
0 0.4101654846335697 0.9935304990757856 0.01182033096926714 0.012939001848428836
0 0.3463356973995272 0.9935304990757856 0.04018912529550828 0.012939001848428836
0 0.5697399527186762 0.9861367837338263 0.009456264775413711 0.009242144177449169
0 0.6170212765957447 0.9796672828096118 0.009456264775413711 0.0073937153419593345
0 0.41134751773049644 0.9796672828096118 0.27423167848699764 0.04066543438077634
0 0.6903073286052009 0.977818853974122 0.05200945626477541 0.04436229205175601
0 0.8900709219858156 0.8585951940850277 0.016548463356973995 0.005545286506469501
0 0.8652482269503546 0.8585951940850277 0.028368794326241134 0.005545286506469501
0 0.7612293144208038 0.8410351201478743 0.004728132387706856 0.0036968576709796672
0 0.7470449172576832 0.8410351201478743 0.009456264775413711 0.0036968576709796672
0 0.7269503546099291 0.8401109057301294 0.01182033096926714 0.005545286506469501
0 0.5886524822695035 0.8382624768946395 0.004728132387706856 0.0018484288354898336
0 0.6028368794326241 0.8373382624768947 0.014184397163120567 0.0036968576709796672
0 0.7458628841607565 0.755083179297597 0.002364066193853428 0.0018484288354898336
0 0.7364066193853428 0.66728280961183 0.06855791962174941 0.08872458410351201
0 0.7387706855791962 0.6035120147874307 0.06855791962174941 0.03512014787430684
0 0.4657210401891253 0.511090573012939 0.014184397163120567 0.0166358595194085
0 0.4314420803782506 0.5046210720887245 0.02127659574468085 0.011090573012939002
0 0.48108747044917255 0.4879852125693161 0.0070921985815602835 0.011090573012939002
0 0.5271867612293144 0.4288354898336414 0.004728132387706856 0.0036968576709796672
0 0.47635933806146574 0.45286506469500926 0.08747044917257683 0.08133086876155268
0 0.5177304964539007 0.4048059149722736 0.028368794326241134 0.011090573012939002
0 0.5319148936170213 0.3835489833641405 0.018912529550827423 0.0166358595194085
0 0.5626477541371159 0.422365988909427 0.09456264775413711 0.09796672828096119
0 0.5709219858156028 0.36968576709796674 0.01182033096926714 0.0036968576709796672
0 0.5460992907801419 0.3659889094269871 0.02364066193853428 0.011090573012939002
0 0.557919621749409 0.34011090573012936 0.028368794326241134 0.014787430683918669
0 0.607565011820331 0.3465804066543438 0.061465721040189124 0.04251386321626617
0 0.5602836879432624 0.3188539741219963 0.009456264775413711 0.005545286506469501
0 0.5 0.4944547134935305 1.0 0.9075785582255084
0 0.05319148936170213 0.005545286506469501 0.10638297872340426 0.011090573012939002
