0 0.6915887850467289 0.9914965986394558 0.18691588785046728 0.017006802721088437
0 0.35046728971962615 0.9914965986394558 0.0529595015576324 0.017006802721088437
0 0.9112149532710281 0.9880952380952381 0.17757009345794392 0.023809523809523808
0 0.05451713395638629 0.9727891156462585 0.10903426791277258 0.05442176870748299
0 0.5218068535825545 0.9336734693877551 0.09034267912772585 0.05782312925170068
0 0.6074766355140186 0.9370748299319728 0.07476635514018691 0.08503401360544217
0 0.5186915887850467 0.8979591836734694 0.009345794392523364 0.006802721088435374
0 0.338006230529595 0.9081632653061225 0.308411214953271 0.10884353741496598
0 0.1838006230529595 0.7414965986394558 0.012461059190031152 0.006802721088435374
0 0.024922118380062305 0.6819727891156463 0.037383177570093455 0.01020408163265306
0 0.02336448598130841 0.6547619047619048 0.01557632398753894 0.01020408163265306
0 0.010903426791277258 0.6275510204081632 0.021806853582554516 0.01020408163265306
0 0.2118380062305296 0.6105442176870748 0.037383177570093455 0.030612244897959183
0 0.2102803738317757 0.5850340136054422 0.009345794392523364 0.006802721088435374
0 0.09501557632398754 0.5170068027210885 0.009345794392523364 0.013605442176870748
0 0.03426791277258567 0.5085034013605442 0.006230529595015576 0.01020408163265306
0 0.004672897196261682 0.5017006802721088 0.009345794392523364 0.017006802721088437
0 0.0264797507788162 0.4897959183673469 0.009345794392523364 0.006802721088435374
0 0.9937694704049844 0.5340136054421769 0.012461059190031152 0.11564625850340136
0 0.010903426791277258 0.46938775510204084 0.021806853582554516 0.02040816326530612
0 0.822429906542056 0.43197278911564624 0.006230529595015576 0.006802721088435374
0 0.1806853582554517 0.4302721088435374 0.006230529595015576 0.017006802721088437
0 0.67601246105919 0.39285714285714285 0.006230529595015576 0.003401360544217687
0 0.017133956386292833 0.38605442176870747 0.03426791277258567 0.07142857142857142
0 0.8940809968847352 0.3486394557823129 0.012461059190031152 0.01020408163265306
0 0.9626168224299065 0.3231292517006803 0.012461059190031152 0.006802721088435374
0 0.5 0.5969387755102041 1.0 0.5816326530612245
0 0.48286604361370716 0.30272108843537415 0.006230529595015576 0.006802721088435374
0 0.08722741433021806 0.3299319727891156 0.07476635514018691 0.08163265306122448
0 0.7663551401869159 0.29081632653061223 0.037383177570093455 0.01020408163265306
0 0.9579439252336449 0.2925170068027211 0.040498442367601244 0.027210884353741496
0 0.721183800623053 0.27380952380952384 0.03426791277258567 0.017006802721088437
0 0.5327102803738317 0.29081632653061223 0.09345794392523364 0.05102040816326531
0 0.1853582554517134 0.2602040816326531 0.009345794392523364 0.01020408163265306
0 0.11526479750778816 0.2568027210884354 0.006230529595015576 0.003401360544217687
0 0.7398753894080997 0.25510204081632654 0.009345794392523364 0.006802721088435374
0 0.721183800623053 0.2534013605442177 0.009345794392523364 0.003401360544217687
0 0.2102803738317757 0.2465986394557823 0.01557632398753894 0.003401360544217687
0 0.6417445482866043 0.24829931972789115 0.04984423676012461 0.013605442176870748
0 0.16199376947040497 0.24319727891156462 0.012461059190031152 0.003401360544217687
0 0.13395638629283488 0.24319727891156462 0.006230529595015576 0.003401360544217687
0 0.1838006230529595 0.24489795918367346 0.018691588785046728 0.013605442176870748
0 0.7398753894080997 0.23809523809523808 0.01557632398753894 0.006802721088435374
0 0.11059190031152648 0.24149659863945577 0.021806853582554516 0.013605442176870748
0 0.719626168224299 0.23639455782312926 0.018691588785046728 0.01020408163265306
0 0.5934579439252337 0.23299319727891157 0.01557632398753894 0.003401360544217687
0 0.06230529595015576 0.23639455782312926 0.056074766355140186 0.01020408163265306
0 0.014018691588785047 0.23469387755102042 0.009345794392523364 0.006802721088435374
0 0.661993769470405 0.23469387755102042 0.09034267912772585 0.013605442176870748
0 0.8878504672897196 0.22448979591836735 0.012461059190031152 0.006802721088435374
0 0.4454828660436137 0.22448979591836735 0.012461059190031152 0.006802721088435374
0 0.7866043613707165 0.2193877551020408 0.009345794392523364 0.003401360544217687
0 0.4657320872274143 0.22448979591836735 0.01557632398753894 0.013605442176870748
0 0.056074766355140186 0.2193877551020408 0.012461059190031152 0.003401360544217687
0 0.235202492211838 0.20918367346938777 0.009345794392523364 0.01020408163265306
0 0.235202492211838 0.1921768707482993 0.003115264797507788 0.003401360544217687
0 0.9968847352024922 0.16156462585034015 0.006230529595015576 0.017006802721088437
0 0.4968847352024922 0.17006802721088435 0.9937694704049844 0.32653061224489793
