0 0.5694444444444444 0.3882113821138211 0.005555555555555556 0.0040650406504065045
0 0.002777777777777778 0.33739837398373984 0.005555555555555556 0.032520325203252036
0 0.5125 0.5264227642276422 0.975 0.7926829268292683
0 0.006944444444444444 0.21951219512195122 0.013888888888888888 0.17886178861788618
0 0.6958333333333333 0.05894308943089431 0.025 0.036585365853658534
0 0.4777777777777778 0.04065040650406504 0.011111111111111112 0.04878048780487805
0 0.5486111111111112 0.022357723577235773 0.013888888888888888 0.028455284552845527
0 0.8 0.04878048780487805 0.011111111111111112 0.0975609756097561
0 0.5847222222222223 0.056910569105691054 0.09722222222222222 0.11382113821138211
0 0.44027777777777777 0.056910569105691054 0.1527777777777778 0.11382113821138211
