0 0.555316091954023 0.9864077669902913 0.0014367816091954023 0.003883495145631068
0 0.367816091954023 0.9922330097087378 0.017241379310344827 0.015533980582524271
0 0.4410919540229885 0.9912621359223301 0.017241379310344827 0.017475728155339806
0 0.40373563218390807 0.9912621359223301 0.02586206896551724 0.017475728155339806
0 0.5093390804597702 0.9864077669902913 0.007183908045977011 0.015533980582524271
0 0.5237068965517241 0.9757281553398058 0.010057471264367816 0.005825242718446602
0 0.5718390804597702 0.9786407766990292 0.0028735632183908046 0.04271844660194175
0 0.4109195402298851 0.9786407766990292 0.16666666666666666 0.04271844660194175
0 0.5948275862068966 0.9776699029126213 0.008620689655172414 0.04466019417475728
0 0.944683908045977 0.6728155339805825 0.033045977011494254 0.009708737864077669
0 0.9324712643678161 0.6640776699029126 0.0028735632183908046 0.003883495145631068
0 0.9375 0.6504854368932039 0.01293103448275862 0.003883495145631068
0 0.9360632183908046 0.6388349514563106 0.010057471264367816 0.003883495145631068
0 0.3879310344827586 0.024271844660194174 0.04310344827586207 0.009708737864077669
0 0.5 0.46990291262135925 1.0 0.916504854368932
0 0.46551724137931033 0.019417475728155338 0.10344827586206896 0.015533980582524271
0 0.5718390804597702 0.000970873786407767 0.005747126436781609 0.001941747572815534
0 0.5431034482758621 0.006796116504854369 0.014367816091954023 0.013592233009708738
0 0.46695402298850575 0.001941747572815534 0.005747126436781609 0.003883495145631068
0 0.4224137931034483 0.002912621359223301 0.005747126436781609 0.005825242718446602
0 0.40229885057471265 0.002912621359223301 0.005747126436781609 0.005825242718446602
