0 0.5906821963394343 0.9982817869415808 0.0033277870216306157 0.003436426116838488
0 0.4858569051580699 0.9982817869415808 0.019966722129783693 0.003436426116838488
0 0.4550748752079867 0.9982817869415808 0.004991680532445923 0.003436426116838488
0 0.6089850249584027 0.9965635738831615 0.0066555740432612314 0.006872852233676976
0 0.9950083194675541 0.7603092783505154 0.0033277870216306157 0.001718213058419244
0 0.9966722129783694 0.743127147766323 0.0066555740432612314 0.005154639175257732
0 0.048252911813643926 0.7310996563573883 0.0033277870216306157 0.001718213058419244
0 0.4700499168053245 0.6915807560137457 0.09151414309484193 0.02577319587628866
0 0.9933444259567388 0.6640893470790378 0.0033277870216306157 0.001718213058419244
0 0.45008319467554075 0.6503436426116839 0.008319467554076539 0.018900343642611683
0 0.4733777038269551 0.6503436426116839 0.03161397670549085 0.02577319587628866
0 0.521630615640599 0.5695876288659794 0.0016638935108153079 0.001718213058419244
0 0.5241264559068219 0.5609965635738832 0.0033277870216306157 0.00859106529209622
0 0.997504159733777 0.37285223367697595 0.004991680532445923 0.003436426116838488
0 0.9966722129783694 0.3548109965635739 0.0066555740432612314 0.005154639175257732
0 0.054076539101497505 0.3479381443298969 0.0016638935108153079 0.001718213058419244
0 0.9983361064891847 0.3436426116838488 0.0033277870216306157 0.003436426116838488
0 0.9958402662229617 0.33591065292096217 0.008319467554076539 0.005154639175257732
0 0.05490848585690516 0.327319587628866 0.0033277870216306157 0.001718213058419244
0 0.9792013311148087 0.3238831615120275 0.004991680532445923 0.001718213058419244
0 0.9958402662229617 0.31958762886597936 0.008319467554076539 0.013745704467353952
0 0.9983361064891847 0.30670103092783507 0.0033277870216306157 0.001718213058419244
0 0.054076539101497505 0.3118556701030928 0.008319467554076539 0.012027491408934709
0 0.9958402662229617 0.2963917525773196 0.008319467554076539 0.005154639175257732
0 0.9966722129783694 0.2860824742268041 0.0066555740432612314 0.005154639175257732
0 0.9983361064891847 0.2766323024054983 0.0033277870216306157 0.003436426116838488
0 0.4650582362728785 0.08848797250859107 0.0016638935108153079 0.005154639175257732
0 0.5 0.49828178694158076 1.0 0.9072164948453608
0 0.5815307820299501 0.02577319587628866 0.008319467554076539 0.003436426116838488
0 0.6014975041597338 0.023195876288659795 0.008319467554076539 0.00859106529209622
0 0.6505823627287853 0.018900343642611683 0.013311148086522463 0.037800687285223365
0 0.6314475873544093 0.018900343642611683 0.008319467554076539 0.037800687285223365
0 0.6056572379367721 0.006013745704467354 0.009983361064891847 0.012027491408934709
0 0.569883527454243 0.006013745704467354 0.014975041597337771 0.012027491408934709
0 0.49750415973377704 0.009450171821305841 0.0066555740432612314 0.018900343642611683
0 0.46089850249584025 0.010309278350515464 0.026622296173044926 0.020618556701030927
0 0.4292845257903494 0.009450171821305841 0.0066555740432612314 0.018900343642611683
0 0.46755407653910147 0.018900343642611683 0.16971713810316139 0.037800687285223365
