0 0.7420091324200914 0.998220640569395 0.0091324200913242 0.0035587188612099642
0 0.5856164383561644 0.994661921708185 0.02054794520547945 0.010676156583629894
0 0.5376712328767124 0.994661921708185 0.01141552511415525 0.010676156583629894
0 0.4817351598173516 0.994661921708185 0.0182648401826484 0.010676156583629894
0 0.6940639269406392 0.9928825622775801 0.0182648401826484 0.014234875444839857
0 0.7248858447488584 0.9884341637010676 0.01598173515981735 0.008896797153024912
0 0.6221461187214612 0.9830960854092526 0.4269406392694064 0.033807829181494664
0 0.04337899543378995 0.8879003558718861 0.0867579908675799 0.12455516014234876
0 0.273972602739726 0.8211743772241993 0.0091324200913242 0.0017793594306049821
0 0.0821917808219178 0.8158362989323843 0.0045662100456621 0.0017793594306049821
0 0.3584474885844749 0.8140569395017794 0.0045662100456621 0.0017793594306049821
0 0.2100456621004566 0.8140569395017794 0.0091324200913242 0.0017793594306049821
0 0.2899543378995434 0.806049822064057 0.0091324200913242 0.0035587188612099642
0 0.1495433789954338 0.806049822064057 0.02054794520547945 0.0035587188612099642
0 0.07990867579908675 0.8069395017793595 0.0228310502283105 0.005338078291814947
0 0.11757990867579908 0.806049822064057 0.03881278538812785 0.0071174377224199285
0 0.9817351598173516 0.6859430604982206 0.0045662100456621 0.0017793594306049821
0 0.9817351598173516 0.6761565836298933 0.0091324200913242 0.0035587188612099642
0 0.9794520547945206 0.655693950177936 0.0091324200913242 0.005338078291814947
0 0.7340182648401826 0.45640569395017794 0.00684931506849315 0.008896797153024912
0 0.2568493150684932 0.2695729537366548 0.00228310502283105 0.0017793594306049821
0 0.22602739726027396 0.20106761565836298 0.0045662100456621 0.0035587188612099642
0 0.6484018264840182 0.10320284697508897 0.0319634703196347 0.010676156583629894
0 0.23858447488584475 0.006227758007117438 0.00684931506849315 0.005338078291814947
0 0.5 0.47419928825622776 1.0 0.9483985765124555
0 0.13013698630136986 0.010676156583629894 0.1917808219178082 0.021352313167259787
0 0.01598173515981735 0.0008896797153024911 0.0182648401826484 0.0017793594306049821
