0 0.6945080091533181 0.9973214285714286 0.006864988558352402 0.005357142857142857
0 0.7299771167048055 0.9964285714285714 0.018306636155606407 0.007142857142857143
0 0.6281464530892449 0.9875 0.41876430205949655 0.025
0 0.9977116704805492 0.9008928571428572 0.004576659038901602 0.0017857142857142857
0 0.9668192219679634 0.8607142857142858 0.016018306636155607 0.017857142857142856
0 0.9668192219679634 0.8401785714285714 0.016018306636155607 0.01607142857142857
0 0.9839816933638444 0.8232142857142857 0.004576659038901602 0.0035714285714285713
0 0.9668192219679634 0.8232142857142857 0.020594965675057208 0.007142857142857143
0 0.971395881006865 0.8133928571428571 0.029748283752860413 0.008928571428571428
0 0.982837528604119 0.8026785714285715 0.002288329519450801 0.0017857142857142857
0 0.9908466819221968 0.725 0.018306636155606407 0.007142857142857143
0 0.9851258581235698 0.25 0.029748283752860413 0.06785714285714285
0 0.9908466819221968 0.11875 0.018306636155606407 0.026785714285714284
0 0.9782608695652174 0.022321428571428572 0.043478260869565216 0.044642857142857144
0 0.5 0.4785714285714286 1.0 0.9571428571428572
