0 0.08953722334004025 0.9966101694915255 0.13883299798792756 0.006779661016949152
0 0.4869215291750503 0.9915254237288136 0.02012072434607646 0.01694915254237288
0 0.47183098591549294 0.9694915254237289 0.002012072434607646 0.006779661016949152
0 0.4919517102615694 0.9491525423728814 0.01006036217303823 0.020338983050847456
0 0.448692152917505 0.9627118644067797 0.03219315895372234 0.06779661016949153
0 0.386317907444668 0.940677966101695 0.3380281690140845 0.11864406779661017
0 0.9164989939637826 0.16779661016949152 0.002012072434607646 0.003389830508474576
0 0.9778672032193159 0.44745762711864406 0.04426559356136821 0.8338983050847457
0 0.47484909456740443 0.4406779661016949 0.9496981891348089 0.8813559322033898
0 0.3782696177062374 0.011864406779661017 0.012072434607645875 0.023728813559322035
0 0.35311871227364183 0.011864406779661017 0.014084507042253521 0.023728813559322035
0 0.32595573440643866 0.011864406779661017 0.012072434607645875 0.023728813559322035
0 0.29979879275653926 0.010169491525423728 0.012072434607645875 0.020338983050847456
