0 0.4006024096385542 0.9091981132075472 0.024096385542168676 0.01650943396226415
0 0.4307228915662651 0.8974056603773585 0.024096385542168676 0.007075471698113208
0 0.19427710843373494 0.8903301886792453 0.02710843373493976 0.007075471698113208
0 0.4322289156626506 0.8856132075471698 0.009036144578313253 0.0023584905660377358
0 0.3057228915662651 0.9209905660377359 0.009036144578313253 0.09198113207547169
0 0.3057228915662651 0.8667452830188679 0.0030120481927710845 0.0023584905660377358
0 0.3057228915662651 0.8537735849056604 0.009036144578313253 0.009433962264150943
0 0.3072289156626506 0.8431603773584906 0.006024096385542169 0.007075471698113208
0 0.5406626506024096 0.847877358490566 0.0572289156626506 0.02122641509433962
0 0.2575301204819277 0.8490566037735849 0.05120481927710843 0.03773584905660377
0 0.3463855421686747 0.8195754716981132 0.030120481927710843 0.007075471698113208
0 0.3960843373493976 0.8160377358490566 0.015060240963855422 0.0047169811320754715
0 0.4352409638554217 0.8148584905660378 0.015060240963855422 0.007075471698113208
0 0.42771084337349397 0.7841981132075472 0.25301204819277107 0.0589622641509434
0 0.07530120481927711 0.7488207547169812 0.024096385542168676 0.0023584905660377358
0 0.3057228915662651 0.7099056603773585 0.0030120481927710845 0.0047169811320754715
0 0.7515060240963856 0.7122641509433962 0.0391566265060241 0.02358490566037736
0 0.7891566265060241 0.6698113207547169 0.012048192771084338 0.014150943396226415
0 0.8509036144578314 0.6356132075471698 0.045180722891566265 0.02122641509433962
0 0.7891566265060241 0.6273584905660378 0.018072289156626505 0.009433962264150943
0 0.7650602409638554 0.6061320754716981 0.012048192771084338 0.009433962264150943
0 0.125 0.6002358490566038 0.02108433734939759 0.0023584905660377358
0 0.30873493975903615 0.6002358490566038 0.015060240963855422 0.01179245283018868
0 0.7846385542168675 0.5849056603773585 0.009036144578313253 0.009433962264150943
0 0.5195783132530121 0.7889150943396226 0.9608433734939759 0.4221698113207547
0 0.10993975903614457 0.5754716981132075 0.0572289156626506 0.0047169811320754715
0 0.14006024096385541 0.7830188679245284 0.28012048192771083 0.4339622641509434
0 0.3704819277108434 0.5247641509433962 0.13253012048192772 0.07783018867924528
0 0.5 0.3242924528301887 1.0 0.49292452830188677
0 0.6280120481927711 0.05188679245283019 0.03313253012048193 0.02358490566037736
0 0.3358433734939759 0.05188679245283019 0.045180722891566265 0.0330188679245283
0 0.39759036144578314 0.04834905660377359 0.060240963855421686 0.03537735849056604
0 0.45180722891566266 0.045990566037735846 0.030120481927710843 0.03537735849056604
0 0.6144578313253012 0.027122641509433963 0.012048192771084338 0.007075471698113208
0 0.5798192771084337 0.04009433962264151 0.05120481927710843 0.04716981132075472
0 0.5948795180722891 0.01650943396226415 0.009036144578313253 0.0047169811320754715
0 0.6310240963855421 0.015330188679245283 0.0030120481927710845 0.007075471698113208
0 0.26957831325301207 0.0023584905660377358 0.045180722891566265 0.0047169811320754715
