0 0.7429435483870968 0.16610169491525423 0.018145161290322582 0.006779661016949152
0 0.6028225806451613 0.13050847457627118 0.020161290322580645 0.003389830508474576
0 0.5 0.5271186440677966 1.0 0.864406779661017
0 0.5534274193548387 0.08644067796610169 0.006048387096774193 0.010169491525423728
0 0.5786290322580645 0.08305084745762711 0.016129032258064516 0.01694915254237288
0 0.6118951612903226 0.0847457627118644 0.0020161290322580645 0.02711864406779661
0 0.5756048387096774 0.04915254237288136 0.006048387096774193 0.01694915254237288
0 0.4526209677419355 0.03898305084745763 0.018145161290322582 0.06440677966101695
0 0.5453629032258065 0.04406779661016949 0.034274193548387094 0.08135593220338982
0 0.6360887096774194 0.05593220338983051 0.018145161290322582 0.11186440677966102
0 0.5544354838709677 0.003389830508474576 0.008064516129032258 0.006779661016949152
0 0.40826612903225806 0.03559322033898305 0.034274193548387094 0.0711864406779661
0 0.36693548387096775 0.03389830508474576 0.028225806451612902 0.06779661016949153
0 0.41330645161290325 0.05254237288135593 0.2056451612903226 0.10508474576271186
