0 0.43006993006993005 0.99296875 0.16643356643356644 0.0140625
0 0.5993006993006993 0.9921875 0.032167832167832165 0.015625
0 0.2748251748251748 0.93828125 0.026573426573426574 0.0140625
0 0.2699300699300699 0.92421875 0.013986013986013986 0.0046875
0 0.2762237762237762 0.90390625 0.0013986013986013986 0.0015625
0 0.2692307692307692 0.90546875 0.006993006993006993 0.0046875
0 0.26433566433566436 0.89296875 0.002797202797202797 0.0015625
0 0.2839160839160839 0.87265625 0.002797202797202797 0.0015625
0 0.26503496503496504 0.87265625 0.004195804195804196 0.0046875
0 0.2937062937062937 0.84296875 0.002797202797202797 0.0015625
0 0.279020979020979 0.84296875 0.006993006993006993 0.0046875
0 0.26783216783216784 0.84296875 0.006993006993006993 0.0046875
0 0.28321678321678323 0.83359375 0.006993006993006993 0.0046875
0 0.2664335664335664 0.83359375 0.004195804195804196 0.0046875
0 0.2699300699300699 0.825 0.002797202797202797 0.003125
0 0.993006993006993 0.77734375 0.005594405594405594 0.0046875
0 0.272027972027972 0.78359375 0.03496503496503497 0.0296875
0 0.16713286713286712 0.765625 0.006993006993006993 0.009375
0 0.21958041958041957 0.74921875 0.002797202797202797 0.0046875
0 0.27692307692307694 0.74765625 0.025174825174825177 0.0296875
0 0.0048951048951048955 0.7640625 0.009790209790209791 0.08125
0 0.2692307692307692 0.72265625 0.006993006993006993 0.0078125
0 0.2867132867132867 0.72109375 0.008391608391608392 0.0078125
0 0.2776223776223776 0.71484375 0.004195804195804196 0.0015625
0 0.2867132867132867 0.7125 0.005594405594405594 0.00625
0 0.36433566433566433 0.69921875 0.0013986013986013986 0.0015625
0 0.279020979020979 0.69140625 0.015384615384615385 0.0078125
0 0.6195804195804195 0.68359375 0.011188811188811189 0.0046875
0 0.2839160839160839 0.6828125 0.027972027972027972 0.00625
0 0.6153846153846154 0.67421875 0.002797202797202797 0.0015625
0 0.6251748251748251 0.665625 0.027972027972027972 0.003125
0 0.6657342657342658 0.66328125 0.008391608391608392 0.0046875
0 0.2748251748251748 0.66328125 0.009790209790209791 0.0046875
0 0.5972027972027972 0.65625 0.005594405594405594 0.003125
0 0.27972027972027974 0.65625 0.002797202797202797 0.00625
0 0.27062937062937065 0.64609375 0.0013986013986013986 0.0015625
0 0.06503496503496503 0.6484375 0.004195804195804196 0.00625
0 0.2846153846153846 0.6453125 0.009790209790209791 0.00625
0 0.08181818181818182 0.6421875 0.004195804195804196 0.003125
0 0.6258741258741258 0.634375 0.006993006993006993 0.003125
0 0.04125874125874126 0.61875 0.08251748251748252 0.028125
0 0.213986013986014 0.60625 0.03076923076923077 0.0125
0 0.17552447552447553 0.625 0.15804195804195803 0.06875
0 0.0951048951048951 0.5890625 0.005594405594405594 0.00625
0 0.2853146853146853 0.5828125 0.033566433566433566 0.03125
0 0.9573426573426573 0.56328125 0.0013986013986013986 0.0015625
0 0.2867132867132867 0.5265625 0.03636363636363636 0.034375
0 0.2867132867132867 0.48515625 0.03636363636363636 0.0359375
0 0.2881118881118881 0.44921875 0.03636363636363636 0.0296875
0 0.04265734265734266 0.4953125 0.08531468531468532 0.196875
0 0.022377622377622378 0.378125 0.008391608391608392 0.00625
0 0.3090909090909091 0.365625 0.011188811188811189 0.00625
0 0.25594405594405595 0.33828125 0.013986013986013986 0.0109375
0 0.17342657342657342 0.303125 0.039160839160839164 0.021875
0 0.2517482517482518 0.28515625 0.039160839160839164 0.0140625
0 0.14825174825174825 0.0875 0.008391608391608392 0.003125
0 0.193006993006993 0.0765625 0.008391608391608392 0.003125
0 0.011188811188811189 0.0828125 0.022377622377622378 0.03125
0 0.5 0.5140625 1.0 0.9125
