0 0.5667351129363449 0.9992088607594937 0.004106776180698152 0.0015822784810126582
0 0.5862422997946611 0.9968354430379747 0.01026694045174538 0.006329113924050633
0 0.4517453798767967 0.990506329113924 0.1971252566735113 0.0189873417721519
0 0.6570841889117043 0.9889240506329114 0.03696098562628337 0.022151898734177215
0 0.6991786447638604 0.9564873417721519 0.002053388090349076 0.0015822784810126582
0 0.11293634496919917 0.9525316455696202 0.008213552361396304 0.00949367088607595
0 0.364476386036961 0.9034810126582279 0.022587268993839837 0.028481012658227847
0 0.3008213552361396 0.9050632911392406 0.04722792607802875 0.03481012658227848
0 0.17145790554414783 0.9066455696202531 0.0513347022587269 0.04430379746835443
0 0.0646817248459959 0.9185126582278481 0.1293634496919918 0.07753164556962025
0 0.3028747433264887 0.879746835443038 0.04722792607802875 0.0031645569620253164
0 0.10472279260780287 0.8765822784810127 0.04106776180698152 0.006329113924050633
0 0.03490759753593429 0.8742088607594937 0.06981519507186858 0.007911392405063292
0 0.29671457905544146 0.8615506329113924 0.07186858316221766 0.004746835443037975
0 0.5934291581108829 0.8568037974683544 0.012320328542094456 0.004746835443037975
0 0.07084188911704312 0.8568037974683544 0.14168377823408623 0.011075949367088608
0 0.2731006160164271 0.8520569620253164 0.045174537987679675 0.004746835443037975
0 0.1406570841889117 0.8488924050632911 0.026694045174537988 0.004746835443037975
0 0.044147843942505136 0.8473101265822784 0.03490759753593429 0.004746835443037975
0 0.2926078028747433 0.8433544303797469 0.10061601642710473 0.006329113924050633
0 0.07494866529774127 0.8386075949367089 0.14989733059548255 0.00949367088607595
0 0.2433264887063655 0.8338607594936709 0.018480492813141684 0.0031645569620253164
0 0.5595482546201233 0.8291139240506329 0.01026694045174538 0.0031645569620253164
0 0.32854209445585214 0.8251582278481012 0.045174537987679675 0.004746835443037975
0 0.28952772073921973 0.8243670886075949 0.008213552361396304 0.0031645569620253164
0 0.2268993839835729 0.8227848101265823 0.014373716632443531 0.0031645569620253164
0 0.5564681724845996 0.821993670886076 0.01642710472279261 0.004746835443037975
0 0.08521560574948665 0.8251582278481012 0.1704312114989733 0.01740506329113924
0 0.5523613963039015 0.8125 0.008213552361396304 0.0015822784810126582
0 0.28850102669404515 0.8085443037974683 0.014373716632443531 0.0031645569620253164
0 0.23203285420944558 0.807753164556962 0.004106776180698152 0.0015822784810126582
0 0.2679671457905544 0.807753164556962 0.01026694045174538 0.004746835443037975
0 0.09548254620123203 0.8061708860759493 0.19096509240246407 0.011075949367088608
0 0.553388090349076 0.7958860759493671 0.0513347022587269 0.006329113924050633
0 0.35728952772073924 0.7935126582278481 0.012320328542094456 0.0015822784810126582
0 0.26899383983572894 0.7919303797468354 0.061601642710472276 0.007911392405063292
0 0.10061601642710473 0.7903481012658228 0.20123203285420946 0.014240506329113924
0 0.41683778234086244 0.7776898734177216 0.004106776180698152 0.0015822784810126582
0 0.2782340862422998 0.7761075949367089 0.0513347022587269 0.004746835443037975
0 0.10677618069815195 0.7745253164556962 0.2135523613963039 0.011075949367088608
0 0.2813141683778234 0.7618670886075949 0.03285420944558522 0.004746835443037975
0 0.10882956878850103 0.759493670886076 0.21765913757700206 0.00949367088607595
0 0.9876796714579056 0.7318037974683544 0.024640657084188913 0.0490506329113924
0 0.3408624229979466 0.6843354430379747 0.1437371663244353 0.1439873417721519
0 0.6211498973305954 0.6068037974683544 0.006160164271047228 0.0015822784810126582
0 0.40451745379876797 0.5981012658227848 0.02053388090349076 0.0031645569620253164
0 0.9876796714579056 0.5878164556962026 0.004106776180698152 0.0015822784810126582
0 0.1971252566735113 0.5886075949367089 0.008213552361396304 0.0031645569620253164
0 0.1868583162217659 0.5878164556962026 0.008213552361396304 0.0015822784810126582
0 0.17761806981519507 0.5886075949367089 0.006160164271047228 0.0031645569620253164
0 0.021560574948665298 0.5878164556962026 0.03490759753593429 0.004746835443037975
0 0.19404517453798767 0.5712025316455697 0.01026694045174538 0.0031645569620253164
0 0.1601642710472279 0.5712025316455697 0.012320328542094456 0.0031645569620253164
0 0.1806981519507187 0.6613924050632911 0.3613963039014374 0.18670886075949367
0 0.026694045174537988 0.569620253164557 0.01642710472279261 0.0031645569620253164
0 0.011293634496919919 0.569620253164557 0.006160164271047228 0.0031645569620253164
0 0.4383983572895277 0.5625 0.002053388090349076 0.0015822784810126582
0 0.4404517453798768 0.5537974683544303 0.026694045174537988 0.006329113924050633
0 0.14887063655030802 0.553006329113924 0.018480492813141684 0.004746835443037975
0 0.02053388090349076 0.5522151898734177 0.008213552361396304 0.0031645569620253164
0 0.4404517453798768 0.5450949367088608 0.014373716632443531 0.004746835443037975
0 0.446611909650924 0.5371835443037974 0.014373716632443531 0.004746835443037975
0 0.17248459958932238 0.5356012658227848 0.03285420944558522 0.004746835443037975
0 0.07700205338809035 0.5348101265822784 0.14168377823408623 0.006329113924050633
0 0.45071868583162217 0.5276898734177216 0.002053388090349076 0.0015822784810126582
0 0.09958932238193019 0.5166139240506329 0.006160164271047228 0.0015822784810126582
0 0.08008213552361396 0.5166139240506329 0.004106776180698152 0.0015822784810126582
0 0.06673511293634497 0.5166139240506329 0.006160164271047228 0.0015822784810126582
0 0.011293634496919919 0.5079113924050633 0.018480492813141684 0.0031645569620253164
0 0.3593429158110883 0.502373417721519 0.004106776180698152 0.0015822784810126582
0 0.3798767967145791 0.5015822784810127 0.03285420944558522 0.0031645569620253164
0 0.20431211498973306 0.5332278481012658 0.4086242299794661 0.06645569620253164
0 0.33059548254620125 0.4944620253164557 0.008213552361396304 0.0015822784810126582
0 0.16119096509240247 0.4944620253164557 0.059548254620123205 0.004746835443037975
0 0.49589322381930184 0.46677215189873417 0.030800821355236138 0.04430379746835443
0 0.9938398357289527 0.4572784810126582 0.012320328542094456 0.04430379746835443
0 0.917864476386037 0.3291139240506329 0.03285420944558522 0.0031645569620253164
0 0.8829568788501027 0.32832278481012656 0.008213552361396304 0.0015822784810126582
0 0.8593429158110883 0.32832278481012656 0.002053388090349076 0.0015822784810126582
0 0.4702258726899384 0.6416139240506329 0.9404517453798767 0.6281645569620253
0 0.6858316221765913 0.317246835443038 0.01642710472279261 0.0015822784810126582
0 0.33880903490759756 0.3259493670886076 0.5667351129363449 0.0189873417721519
0 0.6160164271047228 0.31566455696202533 0.012320328542094456 0.004746835443037975
0 0.8049281314168378 0.31091772151898733 0.008213552361396304 0.0015822784810126582
0 0.6663244353182751 0.30854430379746833 0.006160164271047228 0.0031645569620253164
0 0.6180698151950719 0.307753164556962 0.004106776180698152 0.0015822784810126582
0 0.8090349075975359 0.314873417721519 0.26283367556468173 0.0189873417721519
0 0.3336755646817248 0.31091772151898733 0.5154004106776181 0.014240506329113924
0 0.6663244353182751 0.3022151898734177 0.006160164271047228 0.0031645569620253164
0 0.6160164271047228 0.3014240506329114 0.01642710472279261 0.007911392405063292
0 0.5770020533880903 0.30063291139240506 0.053388090349075976 0.006329113924050633
0 0.5297741273100616 0.2998417721518987 0.01642710472279261 0.004746835443037975
0 0.29876796714579057 0.29667721518987344 0.4414784394250513 0.011075949367088608
0 0.8100616016427105 0.2974683544303797 0.26078028747433263 0.03481012658227848
0 0.919917864476386 0.2776898734177215 0.004106776180698152 0.0015822784810126582
0 0.3531827515400411 0.28164556962025317 0.5503080082135524 0.015822784810126583
0 0.811088295687885 0.26819620253164556 0.2587268993839836 0.011075949367088608
0 0.608829568788501 0.26582278481012656 0.043121149897330596 0.00949367088607595
0 0.3870636550308008 0.26424050632911394 0.3675564681724846 0.015822784810126583
0 0.1735112936344969 0.2602848101265823 0.055441478439425054 0.007911392405063292
0 0.12628336755646818 0.2587025316455696 0.030800821355236138 0.007911392405063292
0 0.813141683778234 0.24920886075949367 0.2546201232032854 0.011075949367088608
0 0.6006160164271047 0.247626582278481 0.06365503080082136 0.011075949367088608
0 0.49794661190965095 0.24525316455696203 0.08829568788501027 0.00949367088607595
0 0.33880903490759756 0.24287974683544303 0.22587268993839835 0.011075949367088608
0 0.1971252566735113 0.2412974683544304 0.053388090349075976 0.007911392405063292
0 0.13860369609856263 0.23971518987341772 0.026694045174537988 0.007911392405063292
0 0.528747433264887 0.22626582278481014 0.006160164271047228 0.0031645569620253164
0 0.813141683778234 0.23022151898734178 0.2546201232032854 0.014240506329113924
0 0.5174537987679672 0.22468354430379747 0.008213552361396304 0.0031645569620253164
0 0.5882956878850103 0.22705696202531644 0.09240246406570841 0.014240506329113924
0 0.3182751540041068 0.2231012658227848 0.38193018480492813 0.015822784810126583
0 0.9969199178644764 0.16930379746835442 0.006160164271047228 0.015822784810126583
0 0.5338809034907598 0.13686708860759494 0.8213552361396304 0.1787974683544304
0 0.39117043121149897 0.037183544303797465 0.006160164271047228 0.004746835443037975
0 0.5985626283367557 0.028481012658227847 0.006160164271047228 0.0031645569620253164
0 0.5646817248459959 0.01977848101265823 0.004106776180698152 0.007911392405063292
0 0.6108829568788501 0.013449367088607595 0.002053388090349076 0.0015822784810126582
0 0.6478439425051334 0.027689873417721517 0.01026694045174538 0.03322784810126582
0 0.4086242299794661 0.0245253164556962 0.01642710472279261 0.030063291139240507
0 0.48357289527720737 0.020569620253164556 0.014373716632443531 0.028481012658227847
0 0.45687885010266943 0.022151898734177215 0.018480492813141684 0.03164556962025317
0 0.4342915811088296 0.022151898734177215 0.014373716632443531 0.03164556962025317
0 0.6694045174537988 0.021360759493670885 0.01642710472279261 0.04272151898734177
0 0.6108829568788501 0.0007911392405063291 0.002053388090349076 0.0015822784810126582
0 0.4486652977412731 0.029272151898734177 0.20739219712525667 0.058544303797468354
