0 0.5909090909090909 0.8422053231939164 0.012987012987012988 0.019011406844106463
0 0.032467532467532464 0.8060836501901141 0.007792207792207792 0.0076045627376425855
0 0.0025974025974025974 0.8041825095057035 0.005194805194805195 0.0038022813688212928
0 0.6662337662337663 0.4828897338403042 0.0025974025974025974 0.0076045627376425855
0 0.5467532467532468 0.09505703422053231 0.012987012987012988 0.0076045627376425855
0 0.5181818181818182 0.09505703422053231 0.012987012987012988 0.0076045627376425855
0 0.487012987012987 0.08745247148288973 0.0025974025974025974 0.0076045627376425855
0 0.5506493506493506 0.049429657794676805 0.015584415584415584 0.015209125475285171
0 0.37922077922077924 0.043726235741444866 0.025974025974025976 0.07224334600760456
0 0.5194805194805194 0.0038022813688212928 0.005194805194805195 0.0076045627376425855
0 0.4961038961038961 0.030418250950570342 0.025974025974025976 0.060836501901140684
0 0.3181818181818182 0.04182509505703422 0.03896103896103896 0.08365019011406843
0 0.2688311688311688 0.039923954372623575 0.03896103896103896 0.07984790874524715
0 0.4961038961038961 0.4543726235741445 0.9922077922077922 0.908745247148289
