0 0.5876383763837638 0.997872340425532 0.005535055350553505 0.00425531914893617
0 0.5046125461254612 0.9925531914893617 0.016605166051660517 0.014893617021276596
0 0.5821033210332104 0.9840425531914894 0.0018450184501845018 0.002127659574468085
0 0.45387453874538747 0.9914893617021276 0.01107011070110701 0.01702127659574468
0 0.42066420664206644 0.9914893617021276 0.014760147601476014 0.01702127659574468
0 0.08763837638376384 0.34574468085106386 0.005535055350553505 0.002127659574468085
0 0.07841328413284133 0.2968085106382979 0.0018450184501845018 0.002127659574468085
0 0.08025830258302583 0.2712765957446808 0.00922509225092251 0.002127659574468085
0 0.08394833948339483 0.25851063829787235 0.0018450184501845018 0.002127659574468085
0 0.048892988929889296 0.24893617021276596 0.005535055350553505 0.00425531914893617
0 0.5 0.49361702127659574 1.0 0.8851063829787233
0 0.6559040590405905 0.013829787234042552 0.03505535055350553 0.027659574468085105
0 0.4492619926199262 0.010638297872340425 0.2011070110701107 0.02127659574468085
