0 0.002819548872180451 0.870253164556962 0.005639097744360902 0.006329113924050633
0 0.02819548872180451 0.8417721518987342 0.05639097744360902 0.0189873417721519
0 0.020676691729323307 0.805379746835443 0.041353383458646614 0.022151898734177215
0 0.5338345864661654 0.125 0.022556390977443608 0.022151898734177215
0 0.49530075187969924 0.12183544303797468 0.005639097744360902 0.015822784810126583
0 0.5112781954887218 0.11708860759493671 0.022556390977443608 0.03164556962025317
0 0.5 0.5189873417721519 1.0 0.8354430379746836
0 0.5385338345864662 0.10126582278481013 0.005639097744360902 0.012658227848101266
0 0.5009398496240601 0.08386075949367089 0.013157894736842105 0.04746835443037975
0 0.518796992481203 0.06329113924050633 0.015037593984962405 0.012658227848101266
0 0.4144736842105263 0.08386075949367089 0.020676691729323307 0.05379746835443038
0 0.3806390977443609 0.08227848101265822 0.013157894736842105 0.056962025316455694
0 0.34022556390977443 0.0759493670886076 0.041353383458646614 0.056962025316455694
