0 0.565 0.9743589743589743 0.01 0.014652014652014652
0 0.6 0.9706959706959707 0.025 0.02197802197802198
0 0.3225 0.978021978021978 0.045 0.04395604395604396
0 0.435 0.9761904761904762 0.03 0.047619047619047616
0 0.38 0.9761904761904762 0.045 0.047619047619047616
0 0.5525 0.9725274725274725 0.025 0.054945054945054944
0 0.6125 0.9468864468864469 0.01 0.01098901098901099
0 0.59 0.9413919413919414 0.005 0.007326007326007326
0 0.58 0.945054945054945 0.01 0.014652014652014652
0 0.385 0.9560439560439561 0.275 0.08791208791208792
0 0.685 0.9523809523809523 0.02 0.09523809523809523
0 0.65375 0.9523809523809523 0.0125 0.09523809523809523
0 0.5 0.4816849816849817 1.0 0.8021978021978022
0 0.57625 0.06227106227106227 0.0125 0.007326007326007326
0 0.53875 0.05860805860805861 0.0525 0.007326007326007326
0 0.64125 0.0347985347985348 0.0625 0.0695970695970696
0 0.5975 0.003663003663003663 0.005 0.007326007326007326
0 0.58125 0.020146520146520148 0.0325 0.040293040293040296
0 0.54375 0.003663003663003663 0.0075 0.007326007326007326
0 0.53625 0.018315018315018316 0.0425 0.03663003663003663
0 0.41125 0.01098901098901099 0.0125 0.02197802197802198
0 0.295 0.009157509157509158 0.045 0.018315018315018316
0 0.365 0.031135531135531136 0.29 0.06227106227106227
