0 0.4723684210526316 0.9948453608247423 0.013157894736842105 0.010309278350515464
0 0.49736842105263157 0.9927835051546392 0.021052631578947368 0.010309278350515464
0 0.35789473684210527 0.9927835051546392 0.031578947368421054 0.01443298969072165
0 0.30526315789473685 0.988659793814433 0.05263157894736842 0.02268041237113402
0 0.5986842105263158 0.9876288659793815 0.05526315789473684 0.024742268041237112
0 0.24210526315789474 0.9876288659793815 0.031578947368421054 0.024742268041237112
0 0.3105263157894737 0.9731958762886598 0.2894736842105263 0.05360824742268041
0 0.9921052631578947 0.6597938144329897 0.015789473684210527 0.0865979381443299
0 0.4644736842105263 0.07525773195876288 0.007894736842105263 0.002061855670103093
0 0.49078947368421055 0.5072164948453608 0.9236842105263158 0.9030927835051547
0 0.4486842105263158 0.027835051546391754 0.002631578947368421 0.006185567010309278
0 0.48026315789473684 0.030927835051546393 0.018421052631578946 0.016494845360824743
0 0.506578947368421 0.026804123711340205 0.02368421052631579 0.024742268041237112
0 0.4605263157894737 0.013402061855670102 0.02631578947368421 0.010309278350515464
0 0.34210526315789475 0.01134020618556701 0.010526315789473684 0.02268041237113402
0 0.2868421052631579 0.01134020618556701 0.05263157894736842 0.02268041237113402
0 0.23421052631578948 0.009278350515463918 0.010526315789473684 0.018556701030927835
