0 0.5617408906882592 0.9965870307167235 0.010121457489878543 0.006825938566552901
0 0.5455465587044535 0.9965870307167235 0.01417004048582996 0.006825938566552901
0 0.52834008097166 0.05460750853242321 0.004048582995951417 0.006825938566552901
0 0.5 0.5238907849829352 1.0 0.9522184300341296
0 0.5536437246963563 0.04607508532423208 0.010121457489878543 0.017064846416382253
0 0.5121457489878543 0.027303754266211604 0.012145748987854251 0.040955631399317405
0 0.5546558704453441 0.0017064846416382253 0.004048582995951417 0.0034129692832764505
0 0.42813765182186236 0.020477815699658702 0.018218623481781375 0.040955631399317405
0 0.3866396761133603 0.02218430034129693 0.04048582995951417 0.04436860068259386
0 0.34210526315789475 0.020477815699658702 0.02834008097165992 0.040955631399317405
