0 0.7194148936170213 0.97265625 0.02925531914893617 0.0546875
0 0.5053191489361702 0.97265625 0.0425531914893617 0.0546875
0 0.449468085106383 0.97265625 0.0425531914893617 0.0546875
0 0.7420212765957447 0.947265625 0.005319148936170213 0.01171875
0 0.5651595744680851 0.970703125 0.02925531914893617 0.05859375
0 0.6861702127659575 0.96484375 0.047872340425531915 0.0703125
0 0.7367021276595744 0.931640625 0.005319148936170213 0.01171875
0 0.699468085106383 0.931640625 0.010638297872340425 0.01171875
0 0.5146276595744681 0.94921875 0.26861702127659576 0.1015625
0 0.7898936170212766 0.943359375 0.05319148936170213 0.11328125
0 0.2765957446808511 0.8515625 0.031914893617021274 0.0703125
0 0.17154255319148937 0.853515625 0.02925531914893617 0.07421875
0 0.48271276595744683 0.81640625 0.007978723404255319 0.015625
0 0.07047872340425532 0.80859375 0.013297872340425532 0.015625
0 0.041223404255319146 0.806640625 0.013297872340425532 0.01171875
0 0.023936170212765957 0.806640625 0.010638297872340425 0.01171875
0 0.0398936170212766 0.87890625 0.0797872340425532 0.15625
0 0.3829787234042553 0.798828125 0.005319148936170213 0.00390625
0 0.2752659574468085 0.80078125 0.0026595744680851063 0.0078125
0 0.9348404255319149 0.79296875 0.023936170212765957 0.015625
0 0.27925531914893614 0.783203125 0.010638297872340425 0.01953125
0 0.17553191489361702 0.79296875 0.015957446808510637 0.0390625
0 0.05186170212765957 0.783203125 0.0398936170212766 0.01953125
0 0.4867021276595745 0.775390625 0.010638297872340425 0.01171875
0 0.3829787234042553 0.77734375 0.015957446808510637 0.0234375
0 0.824468085106383 0.763671875 0.005319148936170213 0.00390625
0 0.006648936170212766 0.76171875 0.013297872340425532 0.0078125
0 0.5917553191489362 0.8203125 0.5345744680851063 0.1328125
0 0.27925531914893614 0.759765625 0.005319148936170213 0.01171875
0 0.488031914893617 0.751953125 0.0026595744680851063 0.00390625
0 0.3816489361702128 0.755859375 0.007978723404255319 0.01171875
0 0.2779255319148936 0.736328125 0.0026595744680851063 0.00390625
0 0.03856382978723404 0.751953125 0.023936170212765957 0.03515625
0 0.0013297872340425532 0.73828125 0.0026595744680851063 0.0078125
0 0.3816489361702128 0.734375 0.007978723404255319 0.0078125
0 0.17420212765957446 0.75 0.013297872340425532 0.0390625
0 0.8497340425531915 0.71484375 0.0026595744680851063 0.0078125
0 0.2779255319148936 0.71484375 0.0026595744680851063 0.0078125
0 0.17154255319148937 0.716796875 0.007978723404255319 0.01171875
0 0.006648936170212766 0.71875 0.013297872340425532 0.015625
0 0.17287234042553193 0.6953125 0.005319148936170213 0.0078125
0 0.2752659574468085 0.671875 0.0026595744680851063 0.0078125
0 0.17154255319148937 0.671875 0.0026595744680851063 0.0078125
0 0.8497340425531915 0.681640625 0.007978723404255319 0.03515625
0 0.3803191489361702 0.66796875 0.005319148936170213 0.0078125
0 0.37898936170212766 0.646484375 0.0026595744680851063 0.00390625
0 0.17154255319148937 0.650390625 0.007978723404255319 0.01171875
0 0.8497340425531915 0.650390625 0.007978723404255319 0.01953125
0 0.8497340425531915 0.62890625 0.0026595744680851063 0.0078125
0 0.8882978723404256 0.625 0.005319148936170213 0.0078125
0 0.2726063829787234 0.625 0.007978723404255319 0.0078125
0 0.37898936170212766 0.623046875 0.007978723404255319 0.01171875
0 0.1702127659574468 0.625 0.010638297872340425 0.015625
0 0.851063829787234 0.607421875 0.005319148936170213 0.01171875
0 0.37632978723404253 0.6015625 0.0026595744680851063 0.0078125
0 0.2712765957446808 0.6015625 0.005319148936170213 0.0078125
0 0.16888297872340424 0.6015625 0.007978723404255319 0.015625
0 0.1675531914893617 0.580078125 0.010638297872340425 0.01171875
0 0.37367021276595747 0.576171875 0.007978723404255319 0.01171875
0 0.8497340425531915 0.5625 0.0026595744680851063 0.0078125
0 0.16622340425531915 0.55859375 0.013297872340425532 0.015625
0 0.3723404255319149 0.552734375 0.010638297872340425 0.01171875
0 0.26728723404255317 0.564453125 0.013297872340425532 0.03515625
0 0.6555851063829787 0.544921875 0.0026595744680851063 0.00390625
0 0.4734042553191489 0.55078125 0.010638297872340425 0.015625
0 0.8497340425531915 0.541015625 0.007978723404255319 0.01171875
0 0.16356382978723405 0.533203125 0.0026595744680851063 0.00390625
0 0.26595744680851063 0.53125 0.005319148936170213 0.0078125
0 0.06648936170212766 0.51171875 0.005319148936170213 0.0078125
0 0.46941489361702127 0.5078125 0.007978723404255319 0.015625
0 0.06648936170212766 0.48828125 0.010638297872340425 0.015625
0 0.023936170212765957 0.6015625 0.047872340425531915 0.2421875
0 0.824468085106383 0.478515625 0.010638297872340425 0.01171875
0 0.8829787234042553 0.484375 0.047872340425531915 0.0390625
0 0.06648936170212766 0.462890625 0.010638297872340425 0.01171875
0 0.03590425531914894 0.46484375 0.018617021276595744 0.015625
0 0.9002659574468085 0.453125 0.007978723404255319 0.0078125
0 0.8736702127659575 0.453125 0.02925531914893617 0.015625
0 0.4640957446808511 0.462890625 0.018617021276595744 0.05859375
0 0.36436170212765956 0.474609375 0.02127659574468085 0.08203125
0 0.06648936170212766 0.423828125 0.010638297872340425 0.01171875
0 0.034574468085106384 0.423828125 0.02127659574468085 0.01171875
0 0.15824468085106383 0.46875 0.02925531914893617 0.109375
0 0.45478723404255317 0.419921875 0.02127659574468085 0.01953125
0 0.35638297872340424 0.419921875 0.026595744680851064 0.01953125
0 0.25930851063829785 0.46484375 0.02925531914893617 0.109375
0 0.8976063829787234 0.39453125 0.013297872340425532 0.0078125
0 0.15159574468085107 0.388671875 0.015957446808510637 0.01171875
0 0.44813829787234044 0.3828125 0.007978723404255319 0.0078125
0 0.3497340425531915 0.384765625 0.007978723404255319 0.01171875
0 0.25132978723404253 0.38671875 0.013297872340425532 0.015625
0 0.8470744680851063 0.376953125 0.007978723404255319 0.01171875
0 0.824468085106383 0.373046875 0.005319148936170213 0.00390625
0 0.9002659574468085 0.373046875 0.007978723404255319 0.01171875
0 0.8696808510638298 0.390625 0.026595744680851064 0.0546875
0 0.06382978723404255 0.357421875 0.010638297872340425 0.01171875
0 0.03590425531914894 0.357421875 0.018617021276595744 0.01171875
0 0.2712765957446808 0.310546875 0.005319148936170213 0.00390625
0 0.2978723404255319 0.310546875 0.02127659574468085 0.01171875
0 0.5638297872340425 0.302734375 0.005319148936170213 0.00390625
0 0.5252659574468085 0.3046875 0.013297872340425532 0.0078125
0 0.03723404255319149 0.1796875 0.010638297872340425 0.0078125
0 0.02526595744680851 0.134765625 0.05053191489361702 0.05078125
0 0.511968085106383 0.2890625 0.9122340425531915 0.4921875
0 0.7779255319148937 0.00390625 0.013297872340425532 0.0078125
0 0.7526595744680851 0.0078125 0.010638297872340425 0.015625
0 0.6675531914893617 0.00390625 0.0425531914893617 0.0078125
0 0.5398936170212766 0.00390625 0.005319148936170213 0.0078125
0 0.4720744680851064 0.0078125 0.013297872340425532 0.015625
0 0.43882978723404253 0.009765625 0.02127659574468085 0.01953125
0 0.41888297872340424 0.001953125 0.013297872340425532 0.00390625
0 0.4946808510638298 0.029296875 0.26595744680851063 0.05859375
