0 0.44936708860759494 0.9920634920634921 0.027848101265822784 0.015873015873015872
0 0.45949367088607596 0.9791666666666666 0.002531645569620253 0.001984126984126984
0 0.4772151898734177 0.9821428571428571 0.007594936708860759 0.011904761904761904
0 0.4936708860759494 0.9732142857142857 0.015189873417721518 0.00992063492063492
0 0.4443037974683544 0.9672619047619048 0.017721518987341773 0.03373015873015873
0 0.46835443037974683 0.9523809523809523 0.020253164556962026 0.007936507936507936
0 0.5645569620253165 0.9682539682539683 0.05569620253164557 0.06349206349206349
0 0.289873417721519 0.9523809523809523 0.2759493670886076 0.09523809523809523
0 0.9556962025316456 0.8908730158730159 0.043037974683544304 0.07539682539682539
0 0.9417721518987342 0.8472222222222222 0.005063291139240506 0.003968253968253968
0 0.9379746835443038 0.8363095238095238 0.012658227848101266 0.005952380952380952
0 0.9341772151898734 0.8244047619047619 0.010126582278481013 0.005952380952380952
0 0.9316455696202531 0.814484126984127 0.010126582278481013 0.005952380952380952
0 0.9291139240506329 0.8015873015873016 0.010126582278481013 0.003968253968253968
0 0.9253164556962026 0.7906746031746031 0.007594936708860759 0.005952380952380952
0 0.9189873417721519 0.7668650793650794 0.005063291139240506 0.005952380952380952
0 0.9936708860759493 0.6964285714285714 0.007594936708860759 0.003968253968253968
0 0.9645569620253165 0.6329365079365079 0.07088607594936709 0.0873015873015873
0 0.9898734177215189 0.3958333333333333 0.020253164556962026 0.02976190476190476
0 0.06455696202531645 0.11408730158730158 0.007594936708860759 0.001984126984126984
0 0.4050632911392405 0.07242063492063493 0.005063291139240506 0.001984126984126984
0 0.38734177215189874 0.07242063492063493 0.010126582278481013 0.001984126984126984
0 0.36075949367088606 0.07242063492063493 0.02278481012658228 0.001984126984126984
0 0.3392405063291139 0.07242063492063493 0.010126582278481013 0.001984126984126984
0 0.3227848101265823 0.07142857142857142 0.007594936708860759 0.003968253968253968
0 0.0759493670886076 0.06944444444444445 0.010126582278481013 0.003968253968253968
0 0.05949367088607595 0.06944444444444445 0.007594936708860759 0.003968253968253968
0 0.46835443037974683 0.49603174603174605 0.8911392405063291 0.8611111111111112
0 0.540506329113924 0.0625 0.002531645569620253 0.001984126984126984
0 0.4759493670886076 0.0625 0.005063291139240506 0.001984126984126984
0 0.4607594936708861 0.0625 0.005063291139240506 0.001984126984126984
0 0.4443037974683544 0.061507936507936505 0.007594936708860759 0.003968253968253968
0 0.4278481012658228 0.061507936507936505 0.005063291139240506 0.003968253968253968
0 0.41265822784810124 0.061507936507936505 0.005063291139240506 0.003968253968253968
0 0.3670886075949367 0.060515873015873016 0.005063291139240506 0.001984126984126984
0 0.3341772151898734 0.061507936507936505 0.04050632911392405 0.003968253968253968
0 0.2481012658227848 0.05853174603174603 0.12151898734177215 0.00992063492063492
0 0.10886075949367088 0.057539682539682536 0.14177215189873418 0.011904761904761904
0 0.2088607594936709 0.04861111111111111 0.02278481012658228 0.005952380952380952
0 0.1569620253164557 0.03968253968253968 0.030379746835443037 0.003968253968253968
0 0.2417721518987342 0.03869047619047619 0.1240506329113924 0.00992063492063492
0 0.09367088607594937 0.02976190476190476 0.11139240506329114 0.011904761904761904
0 0.4518987341772152 0.011904761904761904 0.017721518987341773 0.015873015873015872
0 0.4772151898734177 0.008928571428571428 0.02278481012658228 0.017857142857142856
