0 0.5779109589041096 0.9973021582733813 0.005136986301369863 0.00539568345323741
0 0.3758561643835616 0.9946043165467626 0.011986301369863013 0.01079136690647482
0 0.5873287671232876 0.9937050359712231 0.010273972602739725 0.012589928057553957
0 0.4631849315068493 0.9937050359712231 0.018835616438356163 0.012589928057553957
0 0.4297945205479452 0.9937050359712231 0.010273972602739725 0.012589928057553957
0 0.4006849315068493 0.9937050359712231 0.0136986301369863 0.012589928057553957
0 0.5445205479452054 0.987410071942446 0.003424657534246575 0.0035971223021582736
0 0.5633561643835616 0.9811151079136691 0.00684931506849315 0.00539568345323741
0 0.2833904109589041 0.375 0.005136986301369863 0.00539568345323741
0 0.4597602739726027 0.3498201438848921 0.0017123287671232876 0.0017985611510791368
0 0.4511986301369863 0.329136690647482 0.005136986301369863 0.007194244604316547
0 0.9357876712328768 0.2904676258992806 0.0017123287671232876 0.00539568345323741
0 0.16523972602739725 0.29136690647482016 0.008561643835616438 0.007194244604316547
0 0.1464041095890411 0.24190647482014388 0.008561643835616438 0.00539568345323741
0 0.5582191780821918 0.23471223021582735 0.003424657534246575 0.00539568345323741
0 0.5779109589041096 0.21402877697841727 0.008561643835616438 0.01079136690647482
0 0.9417808219178082 0.24190647482014388 0.0136986301369863 0.0737410071942446
0 0.13613013698630136 0.20863309352517986 0.011986301369863013 0.017985611510791366
0 0.1421232876712329 0.17985611510791366 0.003424657534246575 0.0035971223021582736
0 0.12756849315068494 0.1789568345323741 0.005136986301369863 0.00539568345323741
0 0.5513698630136986 0.17446043165467626 0.00684931506849315 0.007194244604316547
0 0.9417808219178082 0.17715827338129497 0.010273972602739725 0.019784172661870502
0 0.1506849315068493 0.13309352517985612 0.00684931506849315 0.007194244604316547
0 0.1909246575342466 0.08003597122302158 0.005136986301369863 0.00539568345323741
0 0.577054794520548 0.047661870503597124 0.00684931506849315 0.0017985611510791368
0 0.5 0.493705035971223 1.0 0.8974820143884892
0 0.9323630136986302 0.0044964028776978415 0.13527397260273974 0.008992805755395683
0 0.025684931506849314 0.006294964028776978 0.05136986301369863 0.012589928057553957
