0 0.6258503401360545 0.9973214285714286 0.003401360544217687 0.005357142857142857
0 0.4880952380952381 0.9919642857142857 0.02040816326530612 0.01607142857142857
0 0.4549319727891156 0.9919642857142857 0.011904761904761904 0.01607142857142857
0 0.413265306122449 0.9919642857142857 0.04081632653061224 0.01607142857142857
0 0.5722789115646258 0.9901785714285715 0.011904761904761904 0.019642857142857142
0 0.608843537414966 0.9883928571428572 0.02040816326530612 0.023214285714285715
0 0.5875850340136054 0.9794642857142857 0.01870748299319728 0.008928571428571428
0 0.5314625850340136 0.9571428571428572 0.015306122448979591 0.0035714285714285713
0 0.9506802721088435 0.0625 0.01020408163265306 0.007142857142857143
0 0.5 0.4919642857142857 1.0 0.9089285714285714
0 0.939625850340136 0.011607142857142858 0.12074829931972789 0.023214285714285715
0 0.8299319727891157 0.013392857142857142 0.003401360544217687 0.026785714285714284
0 0.6981292517006803 0.0008928571428571428 0.00510204081632653 0.0017857142857142857
0 0.02295918367346939 0.008035714285714285 0.022108843537414966 0.01607142857142857
