0 0.6160220994475138 0.9978768577494692 0.0055248618784530384 0.004246284501061571
0 0.5828729281767956 0.9957537154989384 0.0055248618784530384 0.008492569002123142
0 0.5865561694290976 0.9840764331210191 0.009208103130755065 0.006369426751592357
0 0.43370165745856354 0.9893842887473461 0.01289134438305709 0.021231422505307854
0 0.4180478821362799 0.9830148619957537 0.007366482504604052 0.008492569002123142
0 0.505524861878453 0.9883227176220807 0.016574585635359115 0.02335456475583864
0 0.4594843462246777 0.9883227176220807 0.016574585635359115 0.02335456475583864
0 0.58195211786372 0.9734607218683652 0.003683241252302026 0.006369426751592357
0 0.6758747697974218 0.9437367303609342 0.003683241252302026 0.0021231422505307855
0 0.9834254143646409 0.7961783439490446 0.007366482504604052 0.004246284501061571
0 0.011970534069981584 0.8195329087048833 0.02394106813996317 0.15286624203821655
0 0.01289134438305709 0.3895966029723992 0.02578268876611418 0.6985138004246284
0 0.5147329650092081 0.47876857749469215 0.9705340699815838 0.9023354564755839
0 0.58195211786372 0.016985138004246284 0.01841620626151013 0.008492569002123142
0 0.6049723756906077 0.016985138004246284 0.01289134438305709 0.012738853503184714
0 0.6528545119705341 0.02335456475583864 0.0423572744014733 0.04670912951167728
0 0.6169429097605893 0.0021231422505307855 0.003683241252302026 0.004246284501061571
0 0.4521178637200737 0.016985138004246284 0.19337016574585636 0.03397027600849257
