0 0.6535008976660682 0.9939393939393939 0.017953321364452424 0.012121212121212121
0 0.4362657091561939 0.9818181818181818 0.00718132854578097 0.012121212121212121
0 0.6427289048473968 0.9787878787878788 0.00718132854578097 0.012121212121212121
0 0.48204667863554757 0.9863636363636363 0.026929982046678635 0.02727272727272727
0 0.4488330341113106 0.9863636363636363 0.017953321364452424 0.02727272727272727
0 0.526032315978456 0.9848484848484849 0.017953321364452424 0.030303030303030304
0 0.6104129263913824 0.9833333333333333 0.02154398563734291 0.03333333333333333
0 0.6813285457809695 0.9818181818181818 0.005385996409335727 0.03636363636363636
0 0.6283662477558348 0.9636363636363636 0.010771992818671455 0.006060606060606061
0 0.6561938958707361 0.9666666666666667 0.012567324955116697 0.01818181818181818
0 0.49012567324955114 0.9757575757575757 0.20466786355475763 0.048484848484848485
0 0.7073608617594255 0.9666666666666667 0.01436265709156194 0.06666666666666667
0 0.005385996409335727 0.8166666666666667 0.010771992818671455 0.03333333333333333
0 0.38330341113105926 0.7712121212121212 0.005385996409335727 0.0030303030303030303
0 0.46858168761220825 0.7712121212121212 0.10412926391382406 0.00909090909090909
0 0.20107719928186715 0.7954545454545454 0.348294434470377 0.11212121212121212
0 0.20287253141831238 0.7318181818181818 0.025134649910233394 0.00909090909090909
0 0.04308797127468582 0.6136363636363636 0.017953321364452424 0.00909090909090909
0 0.34290843806104127 0.4166666666666667 0.00718132854578097 0.0030303030303030303
0 0.24416517055655296 0.3893939393939394 0.43447037701974867 0.02727272727272727
0 0.2585278276481149 0.3378787878787879 0.00718132854578097 0.0030303030303030303
0 0.6157989228007181 0.33484848484848484 0.01436265709156194 0.0030303030303030303
0 0.32046678635547576 0.30454545454545456 0.005385996409335727 0.0030303030303030303
0 0.5951526032315978 0.2833333333333333 0.0017953321364452424 0.0030303030303030303
0 0.5161579892280072 0.2772727272727273 0.0017953321364452424 0.0030303030303030303
0 0.49461400359066426 0.2772727272727273 0.008976660682226212 0.0030303030303030303
0 0.9982046678635548 0.08484848484848485 0.003590664272890485 0.01818181818181818
0 0.0017953321364452424 0.1 0.003590664272890485 0.048484848484848485
0 0.02333931777378815 0.019696969696969695 0.010771992818671455 0.00909090909090909
0 0.5834829443447038 0.013636363636363636 0.01436265709156194 0.00909090909090909
0 0.6535008976660682 0.016666666666666666 0.04308797127468582 0.03333333333333333
0 0.6104129263913824 0.007575757575757576 0.025134649910233394 0.015151515151515152
0 0.566427289048474 0.007575757575757576 0.005385996409335727 0.015151515151515152
0 0.48922800718132853 0.006060606060606061 0.008976660682226212 0.012121212121212121
0 0.49371633752244165 0.45606060606060606 0.9587073608617595 0.9121212121212121
