0 0.6070726915520629 0.9982758620689656 0.003929273084479371 0.0034482758620689655
0 0.5029469548133595 0.993103448275862 0.011787819253438114 0.013793103448275862
0 0.4548133595284872 0.993103448275862 0.005893909626719057 0.013793103448275862
0 0.5284872298624754 0.9922413793103448 0.015717092337917484 0.015517241379310345
0 0.4774066797642436 0.9922413793103448 0.007858546168958742 0.015517241379310345
0 0.6453831041257367 0.9862068965517241 0.0137524557956778 0.013793103448275862
0 0.1444007858546169 0.8017241379310345 0.009823182711198428 0.0034482758620689655
0 0.13359528487229863 0.8008620689655173 0.003929273084479371 0.0017241379310344827
0 0.06385068762278978 0.8017241379310345 0.03732809430255403 0.006896551724137931
0 0.05304518664047151 0.7836206896551724 0.003929273084479371 0.0017241379310344827
0 0.09724950884086445 0.781896551724138 0.0019646365422396855 0.0017241379310344827
0 0.07662082514734773 0.781896551724138 0.015717092337917484 0.005172413793103448
0 0.16011787819253437 0.7741379310344828 0.009823182711198428 0.0034482758620689655
0 0.13654223968565815 0.7741379310344828 0.029469548133595286 0.0034482758620689655
0 0.09332023575638507 0.775 0.0412573673870334 0.005172413793103448
0 0.015717092337917484 0.8517241379310345 0.03143418467583497 0.1724137931034483
0 0.16797642436149313 0.7448275862068966 0.009823182711198428 0.0034482758620689655
0 0.12180746561886051 0.7448275862068966 0.06286836935166994 0.0034482758620689655
0 0.06385068762278978 0.7336206896551725 0.029469548133595286 0.005172413793103448
0 0.06777996070726916 0.7241379310344828 0.03732809430255403 0.0034482758620689655
0 0.11984282907662082 0.7241379310344828 0.06286836935166994 0.006896551724137931
0 0.2220039292730845 0.7129310344827586 0.003929273084479371 0.0017241379310344827
0 0.23477406679764243 0.7120689655172414 0.005893909626719057 0.0034482758620689655
0 0.2013752455795678 0.7120689655172414 0.009823182711198428 0.0034482758620689655
0 0.1856581532416503 0.7120689655172414 0.0137524557956778 0.0034482758620689655
0 0.4960707269155206 0.40344827586206894 0.0137524557956778 0.006896551724137931
0 0.49410609037328096 0.3922413793103448 0.0137524557956778 0.005172413793103448
0 0.46070726915520627 0.3689655172413793 0.0137524557956778 0.017241379310344827
0 0.4577603143418468 0.35344827586206895 0.007858546168958742 0.0034482758620689655
0 0.4548133595284872 0.3448275862068966 0.0137524557956778 0.006896551724137931
0 0.8143418467583498 0.3353448275862069 0.009823182711198428 0.005172413793103448
0 0.4518664047151277 0.3336206896551724 0.007858546168958742 0.005172413793103448
0 0.8428290766208252 0.3258620689655172 0.007858546168958742 0.0034482758620689655
0 0.8163064833005894 0.3267241379310345 0.0137524557956778 0.005172413793103448
0 0.0009823182711198428 0.32155172413793104 0.0019646365422396855 0.0017241379310344827
0 0.18172888015717092 0.31896551724137934 0.0137524557956778 0.0034482758620689655
0 0.8192534381139489 0.3163793103448276 0.015717092337917484 0.005172413793103448
0 0.25736738703339884 0.30775862068965515 0.007858546168958742 0.0017241379310344827
0 0.18762278978389 0.3086206896551724 0.10805500982318271 0.006896551724137931
0 0.01669941060903733 0.30086206896551726 0.0019646365422396855 0.0017241379310344827
0 0.8241650294695482 0.2974137931034483 0.01768172888015717 0.005172413793103448
0 0.918467583497053 0.2956896551724138 0.0137524557956778 0.005172413793103448
0 0.17583497053045186 0.28793103448275864 0.1237721021611002 0.006896551724137931
0 0.49214145383104124 0.2836206896551724 0.0412573673870334 0.008620689655172414
0 0.44597249508840864 0.30431034482758623 0.0275049115913556 0.05
0 0.5206286836935167 0.6094827586206897 0.9587426326129665 0.6775862068965517
0 0.4911591355599214 0.27241379310344827 0.043222003929273084 0.006896551724137931
0 0.93713163064833 0.2655172413793103 0.007858546168958742 0.006896551724137931
0 0.462671905697446 0.1396551724137931 0.0137524557956778 0.017241379310344827
0 0.5137524557956779 0.14051724137931035 0.0412573673870334 0.039655172413793106
0 0.5402750491159135 0.10517241379310345 0.007858546168958742 0.006896551724137931
0 0.5353634577603144 0.0939655172413793 0.0019646365422396855 0.0017241379310344827
0 0.5216110019646365 0.10689655172413794 0.025540275049115914 0.027586206896551724
0 0.5599214145383105 0.09224137931034483 0.003929273084479371 0.0017241379310344827
0 0.6031434184675835 0.0896551724137931 0.003929273084479371 0.0034482758620689655
0 0.48330058939096265 0.0939655172413793 0.019646365422396856 0.01206896551724138
0 0.6021611001964636 0.04051724137931034 0.0137524557956778 0.008620689655172414
0 0.6178781925343811 0.03879310344827586 0.009823182711198428 0.01206896551724138
0 0.5766208251473477 0.03362068965517241 0.009823182711198428 0.008620689655172414
0 0.6041257367387033 0.029310344827586206 0.009823182711198428 0.010344827586206896
0 0.6178781925343811 0.01896551724137931 0.009823182711198428 0.006896551724137931
0 0.5707269155206287 0.03017241379310345 0.01768172888015717 0.029310344827586206
0 0.587426326129666 0.015517241379310345 0.007858546168958742 0.0034482758620689655
0 0.014734774066797643 0.3853448275862069 0.029469548133595286 0.756896551724138
0 0.5147347740667977 0.3577586206896552 0.9705304518664047 0.7155172413793104
