0 0.424357034795764 0.9984375 0.0015128593040847202 0.003125
0 0.4939485627836611 0.99765625 0.007564296520423601 0.0046875
0 0.7239031770045385 0.82421875 0.0015128593040847202 0.0015625
0 0.8933434190620272 0.81796875 0.0045385779122541605 0.0078125
0 0.11800302571860817 0.771875 0.0030257186081694403 0.003125
0 0.6210287443267776 0.76640625 0.0015128593040847202 0.0015625
0 0.5703479576399395 0.7671875 0.09682299546142209 0.00625
0 0.45310136157337366 0.75859375 0.007564296520423601 0.0046875
0 0.12708018154311648 0.7609375 0.015128593040847202 0.009375
0 0.5892586989409985 0.7578125 0.22844175491679275 0.009375
0 0.12708018154311648 0.75078125 0.009077155824508321 0.0046875
0 0.5635400907715582 0.74609375 0.14674735249621784 0.0078125
0 0.916036308623298 0.74140625 0.0045385779122541605 0.0015625
0 0.12632375189107414 0.740625 0.01059001512859304 0.009375
0 0.5068078668683812 0.846875 0.9863842662632375 0.228125
0 0.5915279878971256 0.7359375 0.22390317700453857 0.009375
0 0.9039334341906202 0.740625 0.07715582450832073 0.03125
0 0.12405446293494705 0.721875 0.012102874432677761 0.009375
0 0.594553706505295 0.71796875 0.23600605143721634 0.0109375
0 0.8963691376701967 0.7140625 0.10136157337367625 0.009375
0 0.47276853252647505 0.70234375 0.007564296520423601 0.0046875
0 0.12329803328290469 0.7046875 0.01059001512859304 0.009375
0 0.8267776096822995 0.6984375 0.01361573373676248 0.003125
0 0.6006051437216339 0.70078125 0.23903177004538578 0.0109375
0 0.12329803328290469 0.69453125 0.0045385779122541605 0.0046875
0 0.5695915279878971 0.6921875 0.01361573373676248 0.003125
0 0.537821482602118 0.6921875 0.0226928895612708 0.003125
0 0.5045385779122542 0.6921875 0.0045385779122541605 0.003125
0 0.5937972768532527 0.69140625 0.007564296520423601 0.0046875
0 0.12178517397881997 0.684375 0.01059001512859304 0.009375
0 0.8078668683812406 0.678125 0.006051437216338881 0.003125
0 0.7980332829046899 0.678125 0.01059001512859304 0.003125
0 0.4939485627836611 0.671875 0.019667170953101363 0.00625
0 0.12178517397881997 0.66328125 0.007564296520423601 0.0078125
0 0.6225416036308623 0.6703125 0.2859304084720121 0.03125
0 0.8562783661119516 0.67578125 0.17246596066565809 0.0515625
0 0.5771558245083207 0.65078125 0.0015128593040847202 0.0015625
0 0.5680786686838124 0.6515625 0.007564296520423601 0.003125
0 0.5484114977307111 0.65078125 0.0015128593040847202 0.0015625
0 0.5068078668683812 0.6421875 0.006051437216338881 0.003125
0 0.4826021180030257 0.6421875 0.006051437216338881 0.003125
0 0.12178517397881997 0.6390625 0.007564296520423601 0.021875
0 0.45310136157337366 0.6203125 0.007564296520423601 0.00625
0 0.9962178517397882 0.6203125 0.007564296520423601 0.01875
0 0.4712556732223903 0.384375 0.007564296520423601 0.00625
0 0.8653555219364599 0.36328125 0.04236006051437216 0.0046875
0 0.653555219364599 0.3546875 0.006051437216338881 0.003125
0 0.8449319213313162 0.34609375 0.046898638426626324 0.0046875
0 0.33963691376701965 0.3453125 0.007564296520423601 0.003125
0 0.1838124054462935 0.34453125 0.019667170953101363 0.0046875
0 0.2617246596066566 0.34453125 0.11800302571860817 0.0078125
0 0.6588502269288956 0.33515625 0.0045385779122541605 0.0015625
0 0.5854765506807866 0.33515625 0.006051437216338881 0.0015625
0 0.5605143721633888 0.33515625 0.025718608169440244 0.0046875
0 0.13993948562783662 0.334375 0.01059001512859304 0.003125
0 0.8812405446293494 0.32578125 0.0045385779122541605 0.0015625
0 0.8524962178517398 0.3265625 0.037821482602118005 0.003125
0 0.17170953101361575 0.325 0.007564296520423601 0.003125
0 0.3381240544629349 0.32578125 0.31316187594553707 0.0078125
0 0.5022692889561271 0.5359375 0.9773071104387292 0.43125
0 0.5590015128593041 0.315625 0.0226928895612708 0.003125
0 0.5325264750378215 0.31484375 0.006051437216338881 0.0015625
0 0.40771558245083206 0.315625 0.03479576399394856 0.003125
0 0.4712556732223903 0.31484375 0.0529500756429652 0.0046875
0 0.875945537065053 0.30703125 0.009077155824508321 0.0015625
0 0.8472012102874432 0.30703125 0.030257186081694403 0.0046875
0 0.16187594553706505 0.30625 0.0030257186081694403 0.003125
0 0.2216338880484115 0.30625 0.08018154311649017 0.00625
0 0.3615733736762481 0.29609375 0.0030257186081694403 0.0015625
0 0.5605143721633888 0.2953125 0.019667170953101363 0.003125
0 0.5332829046898638 0.29609375 0.0226928895612708 0.0046875
0 0.4409984871406959 0.2953125 0.14674735249621784 0.00625
0 0.8993948562783661 0.28671875 0.0045385779122541605 0.0015625
0 0.1535552193645991 0.28671875 0.0015128593040847202 0.0015625
0 0.857034795763994 0.28671875 0.06505295007564296 0.0046875
0 0.27685325264750377 0.28671875 0.024205748865355523 0.0046875
0 0.2254160363086233 0.28671875 0.05143721633888049 0.0046875
0 0.4939485627836611 0.315625 0.4009077155824508 0.06875
0 0.6104387291981845 0.27578125 0.01059001512859304 0.0015625
0 0.5620272314674736 0.2765625 0.01361573373676248 0.003125
0 0.5446293494704992 0.27578125 0.006051437216338881 0.0015625
0 0.14901664145234494 0.27578125 0.0045385779122541605 0.0015625
0 0.12934947049924356 0.27578125 0.0015128593040847202 0.0015625
0 0.11346444780635401 0.27578125 0.006051437216338881 0.0015625
0 0.4546142208774584 0.2765625 0.1649016641452345 0.00625
0 0.9001512859304085 0.26640625 0.009077155824508321 0.0015625
0 0.8842662632375189 0.2671875 0.01361573373676248 0.003125
0 0.8532526475037822 0.2671875 0.039334341906202726 0.003125
0 0.12708018154311648 0.265625 0.006051437216338881 0.003125
0 0.30030257186081694 0.26640625 0.08623298033282904 0.0078125
0 0.2216338880484115 0.26640625 0.06202723146747353 0.0078125
0 0.1437216338880484 0.26484375 0.009077155824508321 0.0046875
0 0.546142208774584 0.25546875 0.009077155824508321 0.0015625
0 0.3789712556732224 0.25546875 0.0045385779122541605 0.0015625
0 0.29046898638426627 0.25625 0.02118003025718608 0.003125
0 0.24130105900151286 0.25546875 0.01059001512859304 0.0015625
0 0.8978819969742814 0.246875 0.007564296520423601 0.003125
0 0.8615733736762481 0.246875 0.059001512859304085 0.00625
0 0.13540090771558244 0.24453125 0.007564296520423601 0.0046875
0 0.5317700453857791 0.26015625 0.32526475037821484 0.0390625
0 0.3237518910741301 0.2453125 0.06656580937972768 0.009375
0 0.2314674735249622 0.2453125 0.06959152798789713 0.009375
0 0.5325264750378215 0.23515625 0.0030257186081694403 0.0015625
0 0.13313161875945537 0.23359375 0.0030257186081694403 0.0015625
0 0.8214826021180031 0.228125 0.006051437216338881 0.003125
0 0.8721633888048411 0.22734375 0.08925869894099848 0.0078125
0 0.13010590015128592 0.225 0.009077155824508321 0.003125
0 0.3381240544629349 0.22890625 0.037821482602118005 0.0171875
0 0.012102874432677761 0.1125 0.006051437216338881 0.009375
0 0.0113464447806354 0.096875 0.0045385779122541605 0.00625
0 0.905446293494705 0.128125 0.18910741301059 0.18125
0 0.3698940998487141 0.178125 0.7216338880484114 0.28125
0 0.5703479576399395 0.01171875 0.009077155824508321 0.0109375
0 0.49924357034795763 0.00703125 0.006051437216338881 0.0140625
0 0.47276853252647505 0.0078125 0.01664145234493192 0.015625
0 0.4568835098335855 0.00859375 0.012102874432677761 0.0171875
0 0.4319213313161876 0.00859375 0.0045385779122541605 0.0171875
