0 0.5780590717299579 0.9931318681318682 0.029535864978902954 0.013736263736263736
0 0.45042194092827004 0.9931318681318682 0.0189873417721519 0.013736263736263736
0 0.410337552742616 0.9917582417582418 0.035864978902953586 0.016483516483516484
0 0.36603375527426163 0.9917582417582418 0.03164556962025317 0.016483516483516484
0 0.5443037974683544 0.9876373626373627 0.03375527426160337 0.024725274725274724
0 0.07172995780590717 0.7733516483516484 0.008438818565400843 0.008241758241758242
0 0.049578059071729956 0.771978021978022 0.006329113924050633 0.005494505494505495
0 0.052742616033755275 0.7582417582417582 0.008438818565400843 0.005494505494505495
0 0.03164556962025317 0.7568681318681318 0.008438818565400843 0.0027472527472527475
0 0.07172995780590717 0.7568681318681318 0.016877637130801686 0.013736263736263736
0 0.013713080168776372 0.7019230769230769 0.010548523206751054 0.013736263736263736
0 0.028481012658227847 0.29945054945054944 0.035864978902953586 0.038461538461538464
0 0.0010548523206751054 0.2541208791208791 0.002109704641350211 0.0027472527472527475
0 0.056962025316455694 0.23763736263736263 0.012658227848101266 0.013736263736263736
0 0.5 0.5 1.0 0.8571428571428571
0 0.5527426160337553 0.06043956043956044 0.046413502109704644 0.03296703296703297
0 0.5590717299578059 0.038461538461538464 0.02531645569620253 0.027472527472527472
0 0.5717299578059072 0.0260989010989011 0.008438818565400843 0.013736263736263736
0 0.5274261603375527 0.04395604395604396 0.03375527426160337 0.06593406593406594
0 0.43354430379746833 0.03708791208791209 0.023206751054852322 0.0521978021978022
0 0.39556962025316456 0.03571428571428571 0.04008438818565401 0.054945054945054944
0 0.3512658227848101 0.034340659340659344 0.03164556962025317 0.0521978021978022
