0 0.5619266055045872 0.9973118279569892 0.009174311926605505 0.005376344086021506
0 0.40711009174311924 0.9973118279569892 0.006880733944954129 0.005376344086021506
0 0.6938073394495413 0.9937275985663082 0.0022935779816513763 0.0017921146953405018
0 0.6662844036697247 0.996415770609319 0.011467889908256881 0.007168458781362007
0 0.5149082568807339 0.996415770609319 0.011467889908256881 0.007168458781362007
0 0.4610091743119266 0.996415770609319 0.013761467889908258 0.007168458781362007
0 0.7821100917431193 0.9865591397849462 0.045871559633027525 0.026881720430107527
0 0.5172018348623854 0.9829749103942652 0.2545871559633027 0.034050179211469536
0 0.02522935779816514 0.9354838709677419 0.01834862385321101 0.007168458781362007
0 0.02522935779816514 0.9256272401433692 0.022935779816513763 0.008960573476702509
0 0.02408256880733945 0.9148745519713262 0.02522935779816514 0.008960573476702509
0 0.020642201834862386 0.9032258064516129 0.01834862385321101 0.007168458781362007
0 0.020642201834862386 0.8933691756272402 0.022935779816513763 0.008960573476702509
0 0.016055045871559634 0.8826164874551972 0.013761467889908258 0.005376344086021506
0 0.01834862385321101 0.8709677419354839 0.01834862385321101 0.007168458781362007
0 0.013761467889908258 0.8602150537634409 0.009174311926605505 0.0035842293906810036
0 0.013761467889908258 0.850358422939068 0.01834862385321101 0.005376344086021506
0 0.006880733944954129 0.8387096774193549 0.013761467889908258 0.0035842293906810036
0 0.008027522935779817 0.8279569892473119 0.016055045871559634 0.007168458781362007
0 0.006880733944954129 0.818100358422939 0.013761467889908258 0.005376344086021506
0 0.005733944954128441 0.807347670250896 0.011467889908256881 0.005376344086021506
0 0.009174311926605505 0.796594982078853 0.01834862385321101 0.008960573476702509
0 0.16857798165137614 0.8646953405017921 0.20871559633027523 0.14874551971326164
0 0.338302752293578 0.8682795698924731 0.2775229357798165 0.15949820788530467
0 0.008027522935779817 0.7804659498207885 0.016055045871559634 0.008960573476702509
0 0.3084862385321101 0.7706093189964157 0.016055045871559634 0.0035842293906810036
0 0.2775229357798165 0.7697132616487455 0.009174311926605505 0.0017921146953405018
0 0.0045871559633027525 0.7706093189964157 0.009174311926605505 0.007168458781362007
0 0.0045871559633027525 0.7598566308243727 0.009174311926605505 0.007168458781362007
0 0.30619266055045874 0.7383512544802867 0.006880733944954129 0.0035842293906810036
0 0.0045871559633027525 0.7374551971326165 0.009174311926605505 0.005376344086021506
0 0.28325688073394495 0.728494623655914 0.006880733944954129 0.0017921146953405018
0 0.0034403669724770644 0.717741935483871 0.006880733944954129 0.005376344086021506
0 0.0022935779816513763 0.7078853046594982 0.0045871559633027525 0.0035842293906810036
0 0.0045871559633027525 0.696236559139785 0.009174311926605505 0.005376344086021506
0 0.0022935779816513763 0.6863799283154122 0.0045871559633027525 0.0035842293906810036
0 0.0022935779816513763 0.6747311827956989 0.0045871559633027525 0.005376344086021506
0 0.005733944954128441 0.6326164874551972 0.011467889908256881 0.007168458781362007
0 0.006880733944954129 0.6129032258064516 0.013761467889908258 0.02867383512544803
0 0.5 0.775089605734767 0.8944954128440367 0.35663082437275984
0 0.9885321100917431 0.5967741935483871 0.022935779816513763 0.025089605734767026
0 0.006880733944954129 0.546594982078853 0.013761467889908258 0.06093189964157706
0 0.9873853211009175 0.4489247311827957 0.02522935779816514 0.06272401433691756
0 0.9690366972477065 0.3279569892473118 0.06192660550458716 0.014336917562724014
0 0.338302752293578 0.29121863799283154 0.0022935779816513763 0.0017921146953405018
0 0.9690366972477065 0.2616487455197133 0.06192660550458716 0.035842293906810034
0 0.13761467889908258 0.22401433691756273 0.009174311926605505 0.007168458781362007
0 0.4873853211009174 0.3906810035842294 0.8830275229357798 0.4336917562724014
0 0.8440366972477065 0.17114695340501793 0.009174311926605505 0.008960573476702509
0 0.9575688073394495 0.13261648745519714 0.02522935779816514 0.014336917562724014
0 0.768348623853211 0.08870967741935484 0.05963302752293578 0.023297491039426525
0 0.6169724770642202 0.08333333333333333 0.23394495412844038 0.016129032258064516
0 0.9529816513761468 0.022401433691756272 0.06651376146788991 0.044802867383512544
0 0.10091743119266056 0.02956989247311828 0.2018348623853211 0.05913978494623656
