0 0.020042194092827006 0.826027397260274 0.002109704641350211 0.0027397260273972603
0 0.005274261603375527 0.7657534246575343 0.010548523206751054 0.03561643835616438
0 0.005274261603375527 0.7356164383561644 0.010548523206751054 0.0136986301369863
0 0.17827004219409281 0.12876712328767123 0.010548523206751054 0.005479452054794521
0 0.5 0.5273972602739726 1.0 0.863013698630137
0 0.5622362869198312 0.06301369863013699 0.04430379746835443 0.03287671232876712
0 0.5717299578059072 0.04246575342465753 0.012658227848101266 0.0136986301369863
0 0.5590717299578059 0.028767123287671233 0.004219409282700422 0.0027397260273972603
0 0.5812236286919831 0.024657534246575342 0.006329113924050633 0.010958904109589041
0 0.5305907172995781 0.045205479452054796 0.0189873417721519 0.06301369863013699
0 0.5432489451476793 0.015068493150684932 0.014767932489451477 0.00821917808219178
0 0.4440928270042194 0.03424657534246575 0.0189873417721519 0.052054794520547946
0 0.4050632911392405 0.031506849315068496 0.0379746835443038 0.057534246575342465
0 0.36075949367088606 0.028767123287671233 0.029535864978902954 0.057534246575342465
