0 0.6558752997601919 0.9964912280701754 0.007194244604316547 0.007017543859649123
0 0.6235011990407674 0.9964912280701754 0.004796163069544364 0.007017543859649123
0 0.46522781774580335 0.9947368421052631 0.03836930455635491 0.010526315789473684
0 0.40047961630695444 0.9929824561403509 0.03357314148681055 0.014035087719298246
0 0.749400479616307 0.9789473684210527 0.05995203836930456 0.042105263157894736
0 0.46642685851318944 0.9701754385964912 0.2805755395683453 0.05964912280701754
0 0.004796163069544364 0.8298245614035088 0.009592326139088728 0.09473684210526316
0 0.002398081534772182 0.7701754385964912 0.004796163069544364 0.010526315789473684
0 0.002398081534772182 0.7491228070175439 0.004796163069544364 0.017543859649122806
0 0.001199040767386091 0.7298245614035088 0.002398081534772182 0.014035087719298246
0 0.002398081534772182 0.7087719298245614 0.004796163069544364 0.014035087719298246
0 0.001199040767386091 0.6877192982456141 0.002398081534772182 0.007017543859649123
0 0.002398081534772182 0.6649122807017543 0.004796163069544364 0.010526315789473684
0 0.0035971223021582736 0.5210526315789473 0.007194244604316547 0.09473684210526316
0 0.001199040767386091 0.4614035087719298 0.002398081534772182 0.010526315789473684
0 0.001199040767386091 0.43859649122807015 0.002398081534772182 0.007017543859649123
0 0.001199040767386091 0.4192982456140351 0.002398081534772182 0.0035087719298245615
0 0.5095923261390888 0.5070175438596491 0.9808153477218226 0.8105263157894737
0 0.005995203836930456 0.24912280701754386 0.011990407673860911 0.3087719298245614
0 0.6810551558752997 0.06491228070175438 0.009592326139088728 0.010526315789473684
0 0.6486810551558753 0.05087719298245614 0.02158273381294964 0.03859649122807018
0 0.684652278177458 0.03859649122807018 0.016786570743405275 0.021052631578947368
0 0.6606714628297362 0.03508771929824561 0.011990407673860911 0.021052631578947368
0 0.6906474820143885 0.0035087719298245615 0.004796163069544364 0.007017543859649123
0 0.6726618705035972 0.005263157894736842 0.011990407673860911 0.010526315789473684
0 0.6163069544364509 0.03333333333333333 0.014388489208633094 0.06666666666666667
0 0.5035971223021583 0.02456140350877193 0.014388489208633094 0.04912280701754386
0 0.45323741007194246 0.02456140350877193 0.05275779376498801 0.04912280701754386
0 0.3920863309352518 0.02280701754385965 0.0407673860911271 0.0456140350877193
