0 0.4714566929133858 0.9916943521594684 0.00984251968503937 0.016611295681063124
0 0.4891732283464567 0.9850498338870431 0.013779527559055118 0.009966777408637873
0 0.5511811023622047 0.9883720930232558 0.003937007874015748 0.023255813953488372
0 0.3858267716535433 0.9883720930232558 0.023622047244094488 0.023255813953488372
0 0.3405511811023622 0.9867109634551495 0.031496062992125984 0.026578073089700997
0 0.29822834645669294 0.9850498338870431 0.021653543307086614 0.029900332225913623
0 0.5787401574803149 0.9833887043189369 0.011811023622047244 0.03322259136212625
0 0.5521653543307087 0.9651162790697675 0.001968503937007874 0.0033222591362126247
0 0.3494094488188976 0.9667774086378738 0.20669291338582677 0.0664451827242525
0 0.9980314960629921 0.8787375415282392 0.003937007874015748 0.016611295681063124
0 0.9970472440944882 0.840531561461794 0.005905511811023622 0.006644518272425249
0 0.9970472440944882 0.8122923588039868 0.005905511811023622 0.009966777408637873
0 0.9960629921259843 0.48172757475083056 0.007874015748031496 0.026578073089700997
0 0.9301181102362205 0.4584717607973422 0.001968503937007874 0.006644518272425249
0 0.9360236220472441 0.43521594684385384 0.005905511811023622 0.006644518272425249
0 0.9616141732283464 0.3554817275747508 0.03740157480314961 0.019933554817275746
0 0.9960629921259843 0.31727574750830567 0.007874015748031496 0.009966777408637873
0 0.5118110236220472 0.5946843853820598 0.9763779527559056 0.6511627906976745
0 0.8297244094488189 0.2823920265780731 0.28937007874015747 0.03322259136212625
0 0.9980314960629921 0.2441860465116279 0.003937007874015748 0.009966777408637873
0 0.8622047244094488 0.2441860465116279 0.24015748031496062 0.029900332225913623
0 0.9990157480314961 0.21096345514950166 0.001968503937007874 0.0033222591362126247
0 0.5029527559055118 0.23754152823920266 0.9547244094488189 0.06976744186046512
0 0.5059055118110236 0.11627906976744186 0.9566929133858267 0.17275747508305647
0 0.5866141732283464 0.006644518272425249 0.003937007874015748 0.013289036544850499
0 0.36220472440944884 0.009966777408637873 0.20078740157480315 0.019933554817275746
