0 0.5443396226415095 0.9902173913043478 0.005660377358490566 0.006521739130434782
0 0.4641509433962264 0.9923913043478261 0.018867924528301886 0.015217391304347827
0 0.5632075471698114 0.9836956521739131 0.009433962264150943 0.006521739130434782
0 0.4207547169811321 0.9902173913043478 0.026415094339622643 0.01956521739130435
0 0.37924528301886795 0.9902173913043478 0.018867924528301886 0.01956521739130435
0 0.5 0.5141304347826087 1.0 0.8760869565217392
0 0.5839622641509434 0.059782608695652176 0.0018867924528301887 0.002173913043478261
0 0.5424528301886793 0.06086956521739131 0.020754716981132074 0.021739130434782608
0 0.569811320754717 0.04891304347826087 0.007547169811320755 0.006521739130434782
0 0.5311320754716982 0.041304347826086954 0.0018867924528301887 0.008695652173913044
0 0.5330188679245284 0.020652173913043477 0.005660377358490566 0.006521739130434782
0 0.4528301886792453 0.03695652173913044 0.018867924528301886 0.043478260869565216
0 0.4169811320754717 0.03695652173913044 0.04150943396226415 0.04782608695652174
0 0.36981132075471695 0.034782608695652174 0.018867924528301886 0.043478260869565216
0 0.5509433962264151 0.013043478260869565 0.007547169811320755 0.004347826086956522
0 0.6216981132075472 0.043478260869565216 0.035849056603773584 0.08695652173913043
0 0.4179245283018868 0.042391304347826085 0.2018867924528302 0.08478260869565217
