0 0.5384615384615384 0.9926160337552743 0.003663003663003663 0.006329113924050633
0 0.5173992673992674 0.9936708860759493 0.009157509157509158 0.012658227848101266
0 0.48534798534798534 0.9862869198312236 0.01098901098901099 0.027426160337552744
0 0.4065934065934066 0.9862869198312236 0.02197802197802198 0.027426160337552744
0 0.5073260073260073 0.9746835443037974 0.029304029304029304 0.012658227848101266
0 0.36721611721611724 0.9841772151898734 0.031135531135531136 0.03164556962025317
0 0.326007326007326 0.9831223628691983 0.02197802197802198 0.03375527426160337
0 0.5695970695970696 0.9757383966244726 0.03663003663003663 0.04852320675105485
0 0.5366300366300366 0.9525316455696202 0.003663003663003663 0.002109704641350211
0 0.5238095238095238 0.9525316455696202 0.003663003663003663 0.002109704641350211
0 0.5091575091575091 0.9525316455696202 0.003663003663003663 0.002109704641350211
0 0.49633699633699635 0.95042194092827 0.003663003663003663 0.002109704641350211
0 0.37454212454212454 0.9683544303797469 0.19963369963369965 0.06329113924050633
0 0.5 0.520042194092827 1.0 0.8544303797468354
0 0.9963369963369964 0.05485232067510549 0.007326007326007326 0.004219409282700422
0 0.49725274725274726 0.052742616033755275 0.005494505494505495 0.004219409282700422
0 0.5265567765567766 0.03375527426160337 0.009157509157509158 0.02531645569620253
0 0.4981684981684982 0.052742616033755275 0.06227106227106227 0.06751054852320675
0 0.42216117216117216 0.049578059071729956 0.32051282051282054 0.09915611814345991
