0 0.5809443507588533 0.9982578397212544 0.00505902192242833 0.003484320557491289
0 0.4679595278246206 0.9965156794425087 0.011804384485666104 0.006968641114982578
0 0.40134907251264756 0.9965156794425087 0.01011804384485666 0.006968641114982578
0 0.5370994940978078 0.9956445993031359 0.008431703204047217 0.008710801393728223
0 0.4342327150084317 0.9956445993031359 0.02866779089376054 0.008710801393728223
0 0.5531197301854974 0.9912891986062717 0.01011804384485666 0.006968641114982578
0 0.6112984822934233 0.9843205574912892 0.03541315345699832 0.0313588850174216
0 0.44097807757166946 0.9843205574912892 0.1703204047217538 0.0313588850174216
0 0.4266441821247892 0.7926829268292683 0.026981450252951095 0.006968641114982578
0 0.357504215851602 0.7656794425087108 0.003372681281618887 0.0017421602787456446
0 0.7731871838111298 0.75 0.00505902192242833 0.0017421602787456446
0 0.35497470489038785 0.7473867595818815 0.008431703204047217 0.003484320557491289
0 0.0657672849915683 0.7508710801393729 0.03035413153456998 0.05574912891986063
0 0.8946037099494097 0.7073170731707317 0.00505902192242833 0.003484320557491289
0 0.1467116357504216 0.7047038327526133 0.003372681281618887 0.005226480836236934
0 0.1475548060708263 0.6925087108013938 0.00505902192242833 0.005226480836236934
0 0.3490725126475548 0.6733449477351916 0.006745362563237774 0.005226480836236934
0 0.9317032040472175 0.6646341463414634 0.00505902192242833 0.005226480836236934
0 0.7706576728499157 0.6628919860627178 0.003372681281618887 0.0017421602787456446
0 0.815345699831366 0.6297909407665505 0.0016863406408094434 0.0017421602787456446
0 0.8195615514333895 0.6132404181184669 0.003372681281618887 0.003484320557491289
0 0.403035413153457 0.6114982578397212 0.006745362563237774 0.006968641114982578
0 0.6838111298482293 0.6054006968641115 0.0016863406408094434 0.0017421602787456446
0 0.8347386172006745 0.6071428571428571 0.01011804384485666 0.012195121951219513
0 0.521079258010118 0.5914634146341463 0.003372681281618887 0.0017421602787456446
0 0.6686340640809444 0.6202090592334495 0.28499156829679595 0.07665505226480836
0 0.4451939291736931 0.5844947735191638 0.02023608768971332 0.0156794425087108
0 0.575885328836425 0.5722996515679443 0.02866779089376054 0.01916376306620209
0 0.5640809443507588 0.563588850174216 0.00505902192242833 0.0017421602787456446
0 0.5961214165261383 0.5618466898954704 0.00505902192242833 0.005226480836236934
0 0.769814502529511 0.5165505226480837 0.01517706576728499 0.01916376306620209
0 0.5278246205733558 0.5156794425087108 0.03709949409780776 0.03832752613240418
0 0.7706576728499157 0.4799651567944251 0.01011804384485666 0.012195121951219513
0 0.5 0.6759581881533101 1.0 0.5923344947735192
0 0.15851602023608768 0.3876306620209059 0.06745362563237774 0.0156794425087108
0 0.5935919055649241 0.37717770034843207 0.7655986509274874 0.036585365853658534
0 0.5935919055649241 0.289198606271777 0.7858347386172007 0.05574912891986063
0 0.5 0.3667247386759582 1.0 0.6463414634146342
0 0.5489038785834739 0.04442508710801394 0.01854974704890388 0.008710801393728223
0 0.5716694772344013 0.037456445993031356 0.003372681281618887 0.0017421602787456446
0 0.581787521079258 0.03484320557491289 0.013490725126475547 0.017421602787456445
0 0.5666104553119731 0.023519163763066203 0.003372681281618887 0.005226480836236934
0 0.4730185497470489 0.02700348432055749 0.01517706576728499 0.029616724738675958
0 0.3988195615514334 0.027874564459930314 0.01517706576728499 0.0313588850174216
0 0.43676222596964587 0.02700348432055749 0.03372681281618887 0.033101045296167246
0 0.5522765598650927 0.020905923344947737 0.02866779089376054 0.024390243902439025
0 0.581787521079258 0.01132404181184669 0.01011804384485666 0.008710801393728223
0 0.5581787521079258 0.006968641114982578 0.006745362563237774 0.003484320557491289
