0 0.707774798927614 0.9940944881889764 0.07506702412868632 0.011811023622047244
0 0.45576407506702415 0.9507874015748031 0.04825737265415549 0.08267716535433071
0 0.5107238605898123 0.9448818897637795 0.05093833780160858 0.08661417322834646
0 0.5683646112600537 0.937007874015748 0.032171581769437 0.07874015748031496
0 0.710455764075067 0.9251968503937008 0.09115281501340483 0.10236220472440945
0 0.7332439678284183 0.8956692913385826 0.040214477211796246 0.051181102362204724
0 0.707774798927614 0.8740157480314961 0.021447721179624665 0.023622047244094488
0 0.5214477211796247 0.9192913385826772 0.2868632707774799 0.16141732283464566
0 0.792225201072386 0.9035433070866141 0.06702412868632708 0.16929133858267717
0 0.03351206434316354 0.6712598425196851 0.01876675603217158 0.011811023622047244
0 0.029490616621983913 0.6692913385826772 0.058981233243967826 0.4409448818897638
0 0.9919571045576407 0.30708661417322836 0.0160857908847185 0.007874015748031496
0 0.03753351206434316 0.20275590551181102 0.005361930294906166 0.003937007874015748
0 0.022788203753351208 0.3051181102362205 0.045576407506702415 0.2795275590551181
0 0.028150134048257374 0.12598425196850394 0.05630026809651475 0.047244094488188976
0 0.5402144772117963 0.4409448818897638 0.9195710455764075 0.8818897637795275
0 0.7278820375335121 0.005905511811023622 0.08310991957104558 0.011811023622047244
0 0.5348525469168901 0.023622047244094488 0.2707774798927614 0.047244094488188976
