0 0.7170868347338936 0.9958847736625515 0.011204481792717087 0.00823045267489712
0 0.4481792717086835 0.9814814814814815 0.028011204481792718 0.037037037037037035
0 0.49019607843137253 0.977366255144033 0.022408963585434174 0.04526748971193416
0 0.561624649859944 0.9753086419753086 0.025210084033613446 0.04938271604938271
0 0.6722689075630253 0.9670781893004116 0.01680672268907563 0.06584362139917696
0 0.7282913165266106 0.9444444444444444 0.028011204481792718 0.037037037037037035
0 0.02100840336134454 0.7078189300411523 0.04201680672268908 0.41975308641975306
0 0.011204481792717087 0.3477366255144033 0.022408963585434174 0.25925925925925924
0 0.01680672268907563 0.15637860082304528 0.03361344537815126 0.07407407407407407
0 0.530812324929972 0.5 0.938375350140056 1.0
0 0.7478991596638656 0.00823045267489712 0.03361344537815126 0.01646090534979424
0 0.7016806722689075 0.012345679012345678 0.03081232492997199 0.024691358024691357
0 0.4733893557422969 0.00411522633744856 0.011204481792717087 0.00823045267489712
0 0.5280112044817927 0.02880658436213992 0.2661064425770308 0.05761316872427984
