0 0.40109034267912774 0.9978991596638656 0.004672897196261682 0.004201680672268907
0 0.4696261682242991 0.9968487394957983 0.00778816199376947 0.0063025210084033615
0 0.42445482866043616 0.9968487394957983 0.004672897196261682 0.0063025210084033615
0 0.969626168224299 0.6712184873949579 0.020249221183800622 0.0063025210084033615
0 0.9431464174454829 0.6565126050420168 0.017133956386292833 0.0063025210084033615
0 0.5 0.5 1.0 0.8739495798319328
0 0.530373831775701 0.018907563025210083 0.001557632398753894 0.004201680672268907
0 0.5996884735202492 0.026260504201680673 0.01557632398753894 0.052521008403361345
0 0.5802180685358256 0.026260504201680673 0.010903426791277258 0.052521008403361345
0 0.5506230529595015 0.011554621848739496 0.010903426791277258 0.023109243697478993
0 0.5155763239875389 0.009453781512605041 0.006230529595015576 0.018907563025210083
0 0.4470404984423676 0.012605042016806723 0.006230529595015576 0.025210084033613446
0 0.4127725856697819 0.01365546218487395 0.03426791277258567 0.0273109243697479
0 0.37850467289719625 0.011554621848739496 0.006230529595015576 0.023109243697478993
0 0.4174454828660436 0.025210084033613446 0.17133956386292834 0.05042016806722689
