0 0.5738724727838258 0.9989495798319328 0.003110419906687403 0.0021008403361344537
0 0.4035769828926905 0.9968487394957983 0.007776049766718507 0.0063025210084033615
0 0.4284603421461897 0.9957983193277311 0.007776049766718507 0.008403361344537815
0 0.4727838258164852 0.9947478991596639 0.012441679626749611 0.01050420168067227
0 0.645412130637636 0.782563025210084 0.003110419906687403 0.0021008403361344537
0 0.7993779160186625 0.7636554621848739 0.00933125972006221 0.0063025210084033615
0 0.6469673405909798 0.759453781512605 0.015552099533437015 0.0021008403361344537
0 0.7978227060653188 0.7542016806722689 0.006220839813374806 0.004201680672268907
0 0.9199066874027994 0.7489495798319328 0.0015552099533437014 0.0021008403361344537
0 0.8094867807153966 0.7436974789915967 0.038880248833592534 0.008403361344537815
0 0.9059097978227061 0.7394957983193278 0.03265940902021773 0.004201680672268907
0 0.6493001555209953 0.7363445378151261 0.004665629860031105 0.0021008403361344537
0 0.6290824261275272 0.7363445378151261 0.0015552099533437014 0.0021008403361344537
0 0.8118195956454122 0.7321428571428571 0.006220839813374806 0.0021008403361344537
0 0.8001555209953344 0.7321428571428571 0.01088646967340591 0.0063025210084033615
0 0.9020217729393468 0.7289915966386554 0.006220839813374806 0.004201680672268907
0 0.6283048211508554 0.7258403361344538 0.003110419906687403 0.0021008403361344537
0 0.9362363919129082 0.7163865546218487 0.00933125972006221 0.004201680672268907
0 0.9409020217729394 0.7016806722689075 0.00933125972006221 0.004201680672268907
0 0.9463452566096423 0.6628151260504201 0.004665629860031105 0.0021008403361344537
0 0.08786936236391912 0.2510504201680672 0.007776049766718507 0.0021008403361344537
0 0.5 0.49789915966386555 1.0 0.8697478991596639
0 0.5357698289269052 0.03676470588235294 0.0015552099533437014 0.0021008403361344537
0 0.5458786936236392 0.029411764705882353 0.003110419906687403 0.004201680672268907
0 0.5334370139968896 0.02100840336134454 0.003110419906687403 0.008403361344537815
0 0.5948678071539658 0.028361344537815126 0.03265940902021773 0.05672268907563025
0 0.5552099533437014 0.012605042016806723 0.012441679626749611 0.025210084033613446
0 0.5451010886469674 0.0021008403361344537 0.004665629860031105 0.004201680672268907
0 0.5202177293934681 0.011554621848739496 0.007776049766718507 0.023109243697478993
0 0.4510108864696734 0.01365546218487395 0.006220839813374806 0.0273109243697479
0 0.416796267496112 0.014705882352941176 0.03421461897356143 0.029411764705882353
0 0.38258164852255055 0.012605042016806723 0.006220839813374806 0.025210084033613446
0 0.4214618973561431 0.026260504201680673 0.17107309486780714 0.052521008403361345
