0 0.09567901234567901 0.9951690821256038 0.19135802469135801 0.00966183574879227
0 0.6234567901234568 0.9794685990338164 0.012345679012345678 0.016908212560386472
0 0.625 0.9516908212560387 0.009259259259259259 0.00966183574879227
0 0.566358024691358 0.967391304347826 0.033950617283950615 0.050724637681159424
0 0.5802469135802469 0.9420289855072463 0.012345679012345678 0.004830917874396135
0 0.6929012345679012 0.9625603864734299 0.027777777777777776 0.0748792270531401
0 0.6604938271604939 0.9625603864734299 0.018518518518518517 0.0748792270531401
0 0.39814814814814814 0.9516908212560387 0.2777777777777778 0.0966183574879227
0 0.13117283950617284 0.8103864734299517 0.015432098765432098 0.0024154589371980675
0 0.010802469135802469 0.8188405797101449 0.021604938271604937 0.033816425120772944
0 0.007716049382716049 0.7874396135265701 0.015432098765432098 0.004830917874396135
0 0.2839506172839506 0.8140096618357487 0.24074074074074073 0.12077294685990338
0 0.36728395061728397 0.7475845410628019 0.012345679012345678 0.007246376811594203
0 0.36574074074074076 0.7282608695652174 0.0030864197530864196 0.0024154589371980675
0 0.36882716049382713 0.7089371980676329 0.009259259259259259 0.007246376811594203
0 0.404320987654321 0.6859903381642513 0.006172839506172839 0.004830917874396135
0 0.026234567901234566 0.6364734299516909 0.015432098765432098 0.012077294685990338
0 0.06018518518518518 0.6328502415458938 0.015432098765432098 0.028985507246376812
0 0.018518518518518517 0.6231884057971014 0.037037037037037035 0.028985507246376812
0 0.33641975308641975 0.5917874396135265 0.018518518518518517 0.043478260869565216
0 0.19444444444444445 0.607487922705314 0.043209876543209874 0.0748792270531401
0 0.0787037037037037 0.5797101449275363 0.040123456790123455 0.028985507246376812
0 0.032407407407407406 0.5785024154589372 0.015432098765432098 0.026570048309178744
0 0.375 0.6304347826086957 0.10185185185185185 0.14009661835748793
0 0.12345679012345678 0.5652173913043478 0.018518518518518517 0.00966183574879227
0 0.009259259259259259 0.5688405797101449 0.018518518518518517 0.016908212560386472
0 0.2052469135802469 0.4504830917874396 0.027777777777777776 0.016908212560386472
0 0.05401234567901234 0.4553140096618358 0.10802469135802469 0.036231884057971016
0 0.20833333333333334 0.4335748792270531 0.021604938271604937 0.007246376811594203
0 0.6342592592592593 0.20169082125603865 0.0030864197530864196 0.0024154589371980675
0 0.46141975308641975 0.17149758454106281 0.046296296296296294 0.00966183574879227
0 0.5 0.532608695652174 1.0 0.7318840579710145
0 0.9614197530864198 0.16545893719806765 0.05246913580246913 0.016908212560386472
0 0.21141975308641975 0.16304347826086957 0.4228395061728395 0.026570048309178744
0 0.45987654320987653 0.1497584541062802 0.037037037037037035 0.00966183574879227
0 0.33024691358024694 0.1461352657004831 0.006172839506172839 0.0024154589371980675
0 0.38117283950617287 0.14855072463768115 0.07098765432098765 0.012077294685990338
0 0.30864197530864196 0.14371980676328502 0.018518518518518517 0.0024154589371980675
0 0.28858024691358025 0.14371980676328502 0.009259259259259259 0.0024154589371980675
0 0.26080246913580246 0.14251207729468598 0.027777777777777776 0.004830917874396135
0 0.9382716049382716 0.14492753623188406 0.043209876543209874 0.01932367149758454
0 0.13580246913580246 0.13647342995169082 0.006172839506172839 0.0024154589371980675
0 0.45987654320987653 0.13043478260869565 0.037037037037037035 0.00966183574879227
0 0.9459876543209876 0.12560386473429952 0.009259259259259259 0.004830917874396135
0 0.3888888888888889 0.1280193236714976 0.043209876543209874 0.00966183574879227
0 0.4583333333333333 0.10990338164251208 0.033950617283950615 0.007246376811594203
0 0.39351851851851855 0.10748792270531402 0.033950617283950615 0.007246376811594203
0 0.625 0.03864734299516908 0.009259259259259259 0.004830917874396135
0 0.3256172839506173 0.01932367149758454 0.0030864197530864196 0.004830917874396135
0 0.566358024691358 0.016908212560386472 0.009259259259259259 0.014492753623188406
0 0.4567901234567901 0.013285024154589372 0.012345679012345678 0.026570048309178744
0 0.39969135802469136 0.013285024154589372 0.05246913580246913 0.026570048309178744
0 0.3487654320987654 0.012077294685990338 0.018518518518518517 0.024154589371980676
