0 0.2141057934508816 0.9911417322834646 0.04030226700251889 0.017716535433070866
0 0.013853904282115869 0.9635826771653543 0.027707808564231738 0.07283464566929133
0 0.47858942065491183 0.9566929133858267 0.05037783375314862 0.08661417322834646
0 0.010075566750629723 0.9173228346456693 0.020151133501259445 0.007874015748031496
0 0.473551637279597 0.9084645669291339 0.015113350125944584 0.005905511811023622
0 0.4836272040302267 0.8956692913385826 0.04030226700251889 0.011811023622047244
0 0.011335012594458438 0.8917322834645669 0.022670025188916875 0.007874015748031496
0 0.011335012594458438 0.8779527559055118 0.022670025188916875 0.007874015748031496
0 0.49748110831234255 0.8700787401574803 0.007556675062972292 0.003937007874015748
0 0.4836272040302267 0.8769685039370079 0.04030226700251889 0.021653543307086614
0 0.006297229219143577 0.8681102362204725 0.012594458438287154 0.003937007874015748
0 0.010075566750629723 0.8543307086614174 0.020151133501259445 0.007874015748031496
0 0.48614609571788414 0.8543307086614174 0.03526448362720403 0.01968503937007874
0 0.060453400503778336 0.8336614173228346 0.010075566750629723 0.005905511811023622
0 0.48866498740554154 0.8346456692913385 0.03526448362720403 0.011811023622047244
0 0.011335012594458438 0.8336614173228346 0.022670025188916875 0.00984251968503937
0 0.006297229219143577 0.8228346456692913 0.012594458438287154 0.007874015748031496
0 0.48866498740554154 0.812007874015748 0.030226700251889168 0.00984251968503937
0 0.060453400503778336 0.8100393700787402 0.015113350125944584 0.00984251968503937
0 0.012594458438287154 0.8100393700787402 0.02518891687657431 0.013779527559055118
0 0.482367758186398 0.8011811023622047 0.012594458438287154 0.007874015748031496
0 0.005037783375314861 0.7982283464566929 0.010075566750629723 0.005905511811023622
0 0.061712846347607056 0.7864173228346457 0.012594458438287154 0.00984251968503937
0 0.061712846347607056 0.7755905511811023 0.007556675062972292 0.003937007874015748
0 0.48866498740554154 0.7834645669291339 0.030226700251889168 0.023622047244094488
0 0.010075566750629723 0.780511811023622 0.020151133501259445 0.021653543307086614
0 0.061712846347607056 0.7618110236220472 0.012594458438287154 0.007874015748031496
0 0.30856423173803527 0.6328740157480315 0.0327455919395466 0.005905511811023622
0 0.10957178841309824 0.6309055118110236 0.0025188916876574307 0.001968503937007874
0 0.06926952141057935 0.6309055118110236 0.027707808564231738 0.00984251968503937
0 0.011335012594458438 0.6968503937007874 0.022670025188916875 0.14173228346456693
0 0.29848866498740556 0.6230314960629921 0.012594458438287154 0.005905511811023622
0 0.06675062972292191 0.6210629921259843 0.012594458438287154 0.001968503937007874
0 0.006297229219143577 0.6200787401574803 0.012594458438287154 0.003937007874015748
0 0.19899244332493704 0.6112204724409449 0.05037783375314862 0.005905511811023622
0 0.47858942065491183 0.6122047244094488 0.055415617128463476 0.011811023622047244
0 0.3060453400503778 0.6112204724409449 0.042821158690176324 0.00984251968503937
0 0.1309823677581864 0.610236220472441 0.060453400503778336 0.007874015748031496
0 0.07052896725440806 0.609251968503937 0.030226700251889168 0.00984251968503937
0 0.010075566750629723 0.6082677165354331 0.020151133501259445 0.011811023622047244
0 0.29974811083123426 0.5984251968503937 0.030226700251889168 0.007874015748031496
0 0.12468513853904283 0.5974409448818898 0.1385390428211587 0.00984251968503937
0 0.29974811083123426 0.5866141732283464 0.015113350125944584 0.003937007874015748
0 0.2795969773299748 0.6751968503937008 0.4534005037783375 0.1889763779527559
0 0.06926952141057935 0.5836614173228346 0.022670025188916875 0.005905511811023622
0 0.010075566750629723 0.5885826771653543 0.020151133501259445 0.023622047244094488
0 0.3035264483627204 0.5718503937007874 0.0327455919395466 0.005905511811023622
0 0.16120906801007556 0.5708661417322834 0.015113350125944584 0.003937007874015748
0 0.4168765743073048 0.5728346456692913 0.17380352644836272 0.011811023622047244
0 0.12342569269521411 0.5698818897637795 0.03526448362720403 0.005905511811023622
0 0.0743073047858942 0.5708661417322834 0.037783375314861464 0.007874015748031496
0 0.44710327455919396 0.5600393700787402 0.10831234256926953 0.00984251968503937
0 0.06926952141057935 0.5570866141732284 0.022670025188916875 0.003937007874015748
0 0.38413098236775817 0.547244094488189 0.22921914357682618 0.007874015748031496
0 0.2531486146095718 0.5442913385826772 0.017632241813602016 0.001968503937007874
0 0.1385390428211587 0.5442913385826772 0.08564231738035265 0.005905511811023622
0 0.07052896725440806 0.5442913385826772 0.030226700251889168 0.005905511811023622
0 0.1952141057934509 0.53248031496063 0.0025188916876574307 0.001968503937007874
0 0.17632241813602015 0.531496062992126 0.02518891687657431 0.003937007874015748
0 0.15365239294710328 0.531496062992126 0.010075566750629723 0.003937007874015748
0 0.13727959697732997 0.531496062992126 0.012594458438287154 0.003937007874015748
0 0.42947103274559195 0.5334645669291339 0.14357682619647355 0.011811023622047244
0 0.08816120906801007 0.530511811023622 0.060453400503778336 0.005905511811023622
0 0.3866498740554156 0.5206692913385826 0.007556675062972292 0.001968503937007874
0 0.371536523929471 0.5206692913385826 0.012594458438287154 0.001968503937007874
0 0.4634760705289673 0.5216535433070866 0.0654911838790932 0.007874015748031496
0 0.19899244332493704 0.5187007874015748 0.28211586901763225 0.005905511811023622
0 0.011335012594458438 0.5433070866141733 0.022670025188916875 0.06299212598425197
0 0.08060453400503778 0.5049212598425197 0.04030226700251889 0.001968503937007874
0 0.10327455919395466 0.49311023622047245 0.010075566750629723 0.001968503937007874
0 0.4609571788413098 0.5009842519685039 0.0654911838790932 0.021653543307086614
0 0.011335012594458438 0.49901574803149606 0.022670025188916875 0.021653543307086614
0 0.4622166246851385 0.4822834645669291 0.05793450881612091 0.011811023622047244
0 0.011335012594458438 0.4793307086614173 0.022670025188916875 0.013779527559055118
0 0.47732997481108314 0.4704724409448819 0.012594458438287154 0.007874015748031496
0 0.4748110831234257 0.4596456692913386 0.022670025188916875 0.00984251968503937
0 0.6876574307304786 0.2559055118110236 0.030226700251889168 0.051181102362204724
0 0.6171284634760705 0.2470472440944882 0.02518891687657431 0.03346456692913386
0 0.5806045340050378 0.24606299212598426 0.022670025188916875 0.031496062992125984
0 0.6511335012594458 0.2588582677165354 0.037783375314861464 0.0610236220472441
0 0.5478589420654912 0.2440944881889764 0.022670025188916875 0.031496062992125984
0 0.9156171284634761 0.22539370078740156 0.012594458438287154 0.005905511811023622
0 0.8753148614609572 0.22440944881889763 0.007556675062972292 0.003937007874015748
0 0.7204030226700252 0.610236220472441 0.5591939546599496 0.7795275590551181
0 0.8047858942065491 0.22145669291338582 0.007556675062972292 0.001968503937007874
0 0.7720403022670025 0.2204724409448819 0.007556675062972292 0.003937007874015748
0 0.739294710327456 0.2204724409448819 0.007556675062972292 0.003937007874015748
0 0.08438287153652393 0.3316929133858268 0.05793450881612091 0.2263779527559055
0 0.6385390428211587 0.21751968503937008 0.012594458438287154 0.005905511811023622
0 0.5403022670025189 0.21456692913385828 0.007556675062972292 0.003937007874015748
0 0.013853904282115869 0.3375984251968504 0.027707808564231738 0.25
0 0.003778337531486146 0.20078740157480315 0.007556675062972292 0.003937007874015748
0 0.9496221662468514 0.20078740157480315 0.04030226700251889 0.007874015748031496
0 0.8916876574307305 0.19980314960629922 0.010075566750629723 0.005905511811023622
0 0.9269521410579346 0.17519685039370078 0.04030226700251889 0.007874015748031496
0 0.8702770780856424 0.1732283464566929 0.017632241813602016 0.007874015748031496
0 0.7367758186397985 0.1702755905511811 0.06297229219143577 0.005905511811023622
0 0.6435768261964736 0.16830708661417323 0.06801007556675064 0.005905511811023622
0 0.8576826196473551 0.16043307086614172 0.0025188916876574307 0.001968503937007874
0 0.9017632241813602 0.14960629921259844 0.03526448362720403 0.007874015748031496
0 0.8488664987405542 0.14763779527559054 0.020151133501259445 0.007874015748031496
0 0.7581863979848866 0.14566929133858267 0.10579345088161209 0.007874015748031496
0 0.6511335012594458 0.14271653543307086 0.007556675062972292 0.001968503937007874
0 0.6801007556675063 0.14271653543307086 0.020151133501259445 0.005905511811023622
0 0.003778337531486146 0.1377952755905512 0.007556675062972292 0.003937007874015748
0 0.783375314861461 0.1328740157480315 0.010075566750629723 0.001968503937007874
0 0.012594458438287154 0.125 0.02518891687657431 0.005905511811023622
0 0.8652392947103275 0.1220472440944882 0.10831234256926953 0.007874015748031496
0 0.7758186397984886 0.12007874015748031 0.02518891687657431 0.007874015748031496
0 0.011335012594458438 0.11318897637795275 0.022670025188916875 0.005905511811023622
0 0.9156171284634761 0.09940944881889764 0.0025188916876574307 0.001968503937007874
0 0.013853904282115869 0.10039370078740158 0.027707808564231738 0.007874015748031496
0 0.013853904282115869 0.08759842519685039 0.027707808564231738 0.005905511811023622
0 0.5188916876574308 0.021653543307086614 0.010075566750629723 0.007874015748031496
