0 0.612531969309463 0.9644194756554307 0.06905370843989769 0.07116104868913857
0 0.45012787723785164 0.947565543071161 0.02557544757033248 0.06741573033707865
0 0.329923273657289 0.9213483146067416 0.015345268542199489 0.0149812734082397
0 0.5677749360613811 0.9550561797752809 0.020460358056265986 0.0898876404494382
0 0.40281329923273657 0.947565543071161 0.017902813299232736 0.0749063670411985
0 0.34782608695652173 0.9456928838951311 0.056265984654731455 0.07116104868913857
0 0.5971867007672634 0.9119850187265918 0.0076726342710997444 0.011235955056179775
0 0.6150895140664961 0.9082397003745318 0.01278772378516624 0.011235955056179775
0 0.5 0.44569288389513106 1.0 0.8314606741573034
0 0.3030690537084399 0.0056179775280898875 0.12020460358056266 0.011235955056179775
