0 0.06958762886597938 0.962253829321663 0.03608247422680412 0.016411378555798686
0 0.12628865979381443 0.9513129102844639 0.001718213058419244 0.0010940919037199124
0 0.7981099656357389 0.9398249452954048 0.005154639175257732 0.0087527352297593
0 0.7843642611683849 0.9359956236323851 0.001718213058419244 0.0032822757111597373
0 0.9407216494845361 0.9316192560175055 0.070446735395189 0.007658643326039387
0 0.7981099656357389 0.9294310722100656 0.005154639175257732 0.005470459518599562
0 0.5034364261168385 0.9573304157549234 0.993127147766323 0.08533916849015317
0 0.5128865979381443 0.9108315098468271 0.001718213058419244 0.0010940919037199124
0 0.4733676975945017 0.9113785557986871 0.06357388316151202 0.002188183807439825
0 0.5713058419243986 0.9102844638949672 0.10481099656357389 0.002188183807439825
0 0.679553264604811 0.9097374179431073 0.08419243986254296 0.0032822757111597373
0 0.7250859106529209 0.9020787746170679 0.003436426116838488 0.0010940919037199124
0 0.5773195876288659 0.9042669584245077 0.28865979381443296 0.005470459518599562
0 0.49312714776632305 0.8977024070021882 0.010309278350515464 0.0010940919037199124
0 0.46649484536082475 0.8977024070021882 0.012027491408934709 0.0010940919037199124
0 0.6683848797250859 0.8966083150984683 0.07903780068728522 0.0032822757111597373
0 0.024054982817869417 0.8938730853391685 0.020618556701030927 0.002188183807439825
0 0.5979381443298969 0.8894967177242888 0.2920962199312715 0.006564551422319475
0 0.5369415807560137 0.8834792122538293 0.012027491408934709 0.0010940919037199124
0 0.506872852233677 0.8840262582056893 0.041237113402061855 0.002188183807439825
0 0.5764604810996563 0.8829321663019694 0.05326460481099656 0.002188183807439825
0 0.6563573883161512 0.8823851203501094 0.08247422680412371 0.0032822757111597373
0 0.03178694158075601 0.8796498905908097 0.0429553264604811 0.002188183807439825
0 0.6065292096219931 0.87472647702407 0.27491408934707906 0.007658643326039387
0 0.6065292096219931 0.8676148796498906 0.21305841924398625 0.00437636761487965
0 0.04209621993127148 0.8654266958424508 0.06701030927835051 0.00437636761487965
0 0.7740549828178694 0.8594091903719913 0.005154639175257732 0.0010940919037199124
0 0.6176975945017182 0.8605032822757112 0.25257731958762886 0.005470459518599562
0 0.5661512027491409 0.8539387308533917 0.005154639175257732 0.0010940919037199124
0 0.686426116838488 0.8528446389496718 0.012027491408934709 0.0010940919037199124
0 0.6219931271477663 0.8539387308533917 0.09965635738831616 0.0032822757111597373
0 0.05154639175257732 0.8512035010940919 0.08247422680412371 0.002188183807439825
0 0.6254295532646048 0.8473741794310722 0.23024054982817868 0.005470459518599562
0 0.5352233676975945 0.8429978118161926 0.00859106529209622 0.0010940919037199124
0 0.6280068728522337 0.8419037199124726 0.15292096219931273 0.0032822757111597373
0 0.6804123711340206 0.8353391684901532 0.010309278350515464 0.0010940919037199124
0 0.6512027491408935 0.8353391684901532 0.003436426116838488 0.0010940919037199124
0 0.595360824742268 0.8364332603938731 0.1013745704467354 0.0032822757111597373
0 0.35652920962199314 0.8238512035010941 0.00859106529209622 0.00437636761487965
0 0.7809278350515464 0.8216630196936543 0.005154639175257732 0.006564551422319475
0 0.2104810996563574 0.8172866520787746 0.005154639175257732 0.002188183807439825
0 0.9355670103092784 0.8183807439824945 0.06357388316151202 0.006564551422319475
0 0.37371134020618557 0.813457330415755 0.001718213058419244 0.0010940919037199124
0 0.1950171821305842 0.813457330415755 0.018900343642611683 0.005470459518599562
0 0.9948453608247423 0.7904814004376368 0.010309278350515464 0.005470459518599562
0 0.7087628865979382 0.6646608315098468 0.015463917525773196 0.007658643326039387
0 0.665807560137457 0.661925601750547 0.005154639175257732 0.002188183807439825
0 0.5687285223367697 0.6641137855579868 0.01718213058419244 0.0087527352297593
0 0.6958762886597938 0.6586433260393874 0.003436426116838488 0.002188183807439825
0 0.6486254295532646 0.6630196936542669 0.022336769759450172 0.010940919037199124
0 0.6881443298969072 0.6537199124726477 0.001718213058419244 0.0010940919037199124
0 0.7079037800687286 0.6531728665207878 0.003436426116838488 0.002188183807439825
0 0.6443298969072165 0.6487964989059081 0.003436426116838488 0.002188183807439825
0 0.6743986254295533 0.6564551422319475 0.04982817869415808 0.024070021881838075
0 0.5867697594501718 0.6438730853391685 0.001718213058419244 0.0010940919037199124
0 0.6709621993127147 0.6449671772428884 0.00859106529209622 0.005470459518599562
0 0.5876288659793815 0.6531728665207878 0.058419243986254296 0.030634573304157548
0 0.6898625429553265 0.6433260393873085 0.029209621993127148 0.015317286652078774
0 0.6030927835051546 0.6405908096280087 0.037800687285223365 0.020787746170678335
0 0.6297250859106529 0.6329321663019694 0.022336769759450172 0.012035010940919038
0 0.634020618556701 0.62527352297593 0.010309278350515464 0.005470459518599562
0 0.6108247422680413 0.6230853391684902 0.005154639175257732 0.0032822757111597373
0 0.6039518900343642 0.6198030634573304 0.005154639175257732 0.0032822757111597373
0 0.8316151202749141 0.6105032822757112 0.006872852233676976 0.002188183807439825
0 0.7946735395189003 0.574945295404814 0.005154639175257732 0.0032822757111597373
0 0.627147766323024 0.5229759299781181 0.010309278350515464 0.00437636761487965
0 0.6451890034364262 0.513129102844639 0.022336769759450172 0.01312910284463895
0 0.877147766323024 0.49179431072210067 0.00859106529209622 0.0032822757111597373
0 0.9647766323024055 0.4814004376367615 0.001718213058419244 0.002188183807439825
0 0.8462199312714777 0.48085339168490154 0.001718213058419244 0.0010940919037199124
0 0.7689003436426117 0.6537199124726477 0.46219931271477666 0.35120350109409193
0 0.834192439862543 0.4890590809628009 0.070446735395189 0.02188183807439825
0 0.8058419243986255 0.47921225382932164 0.013745704467353952 0.00437636761487965
0 0.8049828178694158 0.4726477024070022 0.029209621993127148 0.00437636761487965
0 0.32989690721649484 0.6482494529540481 0.6597938144329897 0.3687089715536105
0 0.6640893470790378 0.4638949671772429 0.00859106529209622 0.002188183807439825
0 0.6219931271477663 0.46334792122538293 0.058419243986254296 0.0032822757111597373
0 0.45103092783505155 0.4611597374179431 0.16666666666666666 0.0032822757111597373
0 0.35223367697594504 0.46061269146608314 0.010309278350515464 0.002188183807439825
0 0.32989690721649484 0.46061269146608314 0.013745704467353952 0.002188183807439825
0 0.31443298969072164 0.4600656455142232 0.006872852233676976 0.0010940919037199124
0 0.28436426116838487 0.46061269146608314 0.04982817869415808 0.002188183807439825
0 0.8118556701030928 0.45951859956236324 0.00859106529209622 0.002188183807439825
0 0.7912371134020618 0.4589715536105033 0.012027491408934709 0.0032822757111597373
0 0.9965635738831615 0.45459518599562365 0.006872852233676976 0.0032822757111597373
0 0.9209621993127147 0.4540481400437637 0.01718213058419244 0.002188183807439825
0 0.45532646048109965 0.45568927789934355 0.44673539518900346 0.009846827133479213
0 0.6365979381443299 0.45076586433260396 0.10481099656357389 0.00437636761487965
0 0.9914089347079038 0.44803063457330417 0.01718213058419244 0.005470459518599562
0 0.9347079037800687 0.44693654266958427 0.020618556701030927 0.0032822757111597373
0 0.8084192439862543 0.44638949671772427 0.00859106529209622 0.002188183807439825
0 0.7963917525773195 0.4458424507658643 0.005154639175257732 0.0010940919037199124
0 0.7534364261168385 0.44529540481400437 0.015463917525773196 0.002188183807439825
0 0.7328178694158075 0.44529540481400437 0.018900343642611683 0.002188183807439825
0 0.9561855670103093 0.44091903719912473 0.005154639175257732 0.002188183807439825
0 0.9261168384879725 0.44091903719912473 0.01718213058419244 0.002188183807439825
0 0.9845360824742269 0.4414660831509847 0.030927835051546393 0.005470459518599562
0 0.7379725085910653 0.4387308533916849 0.03264604810996564 0.00437636761487965
0 0.46219931271477666 0.437636761487965 0.020618556701030927 0.002188183807439825
0 0.4475945017182131 0.437636761487965 0.005154639175257732 0.002188183807439825
0 0.4338487972508591 0.437636761487965 0.018900343642611683 0.002188183807439825
0 0.3943298969072165 0.43708971553610504 0.001718213058419244 0.0010940919037199124
0 0.3754295532646048 0.43708971553610504 0.02577319587628866 0.0010940919037199124
0 0.34192439862542956 0.43708971553610504 0.006872852233676976 0.0010940919037199124
0 0.738831615120275 0.43216630196936545 0.003436426116838488 0.002188183807439825
0 0.35309278350515466 0.43052516411378555 0.09450171821305842 0.0032822757111597373
0 0.968213058419244 0.43052516411378555 0.06357388316151202 0.012035010940919038
0 0.40463917525773196 0.43435448577680524 0.654639175257732 0.0262582056892779
0 0.884020618556701 0.412472647702407 0.005154639175257732 0.002188183807439825
0 0.7998281786941581 0.41301969365426694 0.00859106529209622 0.0032822757111597373
0 0.2534364261168385 0.4086433260393873 0.00859106529209622 0.0010940919037199124
0 0.23625429553264604 0.4086433260393873 0.005154639175257732 0.0010940919037199124
0 0.21305841924398625 0.4086433260393873 0.003436426116838488 0.0010940919037199124
0 0.2860824742268041 0.41301969365426694 0.5721649484536082 0.014223194748358862
0 0.8548109965635738 0.40536105032822756 0.005154639175257732 0.0010940919037199124
0 0.07388316151202749 0.3889496717724289 0.006872852233676976 0.0010940919037199124
0 0.17010309278350516 0.38074398249452956 0.006872852233676976 0.002188183807439825
0 0.15807560137457044 0.38019693654266956 0.010309278350515464 0.0010940919037199124
0 0.14347079037800686 0.38019693654266956 0.012027491408934709 0.0010940919037199124
0 0.03436426116838488 0.37910284463894967 0.06872852233676977 0.0032822757111597373
0 0.4012027491408935 0.33150984682713347 0.005154639175257732 0.00437636761487965
0 0.4072164948453608 0.3150984682713348 0.003436426116838488 0.002188183807439825
0 0.24828178694158076 0.27571115973741794 0.005154639175257732 0.00437636761487965
0 0.23797250859106528 0.262035010940919 0.005154639175257732 0.0032822757111597373
0 0.20618556701030927 0.2434354485776805 0.006872852233676976 0.0032822757111597373
0 0.18213058419243985 0.21280087527352298 0.006872852233676976 0.0032822757111597373
0 0.5 0.2286652078774617 1.0 0.38949671772428884
0 0.10738831615120274 0.007658643326039387 0.04639175257731959 0.015317286652078774
0 0.02147766323024055 0.002188183807439825 0.0429553264604811 0.00437636761487965
