0 0.40451745379876797 0.9992101105845181 0.004106776180698152 0.001579778830963665
0 0.32546201232032856 0.9984202211690363 0.006160164271047228 0.00315955766192733
0 0.486652977412731 0.9976303317535545 0.008213552361396304 0.004739336492890996
0 0.3665297741273101 0.9976303317535545 0.01026694045174538 0.004739336492890996
0 0.526694045174538 0.9960505529225908 0.01026694045174538 0.007898894154818325
0 0.5041067761806981 0.9960505529225908 0.014373716632443531 0.007898894154818325
0 0.5780287474332649 0.9897314375987362 0.039014373716632446 0.020537124802527645
0 0.36858316221765913 0.9897314375987362 0.20739219712525667 0.020537124802527645
0 0.10164271047227925 0.9360189573459715 0.022587268993839837 0.007898894154818325
0 0.9589322381930184 0.9328593996840442 0.012320328542094456 0.007898894154818325
0 0.1273100616016427 0.9296998420221169 0.024640657084188913 0.007898894154818325
0 0.9876796714579056 0.8886255924170616 0.008213552361396304 0.007898894154818325
0 0.10574948665297741 0.9210110584518167 0.1540041067761807 0.07582938388625593
0 0.11396303901437371 0.8696682464454977 0.002053388090349076 0.001579778830963665
0 0.946611909650924 0.8665086887835703 0.008213552361396304 0.001579778830963665
0 0.8583162217659137 0.8672985781990521 0.01642710472279261 0.00315955766192733
0 0.9096509240246407 0.8672985781990521 0.057494866529774126 0.009478672985781991
0 0.8049281314168378 0.8775671406003159 0.33675564681724846 0.03317535545023697
0 0.7268993839835729 0.8601895734597157 0.004106776180698152 0.001579778830963665
0 0.7166324435318275 0.8601895734597157 0.012320328542094456 0.001579778830963665
0 0.6447638603696099 0.8609794628751974 0.004106776180698152 0.00315955766192733
0 0.04106776180698152 0.8609794628751974 0.008213552361396304 0.00315955766192733
0 0.6652977412731006 0.8554502369668247 0.012320328542094456 0.001579778830963665
0 0.6437371663244353 0.8562401263823065 0.006160164271047228 0.00315955766192733
0 0.6806981519507187 0.8546603475513428 0.01026694045174538 0.00315955766192733
0 0.7967145790554415 0.8530805687203792 0.024640657084188913 0.00315955766192733
0 0.704312114989733 0.8538704581358609 0.028747433264887063 0.004739336492890996
0 0.6673511293634496 0.8475513428120063 0.004106776180698152 0.001579778830963665
0 0.6827515400410678 0.8451816745655608 0.01026694045174538 0.00631911532385466
0 0.6570841889117043 0.8404423380726699 0.02053388090349076 0.00315955766192733
0 0.26899383983572894 0.8388625592417062 0.02053388090349076 0.00315955766192733
0 0.08726899383983573 0.8554502369668247 0.11293634496919917 0.045813586097946286
0 0.6529774127310062 0.8293838862559242 0.012320328542094456 0.00315955766192733
0 0.14168377823408623 0.8285939968404423 0.008213552361396304 0.001579778830963665
0 0.6919917864476386 0.8278041074249605 0.012320328542094456 0.00315955766192733
0 0.7073921971252567 0.8270142180094787 0.01026694045174538 0.004739336492890996
0 0.6652977412731006 0.8214849921011058 0.012320328542094456 0.00315955766192733
0 0.22792607802874743 0.8214849921011058 0.01642710472279261 0.00315955766192733
0 0.9702258726899384 0.8175355450236966 0.002053388090349076 0.001579778830963665
0 0.9147843942505134 0.8175355450236966 0.018480492813141684 0.004739336492890996
0 0.045174537987679675 0.8183254344391785 0.028747433264887063 0.00631911532385466
0 0.9435318275154004 0.815955766192733 0.014373716632443531 0.004739336492890996
0 0.8696098562628337 0.815955766192733 0.039014373716632446 0.004739336492890996
0 0.2936344969199179 0.8151658767772512 0.01642710472279261 0.00315955766192733
0 0.6149897330595483 0.8135860979462876 0.006160164271047228 0.00315955766192733
0 0.23203285420944558 0.8135860979462876 0.008213552361396304 0.00315955766192733
0 0.1704312114989733 0.8127962085308057 0.008213552361396304 0.001579778830963665
0 0.580082135523614 0.8120063191153238 0.01026694045174538 0.00315955766192733
0 0.433264887063655 0.8096366508688784 0.008213552361396304 0.001579778830963665
0 0.3993839835728953 0.8096366508688784 0.002053388090349076 0.001579778830963665
0 0.3798767967145791 0.8088467614533965 0.028747433264887063 0.00315955766192733
0 0.3059548254620123 0.8072669826224329 0.028747433264887063 0.00631911532385466
0 0.24743326488706366 0.8056872037914692 0.026694045174537988 0.00315955766192733
0 0.18788501026694046 0.8048973143759873 0.030800821355236138 0.004739336492890996
0 0.2597535934291581 0.7977883096366508 0.01026694045174538 0.00315955766192733
0 0.5225872689938398 0.7962085308056872 0.03490759753593429 0.00315955766192733
0 0.4486652977412731 0.7946287519747235 0.04722792607802875 0.00631911532385466
0 0.9948665297741273 0.782780410742496 0.01026694045174538 0.014218009478672985
0 0.9958932238193019 0.6421800947867299 0.008213552361396304 0.04897314375987362
0 0.33675564681724846 0.5252764612954186 0.18480492813141683 0.007898894154818325
0 0.4784394250513347 0.5221169036334913 0.07392197125256673 0.007898894154818325
0 0.7094455852156057 0.5284360189573459 0.5400410677618069 0.023696682464454975
0 0.6519507186858317 0.5165876777251185 0.25256673511293637 0.01263823064770932
0 0.8747433264887063 0.509478672985782 0.004106776180698152 0.001579778830963665
0 0.7946611909650924 0.5118483412322274 0.012320328542094456 0.00631911532385466
0 0.8850102669404517 0.5086887835703001 0.004106776180698152 0.00315955766192733
0 0.8408624229979466 0.5102685624012638 0.014373716632443531 0.00631911532385466
0 0.9455852156057495 0.5063191153238547 0.006160164271047228 0.004739336492890996
0 0.973305954825462 0.5055292259083728 0.01642710472279261 0.00631911532385466
0 0.44763860369609854 0.5 0.008213552361396304 0.001579778830963665
0 0.9271047227926078 0.4921011058451817 0.002053388090349076 0.001579778830963665
0 0.917864476386037 0.4928909952606635 0.012320328542094456 0.00315955766192733
0 0.8839835728952772 0.49447077409162715 0.0513347022587269 0.009478672985781991
0 0.37063655030800824 0.4921011058451817 0.018480492813141684 0.007898894154818325
0 0.8100616016427105 0.4881516587677725 0.006160164271047228 0.00315955766192733
0 0.9589322381930184 0.490521327014218 0.049281314168377825 0.011058451816745656
0 0.8480492813141683 0.48657187993680884 0.008213552361396304 0.00315955766192733
0 0.36960985626283366 0.4826224328593997 0.004106776180698152 0.001579778830963665
0 0.33675564681724846 0.48420221169036337 0.024640657084188913 0.004739336492890996
0 0.4004106776180698 0.48183254344391785 0.028747433264887063 0.00315955766192733
0 0.027720739219712527 0.48183254344391785 0.006160164271047228 0.00315955766192733
0 0.44353182751540043 0.495260663507109 0.1437371663244353 0.036334913112164295
0 0.22895277207392198 0.47788309636650866 0.01026694045174538 0.004739336492890996
0 0.3665297741273101 0.47393364928909953 0.01026694045174538 0.00631911532385466
0 0.33880903490759756 0.47472353870458134 0.03285420944558522 0.007898894154818325
0 0.4548254620123203 0.471563981042654 0.014373716632443531 0.004739336492890996
0 0.4086242299794661 0.4731437598736177 0.049281314168377825 0.007898894154818325
0 0.043121149897330596 0.47235387045813587 0.03696098562628337 0.00631911532385466
0 0.22792607802874743 0.4684044233807267 0.008213552361396304 0.004739336492890996
0 0.3459958932238193 0.46524486571879936 0.006160164271047228 0.001579778830963665
0 0.3603696098562628 0.46445497630331756 0.01026694045174538 0.00315955766192733
0 0.028747433264887063 0.46445497630331756 0.004106776180698152 0.00315955766192733
0 0.055441478439425054 0.4628751974723539 0.008213552361396304 0.00315955766192733
0 0.41683778234086244 0.46208530805687204 0.024640657084188913 0.004739336492890996
0 0.34394250513347024 0.4565560821484992 0.006160164271047228 0.00315955766192733
0 0.3603696098562628 0.4557661927330174 0.014373716632443531 0.004739336492890996
0 0.030800821355236138 0.4557661927330174 0.012320328542094456 0.004739336492890996
0 0.4527720739219713 0.45260663507109006 0.006160164271047228 0.001579778830963665
0 0.055441478439425054 0.4549763033175355 0.012320328542094456 0.00631911532385466
0 0.7905544147843943 0.4510268562401264 0.004106776180698152 0.001579778830963665
0 0.41786447638603696 0.4541864139020537 0.026694045174537988 0.007898894154818325
0 0.05646817248459959 0.4462875197472354 0.002053388090349076 0.001579778830963665
0 0.8829568788501027 0.4462875197472354 0.02053388090349076 0.004739336492890996
0 0.3603696098562628 0.44549763033175355 0.014373716632443531 0.00315955766192733
0 0.28234086242299794 0.4541864139020537 0.06365503080082136 0.03317535545023697
0 0.3593429158110883 0.43838862559241704 0.008213552361396304 0.004739336492890996
0 0.41683778234086244 0.4399684044233807 0.024640657084188913 0.014218009478672985
0 0.4486652977412731 0.4146919431279621 0.01026694045174538 0.023696682464454975
0 0.5102669404517454 0.5126382306477093 0.9794661190965093 0.636650868878357
0 0.41786447638603696 0.18167456556082148 0.08008213552361396 0.00315955766192733
0 0.3162217659137577 0.18088467614533965 0.049281314168377825 0.004739336492890996
0 0.188911704312115 0.18088467614533965 0.18480492813141683 0.004739336492890996
0 0.3470225872689938 0.165086887835703 0.004106776180698152 0.001579778830963665
0 0.42915811088295686 0.165086887835703 0.06570841889117043 0.004739336492890996
0 0.29876796714579057 0.165086887835703 0.059548254620123205 0.004739336492890996
0 0.17659137577002054 0.16429699842022116 0.1026694045174538 0.00315955766192733
0 0.5698151950718686 0.1484992101105845 0.06776180698151951 0.00315955766192733
0 0.5236139630390144 0.1484992101105845 0.02053388090349076 0.00315955766192733
0 0.406570841889117 0.14770932069510267 0.17659137577002054 0.004739336492890996
0 0.21868583162217659 0.14691943127962084 0.17864476386036962 0.00631911532385466
0 0.6550308008213552 0.13191153238546605 0.028747433264887063 0.004739336492890996
0 0.5677618069815195 0.13112164296998421 0.09240246406570841 0.00315955766192733
0 0.5164271047227926 0.13033175355450238 0.002053388090349076 0.001579778830963665
0 0.4681724845995893 0.12954186413902052 0.03696098562628337 0.00315955766192733
0 0.364476386036961 0.12954186413902052 0.026694045174537988 0.00315955766192733
0 0.2720739219712526 0.1287519747235387 0.030800821355236138 0.001579778830963665
0 0.2433264887063655 0.1287519747235387 0.006160164271047228 0.001579778830963665
0 0.175564681724846 0.1287519747235387 0.006160164271047228 0.001579778830963665
0 0.1540041067761807 0.12796208530805686 0.02053388090349076 0.00315955766192733
0 0.6632443531827515 0.11374407582938388 0.01642710472279261 0.00315955766192733
0 0.6919917864476386 0.11374407582938388 0.024640657084188913 0.00631911532385466
0 0.5739219712525667 0.11295418641390205 0.10472279260780287 0.004739336492890996
0 0.49589322381930184 0.11216429699842022 0.030800821355236138 0.00315955766192733
0 0.5667351129363449 0.09399684044233807 0.045174537987679675 0.001579778830963665
0 0.6119096509240246 0.09320695102685624 0.028747433264887063 0.00315955766192733
0 0.7053388090349076 0.0750394944707741 0.002053388090349076 0.001579778830963665
0 0.5780287474332649 0.0750394944707741 0.002053388090349076 0.001579778830963665
0 0.5626283367556468 0.07424960505529225 0.012320328542094456 0.00315955766192733
0 0.09137577002053388 0.07266982622432859 0.026694045174537988 0.00315955766192733
0 0.10677618069815195 0.06003159557661927 0.16837782340862423 0.009478672985781991
0 0.48973305954825463 0.045023696682464455 0.01026694045174538 0.004739336492890996
0 0.5205338809034907 0.044233807266982623 0.006160164271047228 0.00631911532385466
0 0.49075975359342916 0.03475513428120063 0.008213552361396304 0.009478672985781991
0 0.4815195071868583 0.026856240126382307 0.006160164271047228 0.00631911532385466
0 0.5205338809034907 0.02132701421800948 0.01026694045174538 0.007898894154818325
0 0.4004106776180698 0.023696682464454975 0.01642710472279261 0.02843601895734597
0 0.37063655030800824 0.022116903633491312 0.018480492813141684 0.0315955766192733
0 0.35010266940451745 0.022116903633491312 0.014373716632443531 0.0315955766192733
0 0.3141683778234086 0.02132701421800948 0.01642710472279261 0.030015797788309637
0 0.5852156057494866 0.029225908372827805 0.02053388090349076 0.05845181674565561
0 0.5595482546201233 0.029225908372827805 0.01026694045174538 0.05845181674565561
0 0.3624229979466119 0.02764612954186414 0.20739219712525667 0.05529225908372828
