0 0.38467261904761907 0.9990512333965844 0.004464285714285714 0.0018975332068311196
0 0.33482142857142855 0.9981024667931688 0.005952380952380952 0.003795066413662239
0 0.30580357142857145 0.9976280834914611 0.010416666666666666 0.004743833017077799
0 0.8645833333333334 0.9734345351043643 0.041666666666666664 0.0056925996204933585
0 0.9620535714285714 0.9739089184060721 0.043154761904761904 0.010436432637571158
0 0.9241071428571429 0.9587286527514232 0.002976190476190476 0.0009487666034155598
0 0.953125 0.959203036053131 0.03125 0.003795066413662239
0 0.9501488095238095 0.9459203036053131 0.06101190476190476 0.0056925996204933585
0 0.9508928571428571 0.9340607210626186 0.026785714285714284 0.0028462998102466793
0 0.9255952380952381 0.9335863377609108 0.011904761904761904 0.0018975332068311196
0 0.9516369047619048 0.9240986717267552 0.022321428571428572 0.0018975332068311196
0 0.9248511904761905 0.9226755218216319 0.001488095238095238 0.0009487666034155598
0 0.9523809523809523 0.9136622390891841 0.017857142857142856 0.0018975332068311196
0 0.9412202380952381 0.9032258064516129 0.04017857142857143 0.003795066413662239
0 0.9412202380952381 0.8927893738140418 0.04017857142857143 0.003795066413662239
0 0.8794642857142857 0.8908918406072106 0.05654761904761905 0.003795066413662239
0 0.26339285714285715 0.780360531309298 0.002976190476190476 0.0009487666034155598
0 0.13764880952380953 0.7784629981024668 0.001488095238095238 0.0009487666034155598
0 0.1644345238095238 0.7775142314990512 0.010416666666666666 0.0009487666034155598
0 0.15327380952380953 0.777988614800759 0.005952380952380952 0.0018975332068311196
0 0.22321428571428573 0.7756166982922201 0.005952380952380952 0.0009487666034155598
0 0.19122023809523808 0.7765654648956357 0.03720238095238095 0.0028462998102466793
0 0.24107142857142858 0.7746679316888045 0.008928571428571428 0.0009487666034155598
0 0.14508928571428573 0.7661290322580645 0.004464285714285714 0.0009487666034155598
0 0.17113095238095238 0.7651802656546489 0.01488095238095238 0.0009487666034155598
0 0.9598214285714286 0.8221062618595826 0.08035714285714286 0.12618595825426945
0 0.4575892857142857 0.8197343453510436 0.9151785714285714 0.127134724857685
0 0.9918154761904762 0.7471537001897534 0.01636904761904762 0.010436432637571158
0 0.9747023809523809 0.7438330170777988 0.01488095238095238 0.0056925996204933585
0 0.9397321428571429 0.7428842504743833 0.013392857142857142 0.003795066413662239
0 0.4799107142857143 0.7210626185958254 0.013392857142857142 0.0018975332068311196
0 0.21279761904761904 0.7063567362428842 0.01488095238095238 0.0028462998102466793
0 0.19122023809523808 0.7054079696394687 0.004464285714285714 0.0009487666034155598
0 0.625 0.5749525616698292 0.002976190476190476 0.0018975332068311196
0 0.6555059523809523 0.5611954459203036 0.004464285714285714 0.006641366223908918
0 0.9642857142857143 0.6337760910815939 0.07142857142857142 0.19924098671726756
0 0.9806547619047619 0.5270398481973435 0.03869047619047619 0.010436432637571158
0 0.8385416666666666 0.5246679316888045 0.00744047619047619 0.0056925996204933585
0 0.7849702380952381 0.523719165085389 0.028273809523809524 0.007590132827324478
0 0.7023809523809523 0.523719165085389 0.11011904761904762 0.009487666034155597
0 0.5 0.6295066413662239 0.8601190476190477 0.22106261859582543
0 0.9813988095238095 0.5123339658444023 0.03720238095238095 0.0056925996204933585
0 0.3273809523809524 0.5166034155597723 0.44642857142857145 0.014231499051233396
0 0.8913690476190477 0.5118595825426945 0.07738095238095238 0.006641366223908918
0 0.7931547619047619 0.5094876660341556 0.03571428571428571 0.003795066413662239
0 0.7172619047619048 0.5090132827324478 0.06845238095238096 0.004743833017077799
0 0.4025297619047619 0.5037950664136622 0.022321428571428572 0.0018975332068311196
0 0.4650297619047619 0.5047438330170778 0.0818452380952381 0.0056925996204933585
0 0.33779761904761907 0.5028462998102466 0.08928571428571429 0.003795066413662239
0 0.27976190476190477 0.5018975332068312 0.011904761904761904 0.0018975332068311196
0 0.9851190476190477 0.5014231499051234 0.02976190476190476 0.0028462998102466793
0 0.9114583333333334 0.5004743833017078 0.03125 0.0028462998102466793
0 0.18898809523809523 0.4995256166982922 0.15773809523809523 0.006641366223908918
0 0.9836309523809523 0.49146110056925996 0.03273809523809524 0.003795066413662239
0 0.8095238095238095 0.48908918406072105 0.005952380952380952 0.0009487666034155598
0 0.24330357142857142 0.48956356736242884 0.01636904761904762 0.0018975332068311196
0 0.8869047619047619 0.49003795066413663 0.08630952380952381 0.004743833017077799
0 0.5699404761904762 0.48908918406072105 0.06547619047619048 0.004743833017077799
0 0.46130952380952384 0.4881404174573055 0.0625 0.0028462998102466793
0 0.6666666666666666 0.4862428842504744 0.002976190476190476 0.0009487666034155598
0 0.17485119047619047 0.48719165085388993 0.11458333333333333 0.004743833017077799
0 0.46130952380952384 0.4814990512333966 0.09821428571428571 0.004743833017077799
0 0.3117559523809524 0.4786527514231499 0.004464285714285714 0.0009487666034155598
0 0.9836309523809523 0.4781783681214421 0.03273809523809524 0.007590132827324478
0 0.7596726190476191 0.47485768500948766 0.001488095238095238 0.0009487666034155598
0 0.24330357142857142 0.4767552182163188 0.12053571428571429 0.004743833017077799
0 0.8578869047619048 0.47722960151802657 0.14732142857142858 0.009487666034155597
0 0.7380952380952381 0.47343453510436434 0.017857142857142856 0.003795066413662239
0 0.7157738095238095 0.47343453510436434 0.008928571428571428 0.003795066413662239
0 0.515625 0.47533206831119545 0.21279761904761904 0.007590132827324478
0 0.32663690476190477 0.47248576850094876 0.001488095238095238 0.0018975332068311196
0 0.3162202380952381 0.47201138519924096 0.001488095238095238 0.0009487666034155598
0 0.6778273809523809 0.47248576850094876 0.05803571428571429 0.0056925996204933585
0 0.3861607142857143 0.4667931688804554 0.013392857142857142 0.0018975332068311196
0 0.4538690476190476 0.46774193548387094 0.10416666666666667 0.0056925996204933585
0 0.9866071428571429 0.4639468690702087 0.026785714285714284 0.003795066413662239
0 0.45907738095238093 0.4615749525616698 0.004464285714285714 0.0009487666034155598
0 0.18303571428571427 0.4615749525616698 0.017857142857142856 0.006641366223908918
0 0.13988095238095238 0.4606261859582543 0.05654761904761905 0.006641366223908918
0 0.5773809523809523 0.4596774193548387 0.1488095238095238 0.008538899430740038
0 0.24553571428571427 0.45588235294117646 0.03273809523809524 0.0028462998102466793
0 0.8504464285714286 0.4573055028462998 0.16517857142857142 0.013282732447817837
0 0.7142857142857143 0.45208728652751423 0.10416666666666667 0.008538899430740038
0 0.9516369047619048 0.4478178368121442 0.004464285714285714 0.0056925996204933585
0 0.23214285714285715 0.448292220113852 0.26785714285714285 0.012333965844402278
0 0.2760416666666667 0.4411764705882353 0.00744047619047619 0.0018975332068311196
0 0.9538690476190477 0.43975332068311196 0.005952380952380952 0.0028462998102466793
0 0.8683035714285714 0.4435483870967742 0.13541666666666666 0.018026565464895637
0 0.9836309523809523 0.4449715370018975 0.03273809523809524 0.028462998102466792
0 0.0900297619047619 0.36480075901328274 0.004464285714285714 0.0028462998102466793
0 0.9568452380952381 0.372865275142315 0.011904761904761904 0.08918406072106262
0 0.7299107142857143 0.31451612903225806 0.004464285714285714 0.0028462998102466793
0 0.8958333333333334 0.31072106261859583 0.002976190476190476 0.0009487666034155598
0 0.8995535714285714 0.29648956356736245 0.004464285714285714 0.0009487666034155598
0 0.8854166666666666 0.29601518026565465 0.005952380952380952 0.0018975332068311196
0 0.671875 0.29174573055028463 0.001488095238095238 0.0009487666034155598
0 0.6875 0.29127134724857684 0.020833333333333332 0.003795066413662239
0 0.5907738095238095 0.28889943074003793 0.0625 0.010436432637571158
0 0.7180059523809523 0.27751423149905124 0.001488095238095238 0.0009487666034155598
0 0.7328869047619048 0.27751423149905124 0.00744047619047619 0.0028462998102466793
0 0.4851190476190476 0.27466793168880455 0.011904761904761904 0.006641366223908918
0 0.9590773809523809 0.2922201138519924 0.010416666666666666 0.0683111954459203
0 0.5074404761904762 0.25664136622390893 0.01488095238095238 0.004743833017077799
0 0.4680059523809524 0.25569259962049334 0.004464285714285714 0.0028462998102466793
0 0.5215773809523809 0.2547438330170778 0.004464285714285714 0.0028462998102466793
0 0.49255952380952384 0.25521821631878555 0.008928571428571428 0.003795066413662239
0 0.9605654761904762 0.24810246679316889 0.001488095238095238 0.0028462998102466793
0 0.7038690476190477 0.24857685009487665 0.002976190476190476 0.003795066413662239
0 0.8258928571428571 0.2685009487666034 0.11011904761904762 0.05502846299810247
0 0.7276785714285714 0.2428842504743833 0.011904761904761904 0.007590132827324478
0 0.9598214285714286 0.23956356736242884 0.002976190476190476 0.0028462998102466793
0 0.7113095238095238 0.23956356736242884 0.008928571428571428 0.0028462998102466793
0 0.7284226190476191 0.2670777988614801 0.11160714285714286 0.05977229601518026
0 0.6785714285714286 0.23956356736242884 0.011904761904761904 0.004743833017077799
0 0.6651785714285714 0.2381404174573055 0.002976190476190476 0.0018975332068311196
0 0.34226190476190477 0.23908918406072105 0.03571428571428571 0.011385199240986717
0 0.3005952380952381 0.24620493358633777 0.08928571428571429 0.025616698292220113
0 0.7790178571428571 0.2333965844402277 0.001488095238095238 0.0018975332068311196
0 0.8072916666666666 0.22912713472485768 0.001488095238095238 0.0009487666034155598
0 0.29985119047619047 0.2310246679316888 0.013392857142857142 0.004743833017077799
0 0.78125 0.22722960151802657 0.011904761904761904 0.0028462998102466793
0 0.7276785714285714 0.22675521821631878 0.005952380952380952 0.0018975332068311196
0 0.5982142857142857 0.2523719165085389 0.125 0.05313092979127135
0 0.7001488095238095 0.22675521821631878 0.03720238095238095 0.0056925996204933585
0 0.9613095238095238 0.22580645161290322 0.002976190476190476 0.0056925996204933585
0 0.7514880952380952 0.22675521821631878 0.03571428571428571 0.007590132827324478
0 0.9613095238095238 0.21774193548387097 0.002976190476190476 0.004743833017077799
0 0.7388392857142857 0.21347248576850095 0.06398809523809523 0.007590132827324478
0 0.9627976190476191 0.20967741935483872 0.005952380952380952 0.007590132827324478
0 0.29389880952380953 0.21110056925996204 0.07886904761904762 0.021821631878557873
0 0.9851190476190477 0.3012333965844402 0.02976190476190476 0.23434535104364326
0 0.6778273809523809 0.18500948766603414 0.001488095238095238 0.0018975332068311196
0 0.25967261904761907 0.17552182163187854 0.022321428571428572 0.0056925996204933585
0 0.29836309523809523 0.17314990512333966 0.010416666666666666 0.0028462998102466793
0 0.41517857142857145 0.17125237191650855 0.002976190476190476 0.0009487666034155598
0 0.6815476190476191 0.17172675521821631 0.002976190476190476 0.003795066413662239
0 0.2767857142857143 0.17125237191650855 0.002976190476190476 0.0028462998102466793
0 0.2425595238095238 0.17172675521821631 0.005952380952380952 0.003795066413662239
0 0.6488095238095238 0.1698292220113852 0.008928571428571428 0.007590132827324478
0 0.9456845238095238 0.15891840607210625 0.004464285714285714 0.0028462998102466793
0 0.6331845238095238 0.15749525616698293 0.010416666666666666 0.003795066413662239
0 0.4806547619047619 0.14516129032258066 0.002976190476190476 0.0018975332068311196
0 0.9471726190476191 0.14516129032258066 0.004464285714285714 0.003795066413662239
0 0.5372023809523809 0.14468690702087286 0.011904761904761904 0.0028462998102466793
0 0.5052083333333334 0.14516129032258066 0.013392857142857142 0.003795066413662239
0 0.5037202380952381 0.1318785578747628 0.004464285714285714 0.0018975332068311196
0 0.4836309523809524 0.1318785578747628 0.005952380952380952 0.0018975332068311196
0 0.5982142857142857 0.13092979127134724 0.002976190476190476 0.0018975332068311196
0 0.41443452380952384 0.1318785578747628 0.004464285714285714 0.003795066413662239
0 0.9464285714285714 0.13045540796963948 0.008928571428571428 0.008538899430740038
0 0.765625 0.12239089184060721 0.004464285714285714 0.007590132827324478
0 0.47842261904761907 0.11859582542694497 0.004464285714285714 0.0018975332068311196
0 0.9308035714285714 0.11622390891840607 0.043154761904761904 0.010436432637571158
0 0.6577380952380952 0.13614800759013282 0.02976190476190476 0.054079696394686905
0 0.96875 0.058349146110056926 0.002976190476190476 0.0028462998102466793
0 0.9910714285714286 0.04127134724857685 0.017857142857142856 0.054079696394686905
0 0.47767857142857145 0.2243833017077799 0.9553571428571429 0.4487666034155598
