0 0.6616541353383458 0.9936708860759493 0.018796992481203006 0.012658227848101266
0 0.6372180451127819 0.9936708860759493 0.018796992481203006 0.012658227848101266
0 0.49718045112781956 0.9857594936708861 0.20488721804511278 0.028481012658227847
0 0.7189849624060151 0.9794303797468354 0.020676691729323307 0.04113924050632911
0 0.6973684210526315 0.9794303797468354 0.011278195488721804 0.04113924050632911
0 0.5347744360902256 0.9224683544303798 0.14097744360902256 0.04746835443037975
0 0.6325187969924813 0.8987341772151899 0.043233082706766915 0.012658227848101266
0 0.47368421052631576 0.8876582278481012 0.022556390977443608 0.00949367088607595
0 0.6513157894736842 0.8765822784810127 0.009398496240601503 0.006329113924050633
0 0.6287593984962406 0.8781645569620253 0.009398496240601503 0.00949367088607595
0 0.8590225563909775 0.875 0.007518796992481203 0.00949367088607595
0 0.8862781954887218 0.8734177215189873 0.03195488721804511 0.012658227848101266
0 0.9520676691729323 0.8686708860759493 0.09586466165413533 0.015822784810126583
0 0.5648496240601504 0.8734177215189873 0.07330827067669173 0.03164556962025317
0 0.9605263157894737 0.8512658227848101 0.007518796992481203 0.006329113924050633
0 0.943609022556391 0.8512658227848101 0.015037593984962405 0.006329113924050633
0 0.9125939849624061 0.8512658227848101 0.009398496240601503 0.006329113924050633
0 0.9924812030075187 0.8496835443037974 0.015037593984962405 0.00949367088607595
0 0.9727443609022557 0.8496835443037974 0.009398496240601503 0.00949367088607595
0 0.03289473684210526 0.08544303797468354 0.005639097744360902 0.006329113924050633
0 0.5 0.509493670886076 1.0 0.879746835443038
0 0.41353383458646614 0.06962025316455696 0.06390977443609022 0.012658227848101266
0 0.5573308270676691 0.061708860759493674 0.039473684210526314 0.00949367088607595
0 0.6156015037593985 0.055379746835443035 0.016917293233082706 0.00949367088607595
0 0.6494360902255639 0.05063291139240506 0.013157894736842105 0.0189873417721519
0 0.599624060150376 0.023734177215189875 0.0037593984962406013 0.00949367088607595
0 0.518796992481203 0.022151898734177215 0.015037593984962405 0.04430379746835443
0 0.46616541353383456 0.023734177215189875 0.015037593984962405 0.04746835443037975
0 0.4332706766917293 0.023734177215189875 0.02819548872180451 0.04746835443037975
