0 0.419478527607362 0.9902152641878669 0.013803680981595092 0.019569471624266144
0 0.36809815950920244 0.988747553816047 0.009202453987730062 0.022504892367906065
0 0.33819018404907975 0.9882583170254403 0.013803680981595092 0.023483365949119372
0 0.38420245398773006 0.9794520547945206 0.18865030674846625 0.0410958904109589
0 0.9754601226993865 0.9510763209393346 0.049079754601226995 0.03718199608610567
0 0.6924846625766872 0.928082191780822 0.0015337423312883436 0.0009784735812133072
0 0.6717791411042945 0.9275929549902152 0.012269938650306749 0.0019569471624266144
0 0.6602760736196319 0.9275929549902152 0.007668711656441718 0.0019569471624266144
0 0.9746932515337423 0.9222113502935421 0.05061349693251534 0.010763209393346379
0 0.6457055214723927 0.9212328767123288 0.5950920245398773 0.010763209393346379
0 0.48773006134969327 0.9422700587084148 0.911042944785276 0.060665362035225046
0 0.5858895705521472 0.9114481409001957 0.006134969325153374 0.0009784735812133072
0 0.5598159509202454 0.9114481409001957 0.018404907975460124 0.0009784735812133072
0 0.5337423312883436 0.9114481409001957 0.006134969325153374 0.0009784735812133072
0 0.5130368098159509 0.9114481409001957 0.0015337423312883436 0.0009784735812133072
0 0.7891104294478528 0.9050880626223092 0.3052147239263804 0.007827788649706457
0 0.9746932515337423 0.9055772994129159 0.05061349693251534 0.010763209393346379
0 0.7921779141104295 0.889921722113503 0.299079754601227 0.00684931506849315
0 0.9746932515337423 0.889921722113503 0.05061349693251534 0.008806262230919765
0 0.7929447852760736 0.8767123287671232 0.3006134969325153 0.005870841487279843
0 0.9739263803680982 0.8767123287671232 0.05214723926380368 0.007827788649706457
0 0.9739263803680982 0.8649706457925636 0.05214723926380368 0.005870841487279843
0 0.7914110429447853 0.8644814090019569 0.3006134969325153 0.004892367906066536
0 0.6725460122699386 0.850293542074364 0.004601226993865031 0.0019569471624266144
0 0.6510736196319018 0.8498043052837574 0.007668711656441718 0.0009784735812133072
0 0.8696319018404908 0.8527397260273972 0.2607361963190184 0.008806262230919765
0 0.683282208588957 0.8429549902152642 0.004601226993865031 0.0009784735812133072
0 0.8236196319018405 0.839041095890411 0.35276073619631904 0.012720156555772993
0 0.7047546012269938 0.8287671232876712 0.11809815950920245 0.005870841487279843
0 0.7967791411042945 0.7431506849315068 0.28680981595092025 0.00684931506849315
0 0.8941717791411042 0.735812133072407 0.015337423312883436 0.0019569471624266144
0 0.9233128834355828 0.735812133072407 0.027607361963190184 0.003913894324853229
0 0.8581288343558282 0.7353228962818004 0.02607361963190184 0.0029354207436399216
0 0.7960122699386503 0.7284735812133072 0.2883435582822086 0.00684931506849315
0 0.808282208588957 0.7221135029354208 0.03067484662576687 0.0019569471624266144
0 0.7745398773006135 0.7221135029354208 0.03067484662576687 0.0019569471624266144
0 0.8888036809815951 0.7221135029354208 0.09662576687116564 0.003913894324853229
0 0.7315950920245399 0.7216242661448141 0.03987730061349693 0.0029354207436399216
0 0.8174846625766872 0.7147749510763209 0.24233128834355827 0.004892367906066536
0 0.6748466257668712 0.7142857142857143 0.03987730061349693 0.003913894324853229
0 0.772239263803681 0.7064579256360078 0.1273006134969325 0.003913894324853229
0 0.8926380368098159 0.7064579256360078 0.09202453987730061 0.005870841487279843
0 0.7967791411042945 0.6986301369863014 0.2837423312883436 0.005870841487279843
0 0.7369631901840491 0.6908023483365949 0.05674846625766871 0.0019569471624266144
0 0.6779141104294478 0.6908023483365949 0.012269938650306749 0.0019569471624266144
0 0.8550613496932515 0.6903131115459883 0.16411042944785276 0.004892367906066536
0 0.6970858895705522 0.6829745596868885 0.08128834355828221 0.003913894324853229
0 0.8404907975460123 0.6829745596868885 0.19325153374233128 0.005870841487279843
0 0.7975460122699386 0.6746575342465754 0.2822085889570552 0.00684931506849315
0 0.7016871165644172 0.6668297455968689 0.010736196319018405 0.0009784735812133072
0 0.6625766871165644 0.6658512720156555 0.003067484662576687 0.0009784735812133072
0 0.6357361963190185 0.5342465753424658 0.023006134969325152 0.005870841487279843
0 0.5559815950920245 0.5132093933463796 0.0015337423312883436 0.0009784735812133072
0 0.5391104294478528 0.4828767123287671 0.05061349693251534 0.053816046966731895
0 0.6733128834355828 0.44569471624266144 0.006134969325153374 0.0029354207436399216
0 0.8205521472392638 0.6345401174168297 0.3588957055214724 0.39823874755381605
0 0.8404907975460123 0.4280821917808219 0.17791411042944785 0.008806262230919765
0 0.9708588957055214 0.42710371819960863 0.05828220858895705 0.010763209393346379
0 0.4700920245398773 0.6653620352250489 0.9401840490797546 0.4931506849315068
0 0.745398773006135 0.4158512720156556 0.009202453987730062 0.0019569471624266144
0 0.8458588957055214 0.4143835616438356 0.17024539877300612 0.008806262230919765
0 0.968558282208589 0.41340508806262233 0.06288343558282208 0.010763209393346379
0 0.16104294478527606 0.4026418786692759 0.018404907975460124 0.0029354207436399216
0 0.7699386503067485 0.4021526418786693 0.015337423312883436 0.003913894324853229
0 0.6802147239263804 0.4090019569471624 0.05061349693251534 0.01761252446183953
0 0.1955521472392638 0.40313111545988256 0.029141104294478526 0.005870841487279843
0 0.8190184049079755 0.40166340508806264 0.0705521472392638 0.00684931506849315
0 0.8934049079754601 0.40117416829745595 0.07515337423312883 0.009784735812133072
0 0.3006134969325153 0.3967710371819961 0.006134969325153374 0.0009784735812133072
0 0.9693251533742331 0.40019569471624267 0.06134969325153374 0.011741682974559686
0 0.39033742331288346 0.3938356164383562 0.0015337423312883436 0.0009784735812133072
0 0.37806748466257667 0.3938356164383562 0.004601226993865031 0.0009784735812133072
0 0.4601226993865031 0.3923679060665362 0.006134969325153374 0.0019569471624266144
0 0.419478527607362 0.39285714285714285 0.019938650306748466 0.0029354207436399216
0 0.9961656441717791 0.3904109589041096 0.007668711656441718 0.0019569471624266144
0 0.26226993865030673 0.3786692759295499 0.006134969325153374 0.0019569471624266144
0 0.2392638036809816 0.3786692759295499 0.006134969325153374 0.0019569471624266144
0 0.5659509202453987 0.3786692759295499 0.012269938650306749 0.003913894324853229
0 0.5475460122699386 0.37818003913894327 0.006134969325153374 0.0029354207436399216
0 0.4171779141104294 0.3767123287671233 0.012269938650306749 0.0019569471624266144
0 0.37193251533742333 0.37720156555772993 0.013803680981595092 0.0029354207436399216
0 0.35276073619631904 0.37720156555772993 0.012269938650306749 0.0029354207436399216
0 0.4348159509202454 0.3767123287671233 0.01687116564417178 0.003913894324853229
0 0.22162576687116564 0.36448140900195697 0.0015337423312883436 0.0009784735812133072
0 0.3282208588957055 0.36252446183953035 0.003067484662576687 0.0009784735812133072
0 0.39033742331288346 0.361545988258317 0.0015337423312883436 0.0009784735812133072
0 0.2691717791411043 0.36350293542074363 0.05368098159509203 0.004892367906066536
0 0.5161042944785276 0.361545988258317 0.0598159509202454 0.00684931506849315
0 0.6694785276073619 0.3595890410958904 0.2254601226993865 0.010763209393346379
0 0.3880368098159509 0.3546966731898239 0.003067484662576687 0.0009784735812133072
0 0.28911042944785276 0.3556751467710372 0.019938650306748466 0.0029354207436399216
0 0.32975460122699385 0.34833659491193736 0.009202453987730062 0.0019569471624266144
0 0.34892638036809814 0.3478473581213307 0.010736196319018405 0.0029354207436399216
0 0.27607361963190186 0.34882583170254405 0.09202453987730061 0.004892367906066536
0 0.3880368098159509 0.34686888454011744 0.009202453987730062 0.0029354207436399216
0 0.48849693251533743 0.34637964774951074 0.09049079754601227 0.007827788649706457
0 0.3243865030674847 0.27299412915851273 0.01687116564417178 0.01761252446183953
0 0.24923312883435583 0.2636986301369863 0.013803680981595092 0.014677103718199608
0 0.18558282208588958 0.25440313111545987 0.009202453987730062 0.0019569471624266144
0 0.3205521472392638 0.2534246575342466 0.003067484662576687 0.0019569471624266144
0 0.3136503067484663 0.24217221135029354 0.0015337423312883436 0.0009784735812133072
0 0.9616564417177914 0.1815068493150685 0.07668711656441718 0.363013698630137
0 0.8466257668711656 0.0014677103718199608 0.009202453987730062 0.0029354207436399216
0 0.5 0.20401174168297456 1.0 0.4080234833659491
