0 0.9665924276169265 0.8579710144927536 0.035634743875278395 0.06376811594202898
0 0.4510022271714922 0.9101449275362319 0.9020044543429844 0.17971014492753623
0 0.09799554565701558 0.7869565217391304 0.19599109131403117 0.10144927536231885
0 0.23719376391982183 0.7507246376811594 0.0334075723830735 0.034782608695652174
0 0.09688195991091314 0.30869565217391304 0.015590200445434299 0.020289855072463767
0 0.3374164810690423 0.2855072463768116 0.011135857461024499 0.03188405797101449
0 0.9855233853006682 0.2463768115942029 0.028953229398663696 0.057971014492753624
0 0.2561247216035635 0.2579710144927536 0.1603563474387528 0.10434782608695652
0 0.07126948775055679 0.26811594202898553 0.12026726057906459 0.1246376811594203
0 0.4732739420935412 0.25072463768115943 0.1714922048997773 0.11884057971014493
0 0.8095768374164811 0.23478260869565218 0.060133630289532294 0.12753623188405797
