0 0.030418250950570342 0.9978038067349927 0.0038022813688212928 0.004392386530014641
0 0.029467680608365018 0.9890190336749634 0.005703422053231939 0.004392386530014641
0 0.30228136882129275 0.945095168374817 0.5513307984790875 0.06881405563689605
0 0.9657794676806084 0.883601756954612 0.06844106463878327 0.048316251830161056
0 0.9895437262357415 0.8528550512445096 0.005703422053231939 0.0014641288433382138
0 0.9990494296577946 0.8367496339677891 0.0019011406844106464 0.0014641288433382138
0 0.9980988593155894 0.828696925329429 0.0038022813688212928 0.0029282576866764276
0 0.03802281368821293 0.8418740849194729 0.026615969581749048 0.04978038067349927
0 0.38688212927756654 0.8118594436310396 0.0019011406844106464 0.0014641288433382138
0 0.9990494296577946 0.8030746705710102 0.0019011406844106464 0.0014641288433382138
0 0.25570342205323193 0.7869692532942899 0.017110266159695818 0.004392386530014641
0 0.9961977186311787 0.7847730600292826 0.0076045627376425855 0.0029282576866764276
0 0.997148288973384 0.767203513909224 0.005703422053231939 0.0029282576866764276
0 0.9980988593155894 0.7576866764275256 0.0038022813688212928 0.0014641288433382138
0 0.997148288973384 0.7489019033674963 0.005703422053231939 0.004392386530014641
0 0.997148288973384 0.7320644216691069 0.005703422053231939 0.0029282576866764276
0 0.06463878326996197 0.7240117130307467 0.0038022813688212928 0.0014641288433382138
0 0.9923954372623575 0.6632503660322109 0.015209125475285171 0.1259150805270864
0 0.997148288973384 0.575402635431918 0.005703422053231939 0.0029282576866764276
0 0.9961977186311787 0.5578330893118595 0.0076045627376425855 0.0029282576866764276
0 0.9961977186311787 0.54099560761347 0.0076045627376425855 0.0014641288433382138
0 0.022813688212927757 0.5322108345534406 0.0038022813688212928 0.0014641288433382138
0 0.997148288973384 0.5263543191800878 0.005703422053231939 0.0014641288433382138
0 0.997148288973384 0.5087847730600292 0.005703422053231939 0.0014641288433382138
0 0.9980988593155894 0.47218155197657397 0.0038022813688212928 0.0014641288433382138
0 0.9904942965779467 0.4407027818448023 0.019011406844106463 0.04685212298682284
0 0.7975285171102662 0.3067349926793558 0.0019011406844106464 0.0014641288433382138
0 0.535171102661597 0.2979502196193265 0.005703422053231939 0.0014641288433382138
0 0.5009505703422054 0.2979502196193265 0.0019011406844106464 0.0014641288433382138
0 0.6568441064638784 0.2745241581259151 0.3897338403041825 0.01903367496339678
0 0.7509505703422054 0.2642752562225476 0.0038022813688212928 0.0014641288433382138
0 0.4296577946768061 0.27159590043923865 0.04182509505703422 0.016105417276720352
0 0.026615969581749048 0.26281112737920936 0.0038022813688212928 0.0014641288433382138
0 0.7262357414448669 0.26207906295754024 0.022813688212927757 0.0029282576866764276
0 0.3745247148288973 0.26939970717423134 0.019011406844106463 0.017569546120058566
0 0.28612167300380226 0.26281112737920936 0.02091254752851711 0.007320644216691069
0 0.025665399239543727 0.2540263543191801 0.005703422053231939 0.0014641288433382138
0 0.5693916349809885 0.2569546120058565 0.2300380228136882 0.010248901903367497
0 0.24904942965779467 0.25329428989751096 0.015209125475285171 0.0029282576866764276
0 0.2214828897338403 0.25329428989751096 0.024714828897338403 0.0029282576866764276
0 0.16920152091254753 0.25109809663250365 0.0038022813688212928 0.0014641288433382138
0 0.75 0.25329428989751096 0.20342205323193915 0.008784773060029283
0 0.41254752851711024 0.2518301610541728 0.03802281368821293 0.005856515373352855
0 0.373574144486692 0.25036603221083453 0.013307984790874524 0.005856515373352855
0 0.2709125475285171 0.24597364568081992 0.005703422053231939 0.0029282576866764276
0 0.02091254752851711 0.23718887262079064 0.0038022813688212928 0.0029282576866764276
0 0.45817490494296575 0.5973645680819912 0.8859315589353612 0.7291361639824304
0 0.8479087452471483 0.232796486090776 0.0076045627376425855 0.0029282576866764276
0 0.8374524714828897 0.23206442166910687 0.009505703422053232 0.004392386530014641
0 0.8127376425855514 0.23060029282576866 0.03231939163498099 0.004392386530014641
0 0.7908745247148289 0.22986822840409957 0.0076045627376425855 0.0029282576866764276
0 0.776615969581749 0.22986822840409957 0.009505703422053232 0.0029282576866764276
0 0.7652091254752852 0.22913616398243045 0.0019011406844106464 0.0014641288433382138
0 0.7547528517110266 0.22913616398243045 0.0076045627376425855 0.004392386530014641
0 0.720532319391635 0.22693997071742314 0.0038022813688212928 0.0029282576866764276
0 0.6606463878326996 0.2247437774524158 0.005703422053231939 0.0014641288433382138
0 0.6482889733840305 0.2247437774524158 0.0076045627376425855 0.0014641288433382138
0 0.5798479087452472 0.2225475841874085 0.0038022813688212928 0.0029282576866764276
0 0.5627376425855514 0.22181551976573938 0.015209125475285171 0.0014641288433382138
0 0.5465779467680608 0.22181551976573938 0.0019011406844106464 0.0014641288433382138
0 0.5332699619771863 0.22108345534407028 0.005703422053231939 0.0029282576866764276
0 0.7984790874524715 0.22035139092240116 0.12547528517110265 0.007320644216691069
0 0.723384030418251 0.21815519765739386 0.02091254752851711 0.005856515373352855
0 0.6673003802281369 0.21595900439238652 0.0076045627376425855 0.0014641288433382138
0 0.6568441064638784 0.21522693997071743 0.009505703422053232 0.0029282576866764276
0 0.8041825095057035 0.21156661786237188 0.11787072243346007 0.007320644216691069
0 0.688212927756654 0.20717423133235724 0.08745247148288973 0.007320644216691069
0 0.8526615969581749 0.2027818448023426 0.028517110266159697 0.004392386530014641
0 0.8288973384030418 0.2020497803806735 0.0076045627376425855 0.0029282576866764276
0 0.8165399239543726 0.2020497803806735 0.005703422053231939 0.0029282576866764276
0 0.8022813688212928 0.2020497803806735 0.015209125475285171 0.0029282576866764276
0 0.7652091254752852 0.2005856515373353 0.028517110266159697 0.005856515373352855
0 0.021863117870722433 0.19765739385065886 0.009505703422053232 0.0029282576866764276
0 0.5237642585551331 0.191800878477306 0.14258555133079848 0.005856515373352855
0 0.021863117870722433 0.1800878477306003 0.009505703422053232 0.0029282576866764276
0 0.9847908745247148 0.1617862371888726 0.030418250950570342 0.048316251830161056
0 0.9638783269961977 0.10248901903367497 0.07224334600760456 0.04685212298682284
0 0.9153992395437263 0.07613469985358712 0.017110266159695818 0.008784773060029283
0 0.4458174904942966 0.02342606149341142 0.013307984790874524 0.005856515373352855
0 0.42870722433460073 0.010248901903367497 0.013307984790874524 0.008784773060029283
0 0.41254752851711024 0.013909224011713031 0.026615969581749048 0.01903367496339678
0 0.32509505703422054 0.005124450951683748 0.0076045627376425855 0.010248901903367497
0 0.2870722433460076 0.0036603221083455345 0.034220532319391636 0.007320644216691069
0 0.25 0.0014641288433382138 0.0019011406844106464 0.0029282576866764276
0 0.4467680608365019 0.12445095168374817 0.870722433460076 0.24890190336749635
