0 0.43700787401574803 0.9957446808510638 0.011023622047244094 0.00851063829787234
0 0.4031496062992126 0.9946808510638298 0.028346456692913385 0.010638297872340425
0 0.3669291338582677 0.9946808510638298 0.012598425196850394 0.010638297872340425
0 0.3700787401574803 0.8138297872340425 0.0031496062992125984 0.002127659574468085
0 0.3417322834645669 0.8138297872340425 0.0031496062992125984 0.002127659574468085
0 0.4779527559055118 0.8117021276595745 0.0015748031496062992 0.002127659574468085
0 0.4015748031496063 0.8127659574468085 0.009448818897637795 0.00425531914893617
0 0.494488188976378 0.8117021276595745 0.01889763779527559 0.006382978723404255
0 0.4377952755905512 0.8117021276595745 0.012598425196850394 0.010638297872340425
0 0.4149606299212598 0.8117021276595745 0.014173228346456693 0.010638297872340425
0 0.04566929133858268 0.8095744680851064 0.006299212598425197 0.006382978723404255
0 0.4283464566929134 0.8 0.02204724409448819 0.00851063829787234
0 0.32677165354330706 0.7734042553191489 0.007874015748031496 0.002127659574468085
0 0.5007874015748032 0.747872340425532 0.006299212598425197 0.002127659574468085
0 0.47874015748031495 0.747872340425532 0.009448818897637795 0.002127659574468085
0 0.4338582677165354 0.747872340425532 0.0015748031496062992 0.002127659574468085
0 0.42362204724409447 0.7489361702127659 0.0031496062992125984 0.00425531914893617
0 0.32755905511811023 0.75 0.1700787401574803 0.006382978723404255
0 0.22755905511811023 0.75 0.014173228346456693 0.006382978723404255
0 0.5755905511811024 0.7457446808510638 0.023622047244094488 0.002127659574468085
0 0.5511811023622047 0.7457446808510638 0.006299212598425197 0.002127659574468085
0 0.9188976377952756 0.7446808510638298 0.014173228346456693 0.00425531914893617
0 0.6055118110236221 0.7446808510638298 0.011023622047244094 0.00425531914893617
0 0.7118110236220473 0.7414893617021276 0.006299212598425197 0.002127659574468085
0 0.7881889763779527 0.7372340425531915 0.0015748031496062992 0.002127659574468085
0 0.7456692913385827 0.7393617021276596 0.02047244094488189 0.006382978723404255
0 0.05748031496062992 0.7351063829787234 0.007874015748031496 0.006382978723404255
0 0.9173228346456693 0.7319148936170212 0.014173228346456693 0.00425531914893617
0 0.494488188976378 0.7287234042553191 0.0031496062992125984 0.002127659574468085
0 0.4763779527559055 0.7276595744680852 0.014173228346456693 0.00425531914893617
0 0.33228346456692914 0.7276595744680852 0.012598425196850394 0.00425531914893617
0 0.28346456692913385 0.7287234042553191 0.06614173228346457 0.006382978723404255
0 0.22913385826771654 0.7287234042553191 0.023622047244094488 0.006382978723404255
0 0.20078740157480315 0.7276595744680852 0.023622047244094488 0.00425531914893617
0 0.09763779527559055 0.723404255319149 0.06614173228346457 0.00851063829787234
0 0.8299212598425196 0.7127659574468085 0.006299212598425197 0.00425531914893617
0 0.8228346456692913 0.7127659574468085 0.004724409448818898 0.00425531914893617
0 0.3700787401574803 0.7095744680851064 0.02204724409448819 0.006382978723404255
0 0.4188976377952756 0.7074468085106383 0.050393700787401574 0.006382978723404255
0 0.38818897637795274 0.7074468085106383 0.007874015748031496 0.006382978723404255
0 0.5590551181102362 0.7042553191489361 0.05669291338582677 0.00851063829787234
0 0.4858267716535433 0.7063829787234043 0.07086614173228346 0.01276595744680851
0 0.2700787401574803 0.7063829787234043 0.08346456692913386 0.01276595744680851
0 0.6543307086614173 0.7 0.004724409448818898 0.00425531914893617
0 0.6244094488188976 0.701063829787234 0.023622047244094488 0.006382978723404255
0 0.6 0.701063829787234 0.015748031496062992 0.006382978723404255
0 0.7283464566929134 0.6968085106382979 0.0015748031496062992 0.002127659574468085
0 0.7204724409448819 0.6968085106382979 0.0015748031496062992 0.002127659574468085
0 0.7110236220472441 0.6978723404255319 0.007874015748031496 0.00425531914893617
0 0.06062992125984252 0.6978723404255319 0.007874015748031496 0.00425531914893617
0 0.9488188976377953 0.6936170212765957 0.011023622047244094 0.00425531914893617
0 0.8133858267716535 0.6914893617021277 0.007874015748031496 0.00425531914893617
0 0.9165354330708662 0.6840425531914893 0.006299212598425197 0.002127659574468085
0 0.3409448818897638 0.6861702127659575 0.007874015748031496 0.010638297872340425
0 0.07086614173228346 0.6712765957446809 0.006299212598425197 0.002127659574468085
0 0.05984251968503937 0.6712765957446809 0.006299212598425197 0.002127659574468085
0 0.9385826771653544 0.6702127659574468 0.006299212598425197 0.00425531914893617
0 0.1236220472440945 0.6606382978723404 0.0015748031496062992 0.002127659574468085
0 0.1141732283464567 0.6606382978723404 0.0015748031496062992 0.002127659574468085
0 0.07244094488188976 0.6574468085106383 0.03464566929133858 0.00425531914893617
0 0.12283464566929134 0.6478723404255319 0.0031496062992125984 0.002127659574468085
0 0.09212598425196851 0.6457446808510638 0.05196850393700787 0.006382978723404255
0 0.06299212598425197 0.6436170212765957 0.0031496062992125984 0.002127659574468085
0 0.9519685039370078 0.6414893617021277 0.007874015748031496 0.002127659574468085
0 0.6204724409448819 0.6361702127659574 0.0031496062992125984 0.00425531914893617
0 0.6086614173228346 0.6202127659574468 0.026771653543307086 0.006382978723404255
0 0.42283464566929135 0.5968085106382979 0.011023622047244094 0.006382978723404255
0 0.3960629921259842 0.5968085106382979 0.011023622047244094 0.006382978723404255
0 0.6433070866141732 0.575531914893617 0.004724409448818898 0.006382978723404255
0 0.4125984251968504 0.5776595744680851 0.01889763779527559 0.014893617021276596
0 0.04409448818897638 0.31382978723404253 0.0031496062992125984 0.002127659574468085
0 0.04409448818897638 0.2904255319148936 0.006299212598425197 0.002127659574468085
0 0.21968503937007874 0.2521276595744681 0.004724409448818898 0.002127659574468085
0 0.19921259842519684 0.2521276595744681 0.004724409448818898 0.002127659574468085
0 0.14251968503937007 0.2531914893617021 0.004724409448818898 0.00425531914893617
0 0.15984251968503937 0.22659574468085106 0.02047244094488189 0.002127659574468085
0 0.13385826771653545 0.20106382978723406 0.08818897637795275 0.006382978723404255
0 0.6503937007874016 0.19042553191489361 0.0031496062992125984 0.002127659574468085
0 0.4968503937007874 0.49361702127659574 0.9937007874015747 0.902127659574468
0 0.989763779527559 0.02446808510638298 0.0015748031496062992 0.002127659574468085
0 0.5377952755905512 0.015957446808510637 0.004724409448818898 0.006382978723404255
0 0.5220472440944882 0.002127659574468085 0.004724409448818898 0.00425531914893617
0 0.431496062992126 0.007446808510638298 0.0031496062992125984 0.014893617021276596
0 0.3889763779527559 0.009574468085106383 0.006299212598425197 0.019148936170212766
0 0.3653543307086614 0.009574468085106383 0.0031496062992125984 0.019148936170212766
