0 0.050079491255961846 0.7967741935483871 0.014308426073131956 0.0064516129032258064
0 0.11685214626391097 0.7838709677419354 0.0047694753577106515 0.002150537634408602
0 0.09062003179650238 0.7838709677419354 0.003179650238473768 0.002150537634408602
0 0.06677265500794913 0.7849462365591398 0.006359300476947536 0.004301075268817204
0 0.05087440381558029 0.7838709677419354 0.01589825119236884 0.0064516129032258064
0 0.21303656597774245 0.7612903225806451 0.009538950715421303 0.004301075268817204
0 0.1907790143084261 0.7612903225806451 0.006359300476947536 0.004301075268817204
0 0.17488076311605724 0.7591397849462366 0.012718600953895072 0.004301075268817204
0 0.11685214626391097 0.7591397849462366 0.017488076311605722 0.004301075268817204
0 0.0890302066772655 0.7591397849462366 0.03179650238473768 0.004301075268817204
0 0.1478537360890302 0.7580645161290323 0.03179650238473768 0.0064516129032258064
0 0.05802861685214626 0.7580645161290323 0.02702702702702703 0.0064516129032258064
0 0.951510333863275 0.7526881720430108 0.00794912559618442 0.004301075268817204
0 0.02782193958664547 0.5161290322580645 0.05564387917329094 0.2537634408602151
0 0.8386327503974563 0.38064516129032255 0.0047694753577106515 0.008602150537634409
0 0.03815580286168521 0.12580645161290321 0.006359300476947536 0.13548387096774195
0 0.5 0.5032258064516129 1.0 0.8989247311827957
0 0.6017488076311606 0.016129032258064516 0.030206677265500796 0.03225806451612903
0 0.5516693163751988 0.002150537634408602 0.003179650238473768 0.004301075268817204
0 0.45548489666136727 0.005376344086021506 0.0047694753577106515 0.010752688172043012
0 0.4236883942766296 0.0064516129032258064 0.030206677265500796 0.012903225806451613
0 0.3871224165341812 0.0064516129032258064 0.0047694753577106515 0.012903225806451613
0 0.4276629570747218 0.02043010752688172 0.1685214626391097 0.04086021505376344
