0 0.5 0.9854227405247813 1.0 0.029154518950437316
0 0.3355155482815057 0.9307580174927114 0.006546644844517185 0.0014577259475218659
0 0.07855973813420622 0.9293002915451894 0.01309328968903437 0.004373177842565598
0 0.969721767594108 0.924198250728863 0.0016366612111292963 0.0029154518950437317
0 0.0016366612111292963 0.9198250728862973 0.0032733224222585926 0.0029154518950437317
0 0.5 0.9373177842565598 1.0 0.061224489795918366
0 0.20540098199672668 0.8753644314868805 0.06382978723404255 0.05393586005830904
0 0.023731587561374796 0.8629737609329446 0.04746317512274959 0.119533527696793
0 0.9795417348608838 0.8024781341107872 0.0016366612111292963 0.0014577259475218659
0 0.44762684124386254 0.8571428571428571 0.08019639934533551 0.11078717201166181
0 0.9869067103109657 0.7951895043731778 0.009819967266775777 0.007288629737609329
0 0.0867430441898527 0.8396501457725948 0.04582651391162029 0.10787172011661808
0 0.34779050736497547 0.8206997084548106 0.09328968903436989 0.1749271137026239
0 0.9926350245499181 0.717930029154519 0.004909983633387889 0.0014577259475218659
0 0.018821603927986905 0.7529154518950437 0.03764320785597381 0.08309037900874636
0 0.9967266775777414 0.7026239067055393 0.006546644844517185 0.0029154518950437317
0 0.44680851063829785 0.7470845481049563 0.07855973813420622 0.10058309037900874
0 0.022913256955810146 0.7026239067055393 0.022913256955810146 0.011661807580174927
0 0.8993453355155483 0.6924198250728864 0.008183306055646482 0.0029154518950437317
0 0.2037643207855974 0.7602040816326531 0.057283142389525366 0.17346938775510204
0 0.32733224222585927 0.6960641399416909 0.05237315875613748 0.10349854227405247
0 0.9787234042553191 0.5189504373177842 0.01309328968903437 0.0029154518950437317
0 0.9754500818330606 0.5036443148688047 0.0032733224222585926 0.0014577259475218659
0 0.9746317512274959 0.489067055393586 0.027823240589198037 0.007288629737609329
0 0.9689034369885434 0.48104956268221577 0.016366612111292964 0.0029154518950437317
0 0.9378068739770867 0.48177842565597667 0.022913256955810146 0.007288629737609329
0 0.9746317512274959 0.4715743440233236 0.027823240589198037 0.007288629737609329
0 0.9762684124386252 0.45699708454810495 0.027823240589198037 0.018950437317784258
0 0.9729950900163666 0.44096209912536444 0.024549918166939442 0.007288629737609329
0 0.24549918166939444 0.29300291545189505 0.06546644844517185 0.008746355685131196
0 0.281505728314239 0.2725947521865889 0.03273322422258593 0.0029154518950437317
0 0.24468085106382978 0.2725947521865889 0.024549918166939442 0.0029154518950437317
0 0.22995090016366612 0.271865889212828 0.0016366612111292963 0.0014577259475218659
0 0.2176759410801964 0.2725947521865889 0.009819967266775777 0.0029154518950437317
0 0.10147299509001637 0.271865889212828 0.006546644844517185 0.0014577259475218659
0 0.9222585924713584 0.18731778425655976 0.0016366612111292963 0.0014577259475218659
0 0.9803600654664485 0.15597667638483964 0.006546644844517185 0.0029154518950437317
0 0.5 0.4679300291545189 1.0 0.9358600583090378
