0 0.4872159090909091 0.8042226487523992 0.005681818181818182 0.003838771593090211
0 0.4119318181818182 0.8042226487523992 0.011363636363636364 0.003838771593090211
0 0.2997159090909091 0.8042226487523992 0.002840909090909091 0.003838771593090211
0 0.2755681818181818 0.8042226487523992 0.014204545454545454 0.003838771593090211
0 0.26420454545454547 0.8032629558541267 0.002840909090909091 0.0019193857965451055
0 0.24786931818181818 0.8042226487523992 0.015625 0.003838771593090211
0 0.1690340909090909 0.8032629558541267 0.1278409090909091 0.005758157389635317
0 0.07670454545454546 0.8013435700575816 0.048295454545454544 0.005758157389635317
0 0.9545454545454546 0.7965451055662188 0.011363636363636364 0.003838771593090211
0 0.9268465909090909 0.7965451055662188 0.02130681818181818 0.003838771593090211
0 0.6228693181818182 0.791746641074856 0.004261363636363636 0.0019193857965451055
0 0.6079545454545454 0.791746641074856 0.005681818181818182 0.0019193857965451055
0 0.7130681818181818 0.7907869481765835 0.008522727272727272 0.003838771593090211
0 0.6860795454545454 0.7907869481765835 0.005681818181818182 0.003838771593090211
0 0.5738636363636364 0.791746641074856 0.05397727272727273 0.005758157389635317
0 0.7982954545454546 0.7888675623800384 0.011363636363636364 0.003838771593090211
0 0.7627840909090909 0.789827255278311 0.022727272727272728 0.005758157389635317
0 0.29545454545454547 0.789827255278311 0.48295454545454547 0.009596928982725527
0 0.08380681818181818 0.7754318618042226 0.056818181818181816 0.007677543186180422
0 0.9524147727272727 0.7696737044145874 0.009943181818181818 0.003838771593090211
0 0.6548295454545454 0.7677543186180422 0.005681818181818182 0.003838771593090211
0 0.4765625 0.7514395393474088 0.007102272727272727 0.0019193857965451055
0 0.11008522727272728 0.7514395393474088 0.004261363636363636 0.0019193857965451055
0 0.375 0.7495201535508638 0.005681818181818182 0.0019193857965451055
0 0.3508522727272727 0.7591170825335892 0.5909090909090909 0.02495201535508637
0 0.07883522727272728 0.7495201535508638 0.046875 0.005758157389635317
0 0.7436079545454546 0.7456813819577736 0.004261363636363636 0.0019193857965451055
0 0.9580965909090909 0.7437619961612284 0.029829545454545456 0.005758157389635317
0 0.1875 0.7408829174664108 0.26420454545454547 0.019193857965451054
0 0.1171875 0.7284069097888676 0.024147727272727272 0.005758157389635317
0 0.06178977272727273 0.7245681381957774 0.0014204545454545455 0.0019193857965451055
0 0.08380681818181818 0.72552783109405 0.03125 0.007677543186180422
0 0.9559659090909091 0.7207293666026872 0.014204545454545454 0.0019193857965451055
0 0.4197443181818182 0.72552783109405 0.018465909090909092 0.026871401151631478
0 0.9509943181818182 0.7111324376199616 0.01278409090909091 0.0019193857965451055
0 0.9261363636363636 0.7120921305182342 0.011363636363636364 0.003838771593090211
0 0.08380681818181818 0.7111324376199616 0.05397727272727273 0.009596928982725527
0 0.07599431818181818 0.6986564299424184 0.03551136363636364 0.007677543186180422
0 0.9580965909090909 0.6967370441458733 0.03551136363636364 0.007677543186180422
0 0.9623579545454546 0.6679462571976967 0.02130681818181818 0.003838771593090211
0 0.12073863636363637 0.6727447216890595 0.13068181818181818 0.013435700575815739
0 0.4296875 0.6602687140115163 0.007102272727272727 0.023032629558541268
0 0.515625 0.6477927063339731 0.005681818181818182 0.005758157389635317
0 0.5717329545454546 0.6285988483685221 0.0014204545454545455 0.0019193857965451055
0 0.5944602272727273 0.6305182341650671 0.03551136363636364 0.013435700575815739
0 0.5049715909090909 0.6257197696737045 0.007102272727272727 0.007677543186180422
0 0.4708806818181818 0.6247600767754319 0.03835227272727273 0.009596928982725527
0 0.5724431818181818 0.6132437619961613 0.022727272727272728 0.009596928982725527
0 0.5397727272727273 0.6103646833013435 0.011363636363636364 0.007677543186180422
0 0.49360795454545453 0.6065259117082533 0.009943181818181818 0.007677543186180422
0 0.7244318181818182 0.6026871401151631 0.005681818181818182 0.003838771593090211
0 0.3359375 0.5412667946257198 0.06960227272727272 0.0345489443378119
0 0.2940340909090909 0.5239923224568138 0.011363636363636364 0.015355086372360844
0 0.3728693181818182 0.4990403071017274 0.0014204545454545455 0.003838771593090211
0 0.3586647727272727 0.45489443378119004 0.007102272727272727 0.007677543186180422
0 0.32670454545454547 0.45873320537428025 0.036931818181818184 0.046065259117082535
0 0.27769886363636365 0.44433781190019195 0.029829545454545456 0.036468330134357005
0 0.43110795454545453 0.4107485604606526 0.02130681818181818 0.023032629558541268
0 0.2705965909090909 0.4088291746641075 0.018465909090909092 0.023032629558541268
0 0.7194602272727273 0.4165067178502879 0.1690340909090909 0.08445297504798464
0 0.7308238636363636 0.3685220729366603 0.004261363636363636 0.003838771593090211
0 0.044744318181818184 0.354126679462572 0.0014204545454545455 0.0019193857965451055
0 0.4850852272727273 0.33877159309021115 0.140625 0.02111324376199616
0 0.008522727272727272 0.31573896353166986 0.002840909090909091 0.0019193857965451055
0 0.4865056818181818 0.31285988483685223 0.140625 0.019193857965451054
0 0.4872159090909091 0.2907869481765835 0.14204545454545456 0.013435700575815739
0 0.9076704545454546 0.2888675623800384 0.13920454545454544 0.013435700575815739
0 0.96875 0.27735124760076774 0.008522727272727272 0.0019193857965451055
0 0.9055397727272727 0.2667946257197697 0.140625 0.015355086372360844
0 0.9737215909090909 0.2523992322456814 0.004261363636363636 0.005758157389635317
0 0.9744318181818182 0.2399232245681382 0.002840909090909091 0.003838771593090211
0 0.014914772727272728 0.23128598848368523 0.0014204545454545455 0.0019193857965451055
0 0.9758522727272727 0.22648752399232247 0.005681818181818182 0.007677543186180422
0 0.9765625 0.21401151631477927 0.007102272727272727 0.005758157389635317
0 0.8828125 0.21305182341650672 0.007102272727272727 0.003838771593090211
0 0.9765625 0.20153550863723607 0.004261363636363636 0.003838771593090211
0 0.26988636363636365 0.1890595009596929 0.005681818181818182 0.005758157389635317
0 0.7734375 0.16794625719769674 0.0014204545454545455 0.0019193857965451055
0 0.7940340909090909 0.16410748560460653 0.008522727272727272 0.009596928982725527
0 0.8863636363636364 0.15834932821497122 0.022727272727272728 0.04798464491362764
0 0.8444602272727273 0.1381957773512476 0.007102272727272727 0.015355086372360844
0 0.8245738636363636 0.15547024952015356 0.03835227272727273 0.053742802303262956
0 0.8330965909090909 0.09500959692898273 0.109375 0.06333973128598848
0 0.5 0.5143953934740882 1.0 0.9097888675623801
0 0.9836647727272727 0.1238003838771593 0.02130681818181818 0.1401151631477927
0 0.5561079545454546 0.023032629558541268 0.007102272727272727 0.007677543186180422
0 0.5411931818181818 0.008637236084452975 0.005681818181818182 0.005758157389635317
0 0.44957386363636365 0.01055662188099808 0.004261363636363636 0.02111324376199616
0 0.4119318181818182 0.012476007677543186 0.019886363636363636 0.02495201535508637
0 0.3821022727272727 0.012476007677543186 0.005681818181818182 0.02495201535508637
