0 0.5709219858156028 0.9745308310991957 0.0070921985815602835 0.00804289544235925
0 0.4148936170212766 0.9785522788203753 0.02127659574468085 0.04289544235924933
0 0.35697399527186763 0.9785522788203753 0.0425531914893617 0.04289544235924933
0 0.30260047281323876 0.9785522788203753 0.03309692671394799 0.04289544235924933
0 0.28841607565011823 0.9624664879356568 0.009456264775413711 0.010723860589812333
0 0.24822695035460993 0.9343163538873994 0.009456264775413711 0.002680965147453083
0 0.07565011820330969 0.04155495978552279 0.004728132387706856 0.00804289544235925
0 0.14184397163120568 0.004021447721179625 0.014184397163120567 0.00804289544235925
0 0.12174940898345153 0.002680965147453083 0.0070921985815602835 0.005361930294906166
0 0.5 0.4477211796246649 1.0 0.8954423592493298
