0 0.6157894736842106 0.9969758064516129 0.010526315789473684 0.006048387096774193
0 0.4280701754385965 0.9969758064516129 0.007017543859649123 0.006048387096774193
0 0.5947368421052631 0.9949596774193549 0.007017543859649123 0.010080645161290322
0 0.6350877192982456 0.9879032258064516 0.0035087719298245615 0.004032258064516129
0 0.5149122807017544 0.9848790322580645 0.015789473684210527 0.03024193548387097
0 0.5947368421052631 0.9707661290322581 0.0035087719298245615 0.006048387096774193
0 0.4394736842105263 0.9788306451612904 0.008771929824561403 0.02217741935483871
0 0.4631578947368421 0.9828629032258065 0.010526315789473684 0.034274193548387094
0 0.6412280701754386 0.9707661290322581 0.012280701754385965 0.014112903225806451
0 0.6140350877192983 0.9606854838709677 0.0035087719298245615 0.0020161290322580645
0 0.4824561403508772 0.9667338709677419 0.20350877192982456 0.06653225806451613
0 0.37105263157894736 0.8286290322580645 0.008771929824561403 0.004032258064516129
0 0.3605263157894737 0.8276209677419355 0.0017543859649122807 0.0020161290322580645
0 0.312280701754386 0.8286290322580645 0.007017543859649123 0.004032258064516129
0 0.4026315789473684 0.8004032258064516 0.005263157894736842 0.004032258064516129
0 0.3157894736842105 0.6784274193548387 0.014035087719298246 0.02620967741935484
0 0.2675438596491228 0.6330645161290323 0.005263157894736842 0.004032258064516129
0 0.28157894736842104 0.6330645161290323 0.012280701754385965 0.008064516129032258
0 0.22456140350877193 0.6300403225806451 0.0035087719298245615 0.0020161290322580645
0 0.14473684210526316 0.6401209677419355 0.05087719298245614 0.04233870967741935
0 0.42719298245614035 0.4465725806451613 0.005263157894736842 0.006048387096774193
0 0.2596491228070175 0.5100806451612904 0.3087719298245614 0.20161290322580644
0 0.29473684210526313 0.1975806451612903 0.0035087719298245615 0.016129032258064516
0 0.2657894736842105 0.18649193548387097 0.0017543859649122807 0.0020161290322580645
0 0.39649122807017545 0.18951612903225806 0.06315789473684211 0.024193548387096774
0 0.2789473684210526 0.18548387096774194 0.007017543859649123 0.036290322580645164
0 0.3280701754385965 0.18548387096774194 0.06315789473684211 0.04032258064516129
0 0.23596491228070177 0.17943548387096775 0.005263157894736842 0.028225806451612902
0 0.20350877192982456 0.18044354838709678 0.042105263157894736 0.04233870967741935
0 0.15789473684210525 0.1935483870967742 0.042105263157894736 0.06854838709677419
0 0.19824561403508772 0.004032258064516129 0.06315789473684211 0.008064516129032258
0 0.5 0.5 1.0 1.0
