0 0.56015625 0.9943342776203966 0.0328125 0.0113314447592068
0 0.390625 0.9943342776203966 0.165625 0.0113314447592068
0 0.06171875 0.8791312559017942 0.0046875 0.0018885741265344666
0 0.06875 0.8663833805476865 0.025 0.0084985835694051
0 0.76328125 0.8626062322946175 0.0140625 0.0066100094428706326
0 0.73828125 0.8607176581680831 0.0171875 0.010387157695939566
0 0.74921875 0.8569405099150141 0.0109375 0.0066100094428706326
0 0.12734375 0.8456090651558074 0.0015625 0.0028328611898017
0 0.1125 0.8437204910292729 0.00625 0.0028328611898017
0 0.528125 0.8389990557129368 0.003125 0.0009442870632672333
0 0.515625 0.8394711992445704 0.009375 0.0018885741265344666
0 0.31015625 0.8389990557129368 0.0078125 0.0028328611898017
0 0.01484375 0.8474976392823418 0.0296875 0.019830028328611898
0 0.93359375 0.8342776203966006 0.0015625 0.0009442870632672333
0 0.94453125 0.833805476864967 0.0140625 0.0018885741265344666
0 0.18828125 0.832389046270066 0.0015625 0.0009442870632672333
0 0.17734375 0.8319169027384324 0.0140625 0.0018885741265344666
0 0.9796875 0.8286118980169972 0.03125 0.0028328611898017
0 0.9375 0.8281397544853636 0.034375 0.003777148253068933
0 0.2625 0.8271954674220963 0.034375 0.003777148253068933
0 0.12890625 0.8257790368271954 0.0046875 0.0009442870632672333
0 0.1171875 0.8257790368271954 0.00625 0.0009442870632672333
0 0.07265625 0.8253068932955618 0.0140625 0.0018885741265344666
0 0.97421875 0.8224740321057602 0.0140625 0.0018885741265344666
0 0.93828125 0.8224740321057602 0.0328125 0.003777148253068933
0 0.27734375 0.8210576015108593 0.0109375 0.0009442870632672333
0 0.25390625 0.8210576015108593 0.0296875 0.0028328611898017
0 0.115625 0.8205854579792257 0.015625 0.0018885741265344666
0 0.0734375 0.8201133144475921 0.0125 0.0009442870632672333
0 0.17109375 0.8234183191690274 0.0515625 0.0113314447592068
0 0.03671875 0.8224740321057602 0.0515625 0.009442870632672332
0 0.97890625 0.8163361661945231 0.0296875 0.0028328611898017
0 0.278125 0.8153918791312559 0.00625 0.0009442870632672333
0 0.2328125 0.8153918791312559 0.003125 0.0009442870632672333
0 0.93828125 0.8163361661945231 0.0390625 0.004721435316336166
0 0.21484375 0.8149197355996223 0.0078125 0.0018885741265344666
0 0.25859375 0.8149197355996223 0.0234375 0.003777148253068933
0 0.059375 0.8139754485363551 0.028125 0.0018885741265344666
0 0.0203125 0.8135033050047215 0.015625 0.0028328611898017
0 0.16953125 0.8139754485363551 0.0421875 0.0056657223796034
0 0.978125 0.8111425873465533 0.021875 0.0018885741265344666
0 0.93828125 0.8111425873465533 0.0359375 0.003777148253068933
0 0.2546875 0.8097261567516525 0.01875 0.0028328611898017
0 0.15859375 0.8087818696883853 0.0140625 0.0028328611898017
0 0.2765625 0.8045325779036827 0.00625 0.0018885741265344666
0 0.23828125 0.8040604343720491 0.0328125 0.0028328611898017
0 0.97890625 0.8035882908404155 0.0296875 0.003777148253068933
0 0.9390625 0.8040604343720491 0.0375 0.004721435316336166
0 0.68046875 0.8045325779036827 0.0390625 0.0056657223796034
0 0.1640625 0.8026440037771483 0.03125 0.003777148253068933
0 0.66875 0.7993389990557129 0.003125 0.0028328611898017
0 0.25078125 0.7983947119924457 0.0015625 0.0009442870632672333
0 0.97734375 0.7983947119924457 0.0203125 0.0028328611898017
0 0.93828125 0.7979225684608121 0.0328125 0.003777148253068933
0 0.15703125 0.7979225684608121 0.0140625 0.003777148253068933
0 0.503125 0.7941454202077431 0.015625 0.0018885741265344666
0 0.521875 0.7936732766761095 0.0125 0.0028328611898017
0 0.9796875 0.7917847025495751 0.025 0.0028328611898017
0 0.16875 0.7927289896128423 0.04375 0.004721435316336166
0 0.93984375 0.7917847025495751 0.0359375 0.004721435316336166
0 0.63828125 0.7870632672332389 0.0203125 0.0028328611898017
0 0.60859375 0.7870632672332389 0.0046875 0.0028328611898017
0 0.23359375 0.7870632672332389 0.0390625 0.0028328611898017
0 0.1671875 0.7870632672332389 0.034375 0.0028328611898017
0 0.9390625 0.7861189801699717 0.03125 0.0028328611898017
0 0.909375 0.7851746931067044 0.0125 0.0028328611898017
0 0.653125 0.7809254013220018 0.003125 0.0018885741265344666
0 0.1515625 0.7804532577903682 0.00625 0.0009442870632672333
0 0.98046875 0.7799811142587346 0.0203125 0.0018885741265344666
0 0.17265625 0.7804532577903682 0.0234375 0.0028328611898017
0 0.9125 0.7790368271954674 0.00625 0.0018885741265344666
0 0.940625 0.779508970727101 0.0375 0.004721435316336166
0 0.5765625 0.775731822474032 0.00625 0.0009442870632672333
0 0.940625 0.7738432483474976 0.034375 0.0028328611898017
0 0.60625 0.7681775259678942 0.003125 0.0009442870632672333
0 0.58671875 0.7686496694995278 0.0046875 0.0018885741265344666
0 0.9796875 0.767233238904627 0.021875 0.0028328611898017
0 0.91015625 0.7667610953729934 0.0046875 0.0018885741265344666
0 0.94375 0.767233238904627 0.034375 0.004721435316336166
0 0.1765625 0.7629839471199245 0.00625 0.0018885741265344666
0 0.95078125 0.7615675165250236 0.0078125 0.0009442870632672333
0 0.9390625 0.7615675165250236 0.003125 0.0009442870632672333
0 0.60859375 0.7629839471199245 0.0078125 0.003777148253068933
0 0.559375 0.7629839471199245 0.034375 0.003777148253068933
0 0.61875 0.7568460812086875 0.003125 0.0009442870632672333
0 0.56796875 0.7568460812086875 0.0046875 0.0009442870632672333
0 0.515625 0.7464589235127479 0.003125 0.0028328611898017
0 0.01875 0.7474032105760151 0.015625 0.004721435316336166
0 0.6078125 0.7483474976392823 0.0125 0.0084985835694051
0 0.3359375 0.7474032105760151 0.015625 0.0066100094428706326
0 0.1109375 0.7445703493862134 0.015625 0.010387157695939566
0 0.57109375 0.7318224740321058 0.0140625 0.013220018885741265
0 0.5546875 0.7219074598677998 0.0125 0.0066100094428706326
0 0.5265625 0.7020774315391879 0.00625 0.004721435316336166
0 0.34609375 0.6973559962228517 0.0015625 0.0009442870632672333
0 0.00390625 0.6954674220963173 0.0078125 0.0066100094428706326
0 0.0578125 0.6874409820585458 0.00625 0.003777148253068933
0 0.48203125 0.6879131255901794 0.1671875 0.1274787535410765
0 0.3421875 0.6340887629839471 0.0375 0.023607176581680833
0 0.07109375 0.6350330500472143 0.0203125 0.025495750708215296
0 0.38046875 0.6213408876298395 0.0296875 0.02077431539187913
0 0.36484375 0.6114258734655336 0.0015625 0.0009442870632672333
0 0.77265625 0.5925401322001889 0.0015625 0.0009442870632672333
0 0.32890625 0.5897072710103871 0.0828125 0.05004721435316336
0 0.32734375 0.5661000944287063 0.0078125 0.0066100094428706326
0 0.2796875 0.5552407932011332 0.00625 0.0056657223796034
0 0.3109375 0.552880075542965 0.00625 0.004721435316336166
0 0.28984375 0.5524079320113314 0.0109375 0.02077431539187913
0 0.28125 0.5349386213408877 0.00625 0.0066100094428706326
0 0.22578125 0.5146364494806421 0.0046875 0.0056657223796034
0 0.2453125 0.4971671388101983 0.003125 0.0028328611898017
0 0.71171875 0.4466477809254013 0.0265625 0.013220018885741265
0 0.7015625 0.43909348441926344 0.003125 0.0018885741265344666
0 0.21484375 0.4400377714825307 0.0296875 0.009442870632672332
0 0.68046875 0.42965061378659114 0.0078125 0.0056657223796034
0 0.24609375 0.4126534466477809 0.0046875 0.0018885741265344666
0 0.65625 0.4140698772426818 0.021875 0.010387157695939566
0 0.2453125 0.4060434372049103 0.00625 0.0018885741265344666
0 0.196875 0.42398489140698775 0.05625 0.039660056657223795
0 0.2609375 0.4117091595845137 0.040625 0.018885741265344664
0 0.2625 0.40132200188857414 0.0125 0.003777148253068933
0 0.24140625 0.4003777148253069 0.0078125 0.003777148253068933
0 0.20546875 0.40415486307837584 0.0359375 0.0113314447592068
0 0.26015625 0.3942398489140699 0.0015625 0.0009442870632672333
0 0.625 0.39565627950897075 0.00625 0.007554296506137866
0 0.6171875 0.3885741265344665 0.00625 0.0028328611898017
0 0.20703125 0.3937677053824363 0.0421875 0.018885741265344664
0 0.2484375 0.3833805476864967 0.021875 0.007554296506137866
0 0.24453125 0.37865911237016053 0.0078125 0.003777148253068933
0 0.590625 0.37393767705382436 0.003125 0.0018885741265344666
0 0.44609375 0.3578847969782814 0.0046875 0.0018885741265344666
0 0.43828125 0.35363550519357884 0.0046875 0.0028328611898017
0 0.675 0.3465533522190746 0.01875 0.0113314447592068
0 0.41640625 0.3314447592067989 0.0078125 0.003777148253068933
0 0.74296875 0.32011331444759206 0.0046875 0.0018885741265344666
0 0.4078125 0.32341831916902736 0.0125 0.0084985835694051
0 0.40078125 0.31633616619452315 0.0015625 0.0018885741265344666
0 0.9375 0.301699716713881 0.003125 0.0009442870632672333
0 0.7046875 0.3007554296506138 0.00625 0.0028328611898017
0 0.37109375 0.29036827195467424 0.0171875 0.0084985835694051
0 0.36328125 0.28234183191690276 0.0109375 0.0056657223796034
0 0.35703125 0.27431539187913123 0.0078125 0.004721435316336166
0 0.34921875 0.2667610953729934 0.0140625 0.0066100094428706326
0 0.27109375 0.25967894239848915 0.0109375 0.003777148253068933
0 0.3421875 0.25920679886685555 0.009375 0.004721435316336166
0 0.2671875 0.2525967894239849 0.009375 0.004721435316336166
0 0.0203125 0.2785646836638338 0.040625 0.05854579792256846
0 0.43984375 0.2525967894239849 0.0171875 0.012275731822474031
0 0.3328125 0.2502360717658168 0.01875 0.007554296506137866
0 0.26171875 0.24457034938621341 0.0109375 0.003777148253068933
0 0.04375 0.24457034938621341 0.01875 0.018885741265344664
0 0.3234375 0.23984891406987724 0.01875 0.0113314447592068
0 0.0984375 0.22993389990557128 0.0125 0.0028328611898017
0 0.01640625 0.2360717658168083 0.0328125 0.02077431539187913
0 0.4125 0.22757318224740322 0.0125 0.0056657223796034
0 0.1296875 0.22851746931067043 0.0375 0.007554296506137866
0 0.30625 0.22237960339943344 0.0125 0.004721435316336166
0 0.09296875 0.22285174693106705 0.0296875 0.0056657223796034
0 0.01640625 0.2219074598677998 0.0328125 0.007554296506137866
0 0.06953125 0.2186024551463645 0.0140625 0.0028328611898017
0 0.10546875 0.21765816808309726 0.0109375 0.0028328611898017
0 0.584375 0.21576959395656278 0.0375 0.01794145420207743
0 0.3953125 0.2101038715769594 0.0125 0.0066100094428706326
0 0.29609375 0.20868744098205855 0.0140625 0.0056657223796034
0 0.0078125 0.20821529745042494 0.015625 0.004721435316336166
0 0.3484375 0.20302171860245516 0.003125 0.0018885741265344666
0 0.41484375 0.20113314447592068 0.0078125 0.003777148253068933
0 0.003125 0.19499527856468366 0.00625 0.004721435316336166
0 0.0265625 0.19216241737488196 0.003125 0.0009442870632672333
0 0.90546875 0.1846081208687441 0.0015625 0.0009442870632672333
0 0.0203125 0.18508026440037773 0.040625 0.009442870632672332
0 0.23203125 0.09206798866855524 0.0078125 0.004721435316336166
0 0.2609375 0.07507082152974505 0.003125 0.0028328611898017
0 0.24453125 0.06185080264400378 0.0203125 0.04060434372049103
0 0.55546875 0.009442870632672332 0.0078125 0.018885741265344664
0 0.37109375 0.010859301227573183 0.1671875 0.021718602455146365
0 0.5 0.4886685552407932 1.0 0.9773371104815864
