0 0.7744063324538258 0.916988416988417 0.0079155672823219 0.011583011583011582
0 0.9907651715039578 0.9111969111969112 0.0079155672823219 0.007722007722007722
0 0.8047493403693932 0.9131274131274131 0.010554089709762533 0.011583011583011582
0 0.9947229551451188 0.888030888030888 0.010554089709762533 0.007722007722007722
0 0.8126649076517151 0.8861003861003861 0.005277044854881266 0.003861003861003861
0 0.010554089709762533 0.8764478764478765 0.021108179419525065 0.007722007722007722
0 0.9947229551451188 0.8667953667953668 0.010554089709762533 0.011583011583011582
0 0.8087071240105541 0.859073359073359 0.013192612137203167 0.019305019305019305
0 0.9947229551451188 0.8436293436293436 0.010554089709762533 0.011583011583011582
0 0.022427440633245383 0.8359073359073359 0.013192612137203167 0.003861003861003861
0 0.8430079155672823 0.8378378378378378 0.029023746701846966 0.015444015444015444
0 0.7744063324538258 0.8378378378378378 0.0079155672823219 0.015444015444015444
0 0.9973614775725593 0.8223938223938224 0.005277044854881266 0.007722007722007722
0 0.7744063324538258 0.8204633204633205 0.002638522427440633 0.003861003861003861
0 0.8192612137203166 0.8281853281853282 0.03430079155672823 0.03474903474903475
0 0.027704485488126648 0.8127413127413128 0.0079155672823219 0.003861003861003861
0 0.9920844327176781 0.8011583011583011 0.0158311345646438 0.011583011583011582
0 0.8641160949868074 0.7972972972972973 0.002638522427440633 0.003861003861003861
0 0.029023746701846966 0.7895752895752896 0.010554089709762533 0.003861003861003861
0 0.9934036939313984 0.7567567567567568 0.013192612137203167 0.015444015444015444
0 0.8496042216358839 0.7567567567567568 0.010554089709762533 0.015444015444015444
0 0.9973614775725593 0.7355212355212355 0.005277044854881266 0.003861003861003861
0 0.7744063324538258 0.7277992277992278 0.0079155672823219 0.011583011583011582
0 0.996042216358839 0.7123552123552124 0.0079155672823219 0.011583011583011582
0 0.8614775725593667 0.7084942084942085 0.002638522427440633 0.003861003861003861
0 0.8100263852242744 0.7200772200772201 0.0158311345646438 0.04247104247104247
0 0.996042216358839 0.6698841698841699 0.0079155672823219 0.011583011583011582
0 0.8641160949868074 0.666023166023166 0.0079155672823219 0.011583011583011582
0 0.7757255936675461 0.6640926640926641 0.005277044854881266 0.007722007722007722
0 0.7968337730870713 0.6525096525096525 0.036939313984168866 0.03088803088803089
0 0.032981530343007916 0.6351351351351351 0.002638522427440633 0.003861003861003861
0 0.8139841688654353 0.6235521235521235 0.0079155672823219 0.011583011583011582
0 0.9920844327176781 0.6196911196911197 0.0158311345646438 0.02702702702702703
0 0.8562005277044855 0.6061776061776062 0.018469656992084433 0.007722007722007722
0 0.820580474934037 0.6023166023166023 0.010554089709762533 0.015444015444015444
0 0.9907651715039578 0.5868725868725869 0.018469656992084433 0.015444015444015444
0 0.866754617414248 0.583011583011583 0.002638522427440633 0.007722007722007722
0 0.8153034300791556 0.583011583011583 0.005277044854881266 0.007722007722007722
0 0.9986807387862797 0.5656370656370656 0.002638522427440633 0.003861003861003861
0 0.8245382585751979 0.5579150579150579 0.002638522427440633 0.003861003861003861
0 0.9406332453825857 0.7258687258687259 0.023746701846965697 0.3861003861003861
0 0.945910290237467 0.5193050193050193 0.0079155672823219 0.019305019305019305
0 0.9986807387862797 0.4594594594594595 0.002638522427440633 0.007722007722007722
0 0.9973614775725593 0.28957528957528955 0.005277044854881266 0.007722007722007722
0 0.9802110817941952 0.19884169884169883 0.0395778364116095 0.15057915057915058
0 0.4762532981530343 0.5154440154440154 0.9525065963060686 0.8146718146718147
0 0.5778364116094987 0.06756756756756757 0.010554089709762533 0.003861003861003861
0 0.5369393139841688 0.0694980694980695 0.013192612137203167 0.007722007722007722
0 0.5065963060686016 0.0637065637065637 0.005277044854881266 0.011583011583011582
0 0.5686015831134564 0.03667953667953668 0.029023746701846966 0.03474903474903475
0 0.5105540897097626 0.019305019305019305 0.018469656992084433 0.03861003861003861
0 0.40369393139841686 0.03088803088803089 0.0316622691292876 0.06177606177606178
0 0.36015831134564646 0.032818532818532815 0.018469656992084433 0.06563706563706563
0 0.2994722955145119 0.032818532818532815 0.0395778364116095 0.06563706563706563
