0 0.43135593220338986 0.9980506822612085 0.005084745762711864 0.003898635477582846
0 0.5169491525423728 0.98635477582846 0.013559322033898305 0.02729044834307992
0 0.6423728813559322 0.9756335282651072 0.010169491525423728 0.009746588693957114
0 0.46440677966101696 0.9853801169590644 0.006779661016949152 0.029239766081871343
0 0.4423728813559322 0.9805068226120858 0.006779661016949152 0.01949317738791423
0 0.6830508474576271 0.9736842105263158 0.03389830508474576 0.05263157894736842
0 0.4830508474576271 0.9707602339181286 0.19661016949152543 0.05847953216374269
0 0.9322033898305084 0.9278752436647173 0.013559322033898305 0.003898635477582846
0 0.2940677966101695 0.898635477582846 0.16101694915254236 0.007797270955165692
0 0.3525423728813559 0.8869395711500975 0.04067796610169491 0.003898635477582846
0 0.35847457627118645 0.8771929824561403 0.00847457627118644 0.003898635477582846
0 0.24491525423728813 0.8762183235867447 0.19830508474576272 0.009746588693957114
0 0.20084745762711864 0.8674463937621832 0.011864406779661017 0.003898635477582846
0 0.1423728813559322 0.8674463937621832 0.09491525423728814 0.007797270955165692
0 0.2033898305084746 0.8557504873294347 0.01694915254237288 0.003898635477582846
0 0.18220338983050846 0.8557504873294347 0.015254237288135594 0.003898635477582846
0 0.16186440677966102 0.8557504873294347 0.015254237288135594 0.003898635477582846
0 0.007627118644067797 0.8567251461988304 0.015254237288135594 0.005847953216374269
0 0.08898305084745763 0.8508771929824561 0.1271186440677966 0.021442495126705652
0 0.007627118644067797 0.8333333333333334 0.015254237288135594 0.005847953216374269
0 0.006779661016949152 0.8187134502923976 0.013559322033898305 0.003898635477582846
0 0.006779661016949152 0.8060428849902534 0.013559322033898305 0.005847953216374269
0 0.005084745762711864 0.7933723196881092 0.010169491525423728 0.003898635477582846
0 0.05084745762711865 0.8128654970760234 0.05423728813559322 0.050682261208576995
0 0.006779661016949152 0.7787524366471735 0.013559322033898305 0.005847953216374269
0 0.29322033898305083 0.6091617933723197 0.006779661016949152 0.005847953216374269
0 0.27796610169491526 0.6091617933723197 0.006779661016949152 0.005847953216374269
0 0.2635593220338983 0.6091617933723197 0.00847457627118644 0.005847953216374269
0 0.22033898305084745 0.5838206627680312 0.010169491525423728 0.04483430799220273
0 0.23389830508474577 0.5818713450292398 0.013559322033898305 0.05263157894736842
0 0.2584745762711864 0.5799220272904484 0.0288135593220339 0.06432748538011696
0 0.2796610169491525 0.5555555555555556 0.010169491525423728 0.023391812865497075
0 0.2966101694915254 0.5458089668615984 0.013559322033898305 0.02729044834307992
0 0.9966101694915255 0.5331384015594542 0.006779661016949152 0.06042884990253411
0 0.9813559322033898 0.4844054580896686 0.003389830508474576 0.001949317738791423
0 0.9084745762711864 0.47368421052631576 0.006779661016949152 0.003898635477582846
0 0.05847457627118644 0.6257309941520468 0.06949152542372881 0.31968810916179335
0 0.009322033898305085 0.6062378167641326 0.01864406779661017 0.28460038986354774
0 0.9415254237288135 0.449317738791423 0.005084745762711864 0.001949317738791423
0 0.9584745762711865 0.449317738791423 0.025423728813559324 0.005847953216374269
0 0.05084745762711865 0.4502923976608187 0.05423728813559322 0.015594541910331383
0 0.009322033898305085 0.44834307992202727 0.01864406779661017 0.015594541910331383
0 0.24915254237288137 0.4327485380116959 0.02711864406779661 0.003898635477582846
0 0.19491525423728814 0.4317738791423002 0.003389830508474576 0.001949317738791423
0 0.1805084745762712 0.4317738791423002 0.00847457627118644 0.001949317738791423
0 0.1635593220338983 0.4317738791423002 0.001694915254237288 0.001949317738791423
0 0.15169491525423728 0.4317738791423002 0.001694915254237288 0.001949317738791423
0 0.051694915254237285 0.42787524366471735 0.05254237288135593 0.009746588693957114
0 0.009322033898305085 0.42787524366471735 0.01864406779661017 0.009746588693957114
0 0.21864406779661016 0.41325536062378165 0.2135593220338983 0.015594541910331383
0 0.05084745762711865 0.4074074074074074 0.05423728813559322 0.015594541910331383
0 0.009322033898305085 0.4064327485380117 0.01864406779661017 0.017543859649122806
0 0.31271186440677967 0.3937621832358674 0.011864406779661017 0.003898635477582846
0 0.20084745762711864 0.3898635477582846 0.17457627118644067 0.007797270955165692
0 0.05 0.38499025341130605 0.05254237288135593 0.01364522417153996
0 0.010169491525423728 0.3830409356725146 0.020338983050847456 0.01364522417153996
0 0.05084745762711865 0.36744639376218324 0.04745762711864407 0.009746588693957114
0 0.00847457627118644 0.3654970760233918 0.01694915254237288 0.009746588693957114
0 0.04745762711864407 0.3538011695906433 0.03728813559322034 0.005847953216374269
0 0.3855932203389831 0.3148148148148148 0.00847457627118644 0.009746588693957114
0 0.3338983050847458 0.29142300194931775 0.020338983050847456 0.005847953216374269
0 0.21779661016949153 0.2962962962962963 0.21864406779661016 0.15594541910331383
0 0.3152542372881356 0.19785575048732942 0.006779661016949152 0.017543859649122806
0 0.3288135593220339 0.19103313840155944 0.003389830508474576 0.007797270955165692
0 0.009322033898305085 0.2212475633528265 0.01864406779661017 0.26705653021442494
0 0.40508474576271186 0.08089668615984405 0.010169491525423728 0.005847953216374269
0 0.40423728813559323 0.06140350877192982 0.001694915254237288 0.001949317738791423
0 0.37457627118644066 0.057504873294346975 0.006779661016949152 0.005847953216374269
0 0.2 0.04775828460038986 0.006779661016949152 0.005847953216374269
0 0.1864406779661017 0.04483430799220273 0.003389830508474576 0.003898635477582846
0 0.17288135593220338 0.043859649122807015 0.003389830508474576 0.001949317738791423
0 0.14661016949152542 0.03996101364522417 0.025423728813559324 0.01364522417153996
0 0.10847457627118644 0.03216374269005848 0.003389830508474576 0.009746588693957114
0 0.009322033898305085 0.024366471734892786 0.01864406779661017 0.029239766081871343
0 0.3610169491525424 0.009746588693957114 0.006779661016949152 0.003898635477582846
0 0.6483050847457628 0.46881091617933723 0.7033898305084746 0.9376218323586745
0 0.15677966101694915 0.0029239766081871343 0.005084745762711864 0.005847953216374269
0 0.1423728813559322 0.004873294346978557 0.010169491525423728 0.009746588693957114
0 0.25169491525423726 0.04191033138401559 0.2830508474576271 0.08382066276803118
0 0.06440677966101695 0.17446393762183235 0.08135593220338982 0.3489278752436647
