0 0.31800391389432486 0.9983498349834984 0.0019569471624266144 0.0033003300330033004
0 0.2788649706457926 0.9983498349834984 0.0019569471624266144 0.0033003300330033004
0 0.5264187866927593 0.9818481848184818 0.03913894324853229 0.036303630363036306
0 0.3238747553816047 0.976897689768977 0.20156555772994128 0.0462046204620462
0 0.9716242661448141 0.5148514851485149 0.05675146771037182 0.8514851485148515
0 0.46868884540117417 0.5099009900990099 0.9256360078277887 0.8613861386138614
0 0.45596868884540115 0.006600660066006601 0.007827788649706457 0.013201320132013201
0 0.42759295499021527 0.02145214521452145 0.009784735812133072 0.0429042904290429
0 0.34637964774951074 0.019801980198019802 0.015655577299412915 0.039603960396039604
0 0.30919765166340507 0.02145214521452145 0.03913894324853229 0.0429042904290429
0 0.26614481409001955 0.02145214521452145 0.019569471624266144 0.0429042904290429
