0 0.016268980477223426 0.7840909090909091 0.03253796095444685 0.07644628099173553
0 0.01843817787418655 0.7324380165289256 0.0368763557483731 0.022727272727272728
0 0.021691973969631236 0.7055785123966942 0.03036876355748373 0.022727272727272728
0 0.020607375271149676 0.6652892561983471 0.04121475054229935 0.024793388429752067
0 0.013015184381778741 0.5371900826446281 0.026030368763557483 0.01652892561983471
0 0.5 0.512396694214876 1.0 0.9752066115702479
0 0.571583514099783 0.022727272727272728 0.006507592190889371 0.004132231404958678
0 0.5455531453362256 0.022727272727272728 0.010845986984815618 0.004132231404958678
0 0.579175704989154 0.01756198347107438 0.004338394793926247 0.006198347107438017
0 0.5281995661605207 0.015495867768595042 0.0021691973969631237 0.006198347107438017
0 0.4490238611713666 0.008264462809917356 0.008676789587852495 0.01652892561983471
0 0.40997830802603036 0.008264462809917356 0.039045553145336226 0.01652892561983471
0 0.368763557483731 0.007231404958677686 0.008676789587852495 0.014462809917355372
