0 0.04592901878914405 0.99800796812749 0.012526096033402923 0.00398406374501992
0 0.9968684759916493 0.9860557768924303 0.006263048016701462 0.027888446215139442
0 0.5835073068893528 0.9262948207171314 0.0020876826722338203 0.00398406374501992
0 0.545929018789144 0.9203187250996016 0.022964509394572025 0.01593625498007968
0 0.5605427974947808 0.9093625498007968 0.014613778705636743 0.017928286852589643
0 0.5782881002087683 0.8944223107569721 0.0041753653444676405 0.00398406374501992
0 0.49269311064718163 0.9422310756972112 0.9853862212943633 0.11553784860557768
0 0.5386221294363257 0.8954183266932271 0.008350730688935281 0.029880478087649404
0 0.55741127348643 0.8784860557768924 0.0041753653444676405 0.00398406374501992
0 0.6242171189979123 0.9043824701195219 0.04175365344467641 0.08366533864541832
0 0.4290187891440501 0.8874501992031872 0.1941544885177453 0.09760956175298804
0 0.534446764091858 0.8077689243027888 0.1419624217118998 0.049800796812749
0 0.9791231732776617 0.7629482071713147 0.008350730688935281 0.0398406374501992
0 0.9947807933194155 0.797808764940239 0.010438413361169102 0.11752988047808766
0 0.9958246346555324 0.7290836653386454 0.008350730688935281 0.00796812749003984
0 0.68580375782881 0.7549800796812749 0.22755741127348644 0.06374501992031872
0 0.4112734864300626 0.749003984063745 0.30062630480167013 0.07171314741035857
0 0.04697286012526096 0.7400398406374502 0.04801670146137787 0.0697211155378486
0 0.9979123173277662 0.6195219123505976 0.0041753653444676405 0.00398406374501992
0 0.9979123173277662 0.598605577689243 0.0041753653444676405 0.00597609561752988
0 0.15657620041753653 0.5956175298804781 0.012526096033402923 0.00398406374501992
0 0.9989561586638831 0.5866533864541833 0.0020876826722338203 0.00199203187250996
0 0.7860125260960334 0.5816733067729084 0.006263048016701462 0.00398406374501992
0 0.2244258872651357 0.5816733067729084 0.014613778705636743 0.00796812749003984
0 0.14718162839248433 0.5756972111553785 0.04384133611691023 0.00796812749003984
0 0.267223382045929 0.5717131474103586 0.0041753653444676405 0.00398406374501992
0 0.3653444676409186 0.5657370517928287 0.025052192066805846 0.00796812749003984
0 0.3246346555323591 0.5617529880478087 0.006263048016701462 0.00398406374501992
0 0.30167014613778703 0.5627490039840638 0.018789144050104383 0.00597609561752988
0 0.9968684759916493 0.5537848605577689 0.006263048016701462 0.055776892430278883
0 0.8392484342379958 0.5507968127490039 0.2881002087682672 0.061752988047808766
0 0.9739039665970772 0.5169322709163346 0.0020876826722338203 0.00199203187250996
0 0.9979123173277662 0.5169322709163346 0.0041753653444676405 0.0099601593625498
0 0.824634655532359 0.5119521912350598 0.037578288100208766 0.01195219123505976
0 0.7588726513569938 0.5099601593625498 0.04384133611691023 0.00796812749003984
0 0.6189979123173278 0.5069721115537849 0.006263048016701462 0.00199203187250996
0 0.6043841336116911 0.5069721115537849 0.014613778705636743 0.00199203187250996
0 0.35386221294363257 0.5298804780876494 0.6743215031315241 0.07569721115537849
0 0.9979123173277662 0.49302788844621515 0.0041753653444676405 0.00597609561752988
0 0.8215031315240083 0.4900398406374502 0.010438413361169102 0.00398406374501992
0 0.1325678496868476 0.48804780876494025 0.006263048016701462 0.00398406374501992
0 0.31002087682672236 0.4850597609561753 0.0020876826722338203 0.00199203187250996
0 0.11377870563674322 0.48804780876494025 0.014613778705636743 0.00796812749003984
0 0.09394572025052192 0.4860557768924303 0.008350730688935281 0.00398406374501992
0 0.28914405010438415 0.4850597609561753 0.010438413361169102 0.00597609561752988
0 0.9989561586638831 0.4820717131474104 0.0020876826722338203 0.00398406374501992
0 0.25156576200417535 0.48306772908366535 0.05219206680584551 0.0099601593625498
0 0.1534446764091858 0.47808764940239046 0.014613778705636743 0.00398406374501992
0 0.13674321503131523 0.4770916334661355 0.006263048016701462 0.00199203187250996
0 0.7630480167014614 0.4750996015936255 0.0020876826722338203 0.00199203187250996
0 0.9989561586638831 0.4721115537848606 0.0020876826722338203 0.00398406374501992
0 0.13883089770354906 0.46713147410358563 0.0020876826722338203 0.00199203187250996
0 0.40292275574112735 0.4641434262948207 0.0041753653444676405 0.00398406374501992
0 0.09707724425887265 0.4641434262948207 0.014613778705636743 0.00398406374501992
0 0.3559498956158664 0.4631474103585657 0.010438413361169102 0.00597609561752988
0 0.33716075156576203 0.46215139442231074 0.014613778705636743 0.00398406374501992
0 0.3089770354906054 0.46115537848605576 0.020876826722338204 0.00597609561752988
0 0.25052192066805845 0.4591633466135458 0.0918580375782881 0.0099601593625498
0 0.17745302713987474 0.45717131474103584 0.020876826722338204 0.00597609561752988
0 0.14509394572025053 0.4551792828685259 0.006263048016701462 0.00199203187250996
0 0.8235908141962421 0.4252988047808765 0.010438413361169102 0.00199203187250996
0 0.3883089770354906 0.41733067729083667 0.06680584551148225 0.00597609561752988
0 0.33194154488517746 0.41434262948207173 0.012526096033402923 0.00398406374501992
0 0.2807933194154488 0.4113545816733068 0.06471816283924843 0.00597609561752988
0 0.9989561586638831 0.4073705179282869 0.0020876826722338203 0.00199203187250996
0 0.1837160751565762 0.4073705179282869 0.012526096033402923 0.00199203187250996
0 0.20981210855949894 0.4073705179282869 0.031315240083507306 0.00597609561752988
0 0.15657620041753653 0.40537848605577687 0.008350730688935281 0.00199203187250996
0 0.8382045929018789 0.40537848605577687 0.05636743215031315 0.00597609561752988
0 0.29331941544885176 0.39143426294820716 0.006263048016701462 0.00199203187250996
0 0.20772442588726514 0.38645418326693226 0.010438413361169102 0.00398406374501992
0 0.1617954070981211 0.3834661354581673 0.0020876826722338203 0.00199203187250996
0 0.1409185803757829 0.3834661354581673 0.0020876826722338203 0.00199203187250996
0 0.8622129436325678 0.38247011952191234 0.012526096033402923 0.00398406374501992
0 0.8361169102296451 0.38247011952191234 0.018789144050104383 0.00398406374501992
0 0.8121085594989561 0.3804780876494024 0.012526096033402923 0.00398406374501992
0 0.9707724425887265 0.3715139442231076 0.0041753653444676405 0.00199203187250996
0 0.68580375782881 0.36752988047808766 0.0020876826722338203 0.00199203187250996
0 0.5845511482254697 0.3655378486055777 0.0041753653444676405 0.00199203187250996
0 0.9979123173277662 0.3555776892430279 0.0041753653444676405 0.013944223107569721
0 0.1638830897703549 0.34860557768924305 0.006263048016701462 0.00398406374501992
0 0.1304801670146138 0.34860557768924305 0.006263048016701462 0.00398406374501992
0 0.49478079331941544 0.34760956175298807 0.008350730688935281 0.00597609561752988
0 0.021920668058455117 0.2908366533864542 0.027139874739039668 0.07171314741035857
0 0.5219206680584552 0.3057768924302789 0.9227557411273486 0.13745019920318724
0 0.8559498956158664 0.2201195219123506 0.05010438413361169 0.00597609561752988
0 0.7974947807933194 0.21912350597609562 0.020876826722338204 0.00796812749003984
0 0.13778705636743216 0.20816733067729085 0.0041753653444676405 0.00199203187250996
0 0.8789144050104384 0.20916334661354583 0.18789144050104384 0.00796812749003984
0 0.7964509394572025 0.19820717131474103 0.014613778705636743 0.00597609561752988
0 0.8684759916492694 0.19820717131474103 0.1127348643006263 0.0099601593625498
0 0.7588726513569938 0.18625498007968128 0.014613778705636743 0.00199203187250996
0 0.1325678496868476 0.18725099601593626 0.006263048016701462 0.00398406374501992
0 0.8778705636743215 0.18725099601593626 0.18580375782881003 0.00796812749003984
0 0.13883089770354906 0.17729083665338646 0.010438413361169102 0.00398406374501992
0 0.7995824634655533 0.17430278884462153 0.008350730688935281 0.00199203187250996
0 0.8872651356993737 0.17629482071713148 0.1419624217118998 0.0099601593625498
0 0.14926931106471816 0.16733067729083664 0.031315240083507306 0.00796812749003984
0 0.8883089770354906 0.16633466135458166 0.14822546972860126 0.0099601593625498
0 0.802713987473904 0.16334661354581673 0.010438413361169102 0.00398406374501992
0 0.7599164926931107 0.16334661354581673 0.012526096033402923 0.00398406374501992
0 0.3872651356993737 0.1643426294820717 0.014613778705636743 0.00597609561752988
0 0.6106471816283925 0.15836653386454183 0.0020876826722338203 0.00199203187250996
0 0.6012526096033403 0.15836653386454183 0.0041753653444676405 0.00199203187250996
0 0.1524008350730689 0.15637450199203187 0.025052192066805846 0.00597609561752988
0 0.37995824634655534 0.15239043824701196 0.0041753653444676405 0.00199203187250996
0 0.8987473903966597 0.15338645418326693 0.09394572025052192 0.00796812749003984
0 0.8256784968684759 0.15139442231075698 0.010438413361169102 0.00398406374501992
0 0.8152400835073069 0.14243027888446216 0.031315240083507306 0.00597609561752988
0 0.7609603340292276 0.14043824701195218 0.010438413361169102 0.00199203187250996
0 0.9081419624217119 0.14243027888446216 0.1127348643006263 0.0099601593625498
0 0.5855949895615866 0.13745019920318724 0.014613778705636743 0.00398406374501992
0 0.5553235908141962 0.13545816733067728 0.020876826722338204 0.00398406374501992
0 0.15970772442588727 0.14243027888446216 0.04801670146137787 0.017928286852589643
0 0.9008350730688935 0.13147410358565736 0.08559498956158663 0.00796812749003984
0 0.8183716075156576 0.1294820717131474 0.016701461377870562 0.00398406374501992
0 0.9613778705636743 0.12151394422310757 0.010438413361169102 0.00398406374501992
0 0.16805845511482254 0.12350597609561753 0.05636743215031315 0.00796812749003984
0 0.906054279749478 0.12151394422310757 0.07515657620041753 0.00796812749003984
0 0.42171189979123175 0.11952191235059761 0.016701461377870562 0.00398406374501992
0 0.8152400835073069 0.11354581673306773 0.018789144050104383 0.01593625498007968
0 0.1826722338204593 0.10159362549800798 0.018789144050104383 0.00398406374501992
0 0.15866388308977036 0.10059760956175298 0.025052192066805846 0.00597609561752988
0 0.4572025052192067 0.07470119521912351 0.15031315240083507 0.03386454183266932
0 0.10125260960334029 0.05876494023904383 0.018789144050104383 0.037848605577689244
0 0.45407098121085593 0.03286852589641434 0.0020876826722338203 0.00199203187250996
0 0.025052192066805846 0.04880478087649402 0.016701461377870562 0.037848605577689244
0 0.09812108559498957 0.03286852589641434 0.008350730688935281 0.0099601593625498
0 0.6482254697286013 0.037848605577689244 0.03966597077244259 0.03187250996015936
0 0.8256784968684759 0.0647410358565737 0.3068893528183716 0.09760956175298804
0 0.5187891440501043 0.02888446215139442 0.20668058455114824 0.037848605577689244
0 0.27139874739039666 0.04780876494023904 0.2755741127348643 0.09561752988047809
