0 0.6894563426688632 0.9566724436741768 0.0016474464579901153 0.0034662045060658577
0 0.7182866556836903 0.9532062391681109 0.0032948929159802307 0.0034662045060658577
0 0.7347611202635914 0.9402079722703639 0.006589785831960461 0.012131715771230503
0 0.7207578253706755 0.938474870017331 0.018121911037891267 0.022530329289428077
0 0.627677100494234 0.9428076256499134 0.09225700164744646 0.03119584055459272
0 0.6046128500823723 0.9298093587521664 0.009884678747940691 0.005199306759098787
0 0.9967051070840197 0.9315424610051993 0.006589785831960461 0.019064124783362217
0 0.014827018121911038 0.9306759098786829 0.029654036243822075 0.01733102253032929
0 0.009884678747940691 0.91421143847487 0.019769357495881382 0.005199306759098787
0 0.31795716639209226 0.9350086655112652 0.5205930807248764 0.05025996533795494
0 0.2413509060955519 0.9038128249566725 0.357495881383855 0.008665511265164644
0 0.0008237232289950577 0.8587521663778163 0.0016474464579901153 0.0017331022530329288
0 0.0016474464579901153 0.8474870017331022 0.0032948929159802307 0.0034662045060658577
0 0.5098846787479407 0.8630849220103987 0.8945634266886326 0.18717504332755633
0 0.414332784184514 0.7616984402079723 0.008237232289950576 0.0017331022530329288
0 0.5683690280065898 0.7625649913344887 0.2833607907742998 0.006932409012131715
0 0.35090609555189456 0.7616984402079723 0.07248764415156507 0.005199306759098787
0 0.2990115321252059 0.7608318890814558 0.004942339373970346 0.0034662045060658577
0 0.002471169686985173 0.75736568457539 0.004942339373970346 0.0034662045060658577
0 0.9950576606260296 0.7530329289428076 0.009884678747940691 0.008665511265164644
0 0.4184514003294893 0.7504332755632582 0.009884678747940691 0.0034662045060658577
0 0.3953871499176277 0.7495667244367418 0.0032948929159802307 0.0017331022530329288
0 0.32042833607907745 0.7495667244367418 0.018121911037891267 0.0017331022530329288
0 0.004118616144975288 0.7374350086655113 0.008237232289950576 0.005199306759098787
0 0.005766062602965404 0.7166377816291161 0.011532125205930808 0.005199306759098787
0 0.002471169686985173 0.7053726169844021 0.004942339373970346 0.0034662045060658577
0 0.004118616144975288 0.6949740034662045 0.008237232289950576 0.0034662045060658577
0 0.23805601317957167 0.695840554592721 0.018121911037891267 0.008665511265164644
0 0.20840197693574958 0.6854419410745234 0.0016474464579901153 0.0017331022530329288
0 0.09225700164744646 0.6854419410745234 0.0032948929159802307 0.0017331022530329288
0 0.07990115321252059 0.6854419410745234 0.0016474464579901153 0.0017331022530329288
0 0.002471169686985173 0.6837088388214905 0.004942339373970346 0.0017331022530329288
0 0.3056013179571664 0.6767764298093587 0.008237232289950576 0.005199306759098787
0 0.2545304777594728 0.6759098786828422 0.008237232289950576 0.0034662045060658577
0 0.23640856672158156 0.6759098786828422 0.008237232289950576 0.006932409012131715
0 0.2215815485996705 0.6750433275563258 0.008237232289950576 0.005199306759098787
0 0.004118616144975288 0.6741767764298093 0.008237232289950576 0.0034662045060658577
0 0.20675453047775946 0.6663778162911612 0.0016474464579901153 0.0017331022530329288
0 0.3401976935749588 0.6559792027729636 0.004942339373970346 0.0017331022530329288
0 0.29242174629324547 0.6559792027729636 0.004942339373970346 0.0017331022530329288
0 0.2677100494233937 0.6559792027729636 0.02471169686985173 0.0017331022530329288
0 0.31054365733113676 0.6568457538994801 0.0214168039538715 0.006932409012131715
0 0.2100494233937397 0.6542461005199307 0.0016474464579901153 0.0017331022530329288
0 0.004118616144975288 0.6525129982668978 0.008237232289950576 0.0017331022530329288
0 0.23311367380560133 0.6542461005199307 0.03459637561779242 0.008665511265164644
0 0.22487644151565075 0.6438474870017331 0.018121911037891267 0.008665511265164644
0 0.9950576606260296 0.6377816291161178 0.009884678747940691 0.01386481802426343
0 0.23146622734761121 0.6204506065857885 0.0214168039538715 0.01386481802426343
0 0.5082372322899505 0.6897746967071057 0.8780889621087314 0.1559792027729636
0 0.9892915980230642 0.5961871750433275 0.0214168039538715 0.03119584055459272
0 0.9884678747940692 0.4679376083188908 0.023064250411861616 0.02079722703639515
0 0.042009884678747944 0.38388214904679374 0.0016474464579901153 0.0017331022530329288
0 0.02059308072487644 0.47920277296360486 0.04118616144975288 0.22010398613518198
0 0.9719934102141681 0.3717504332755633 0.05601317957166392 0.01559792027729636
0 0.05683690280065898 0.32582322357019067 0.008237232289950576 0.006932409012131715
0 0.9654036243822076 0.255632582322357 0.032948929159802305 0.012131715771230503
0 0.6235584843492586 0.20537261698440207 0.0016474464579901153 0.0017331022530329288
0 0.02059308072487644 0.17677642980935876 0.04118616144975288 0.038128249566724434
0 0.5914332784184514 0.09185441941074524 0.023064250411861616 0.006932409012131715
0 0.5065897858319605 0.34055459272097055 0.8616144975288303 0.5389948006932409
0 0.9489291598023064 0.01993067590987868 0.029654036243822075 0.008665511265164644
0 0.17462932454695224 0.025996533795493933 0.04942339373970346 0.05199306759098787
