0 0.5654450261780105 0.9865384615384616 0.015706806282722512 0.026923076923076925
0 0.5039267015706806 0.9865384615384616 0.01832460732984293 0.026923076923076925
0 0.38481675392670156 0.9865384615384616 0.031413612565445025 0.026923076923076925
0 0.5327225130890052 0.975 0.007853403141361256 0.011538461538461539
0 0.3390052356020942 0.9846153846153847 0.01832460732984293 0.03076923076923077
0 0.2761780104712042 0.9846153846153847 0.04450261780104712 0.03076923076923077
0 0.9973821989528796 0.25961538461538464 0.005235602094240838 0.019230769230769232
0 0.4908376963350785 0.5038461538461538 0.981675392670157 0.7692307692307693
0 0.5680628272251309 0.05384615384615385 0.010471204188481676 0.015384615384615385
0 0.5471204188481675 0.08269230769230769 0.08376963350785341 0.10384615384615385
0 0.5510471204188482 0.03461538461538462 0.02356020942408377 0.015384615384615385
0 0.6361256544502618 0.07692307692307693 0.05235602094240838 0.15384615384615385
0 0.35340314136125656 0.07692307692307693 0.2774869109947644 0.15384615384615385
