0 0.16907514450867053 0.9145569620253164 0.33815028901734107 0.04430379746835443
0 0.5028901734104047 0.879746835443038 0.028901734104046242 0.006329113924050633
0 0.2774566473988439 0.8686708860759493 0.023121387283236993 0.028481012658227847
0 0.4985549132947977 0.8481012658227848 0.02023121387283237 0.006329113924050633
0 0.1199421965317919 0.8575949367088608 0.02601156069364162 0.04430379746835443
0 0.3338150289017341 0.8306962025316456 0.002890173410404624 0.0031645569620253164
0 0.49710982658959535 0.8180379746835443 0.005780346820809248 0.0031645569620253164
0 0.4754335260115607 0.8180379746835443 0.008670520231213872 0.0031645569620253164
0 0.33236994219653176 0.8164556962025317 0.023121387283236993 0.006329113924050633
0 0.12427745664739884 0.8117088607594937 0.005780346820809248 0.0031645569620253164
0 0.4841040462427746 0.8022151898734177 0.008670520231213872 0.0031645569620253164
0 0.4190751445086705 0.8022151898734177 0.005780346820809248 0.0031645569620253164
0 0.32803468208092484 0.8022151898734177 0.03757225433526012 0.00949367088607595
0 0.4725433526011561 0.7895569620253164 0.07225433526011561 0.00949367088607595
0 0.3901734104046243 0.7879746835443038 0.046242774566473986 0.006329113924050633
0 0.28034682080924855 0.7879746835443038 0.005780346820809248 0.006329113924050633
0 0.3265895953757225 0.7863924050632911 0.046242774566473986 0.00949367088607595
0 0.12283236994219653 0.7832278481012658 0.008670520231213872 0.00949367088607595
0 0.12427745664739884 0.7563291139240507 0.011560693641618497 0.012658227848101266
0 0.2832369942196532 0.7310126582278481 0.005780346820809248 0.006329113924050633
0 0.12572254335260116 0.7294303797468354 0.014450867052023121 0.015822784810126583
0 0.2846820809248555 0.7025316455696202 0.002890173410404624 0.006329113924050633
0 0.41184971098265893 0.7389240506329114 0.21676300578034682 0.08544303797468354
0 0.12716763005780346 0.7009493670886076 0.017341040462427744 0.015822784810126583
0 0.2861271676300578 0.6360759493670886 0.017341040462427744 0.08227848101265822
0 0.42485549132947975 0.615506329113924 0.24855491329479767 0.14873417721518986
0 0.3265895953757225 0.5316455696202531 0.011560693641618497 0.006329113924050633
0 0.5130057803468208 0.5300632911392406 0.02601156069364162 0.00949367088607595
0 0.14450867052023122 0.6012658227848101 0.28901734104046245 0.16455696202531644
0 0.06213872832369942 0.5126582278481012 0.031791907514450865 0.006329113924050633
0 0.5072254335260116 0.5015822784810127 0.06069364161849711 0.00949367088607595
0 0.3309248554913295 0.49841772151898733 0.02023121387283237 0.00949367088607595
0 0.14739884393063585 0.495253164556962 0.011560693641618497 0.00949367088607595
0 0.32803468208092484 0.4699367088607595 0.008670520231213872 0.0031645569620253164
0 0.1531791907514451 0.46677215189873417 0.005780346820809248 0.0031645569620253164
0 0.2254335260115607 0.48417721518987344 0.05202312138728324 0.04430379746835443
0 0.06791907514450866 0.4810126582278481 0.05491329479768786 0.04430379746835443
0 0.4161849710982659 0.4161392405063291 0.005780346820809248 0.0031645569620253164
0 0.5130057803468208 0.4177215189873418 0.02601156069364162 0.012658227848101266
0 0.16473988439306358 0.41455696202531644 0.005780346820809248 0.006329113924050633
0 0.33670520231213874 0.41455696202531644 0.02601156069364162 0.012658227848101266
0 0.0838150289017341 0.4161392405063291 0.046242774566473986 0.015822784810126583
0 0.33236994219653176 0.40031645569620256 0.011560693641618497 0.00949367088607595
0 0.16618497109826588 0.3971518987341772 0.002890173410404624 0.0031645569620253164
0 0.24132947976878613 0.40822784810126583 0.049132947976878616 0.03164556962025317
0 0.4508670520231214 0.3829113924050633 0.023121387283236993 0.006329113924050633
0 0.4161849710982659 0.3813291139240506 0.028901734104046242 0.00949367088607595
0 0.33959537572254334 0.379746835443038 0.02601156069364162 0.006329113924050633
0 0.08959537572254335 0.39082278481012656 0.046242774566473986 0.028481012658227847
0 0.5245664739884393 0.3623417721518987 0.008670520231213872 0.0031645569620253164
0 0.4479768786127168 0.3623417721518987 0.13872832369942195 0.015822784810126583
0 0.09826589595375723 0.36075949367088606 0.046242774566473986 0.012658227848101266
0 0.01300578034682081 0.3876582278481013 0.02601156069364162 0.07278481012658228
0 0.3439306358381503 0.3560126582278481 0.04046242774566474 0.028481012658227847
0 0.08526011560693642 0.34335443037974683 0.002890173410404624 0.0031645569620253164
0 0.4667630057803468 0.34177215189873417 0.014450867052023121 0.006329113924050633
0 0.11705202312138728 0.3401898734177215 0.002890173410404624 0.0031645569620253164
0 0.3453757225433526 0.3259493670886076 0.02023121387283237 0.012658227848101266
0 0.18352601156069365 0.32436708860759494 0.008670520231213872 0.00949367088607595
0 0.4638728323699422 0.3259493670886076 0.16473988439306358 0.0189873417721519
0 0.6040462427745664 0.3069620253164557 0.023121387283236993 0.006329113924050633
0 0.29190751445086704 0.24367088607594936 0.5838150289017341 0.2848101265822785
0 0.6748554913294798 0.5189873417721519 0.6502890173410405 0.8544303797468354
0 0.5736994219653179 0.058544303797468354 0.008670520231213872 0.0031645569620253164
0 0.5997109826589595 0.03639240506329114 0.014450867052023121 0.022151898734177215
0 0.5520231213872833 0.03164556962025317 0.03468208092485549 0.02531645569620253
0 0.5390173410404624 0.0031645569620253164 0.002890173410404624 0.006329113924050633
0 0.4277456647398844 0.02531645569620253 0.023121387283236993 0.05063291139240506
0 0.37427745664739887 0.02689873417721519 0.05491329479768786 0.05379746835443038
0 0.31213872832369943 0.02689873417721519 0.04046242774566474 0.05379746835443038
