0 0.6594827586206896 0.9796875 0.008620689655172414 0.003125
0 0.6738505747126436 0.978125 0.014367816091954023 0.00625
0 0.5560344827586207 0.9828125 0.06609195402298851 0.021875
0 0.7083333333333334 0.9765625 0.03735632183908046 0.015625
0 0.27873563218390807 0.95625 0.028735632183908046 0.00625
0 0.05172413793103448 0.9671875 0.10344827586206896 0.028125
0 0.040229885057471264 0.940625 0.011494252873563218 0.00625
0 0.01293103448275862 0.940625 0.008620689655172414 0.00625
0 0.01867816091954023 0.91875 0.03735632183908046 0.03125
0 0.0014367816091954023 0.8921875 0.0028735632183908046 0.003125
0 0.07471264367816093 0.8765625 0.017241379310344827 0.009375
0 0.06321839080459771 0.8609375 0.011494252873563218 0.003125
0 0.39511494252873564 0.8578125 0.014367816091954023 0.003125
0 0.09195402298850575 0.84375 0.011494252873563218 0.00625
0 0.004310344827586207 0.8265625 0.008620689655172414 0.009375
0 0.6206896551724138 0.821875 0.09195402298850575 0.0125
0 0.0028735632183908046 0.809375 0.005747126436781609 0.00625
0 0.3218390804597701 0.7921875 0.034482758620689655 0.009375
0 0.24568965517241378 0.7734375 0.08333333333333333 0.040625
0 0.33620689655172414 0.75625 0.05172413793103448 0.0125
0 0.36637931034482757 0.6328125 0.11781609195402298 0.203125
0 0.867816091954023 0.7640625 0.26436781609195403 0.471875
0 0.1853448275862069 0.7625 0.3706896551724138 0.475
0 0.8103448275862069 0.509375 0.005747126436781609 0.00625
0 0.9094827586206896 0.5109375 0.1810344827586207 0.028125
0 0.08908045977011494 0.5046875 0.05172413793103448 0.021875
0 0.015804597701149427 0.5046875 0.031609195402298854 0.021875
0 0.9080459770114943 0.48125 0.1839080459770115 0.025
0 0.09626436781609195 0.475 0.05459770114942529 0.01875
0 0.020114942528735632 0.475 0.040229885057471264 0.01875
0 0.8448275862068966 0.453125 0.034482758620689655 0.0125
0 0.9353448275862069 0.453125 0.12931034482758622 0.01875
0 0.27729885057471265 0.4515625 0.08908045977011494 0.015625
0 0.06752873563218391 0.45 0.12931034482758622 0.01875
0 0.9166666666666666 0.4234375 0.16666666666666666 0.028125
0 0.16379310344827586 0.4203125 0.3275862068965517 0.028125
0 0.9942528735632183 0.3875 0.011494252873563218 0.0125
0 0.8994252873563219 0.3890625 0.11494252873563218 0.028125
0 0.16235632183908047 0.384375 0.32471264367816094 0.03125
0 0.5 0.246875 1.0 0.2375
0 0.6293103448275862 0.121875 0.005747126436781609 0.00625
0 0.5962643678160919 0.1203125 0.008620689655172414 0.009375
0 0.5761494252873564 0.1 0.008620689655172414 0.04375
0 0.16091954022988506 0.0484375 0.011494252873563218 0.009375
0 0.48419540229885055 0.0359375 0.15229885057471265 0.034375
0 0.6494252873563219 0.0109375 0.011494252873563218 0.009375
0 0.7916666666666666 0.015625 0.20977011494252873 0.03125
0 0.30028735632183906 0.0015625 0.0028735632183908046 0.003125
0 0.23132183908045978 0.0125 0.04310344827586207 0.025
0 0.1853448275862069 0.0078125 0.04310344827586207 0.015625
0 0.1221264367816092 0.0046875 0.008620689655172414 0.009375
0 0.07902298850574713 0.003125 0.008620689655172414 0.00625
