0 0.7394179894179894 0.9941634241245136 0.013227513227513227 0.011673151750972763
0 0.7566137566137566 0.980544747081712 0.005291005291005291 0.007782101167315175
0 0.578042328042328 0.980544747081712 0.0291005291005291 0.038910505836575876
0 0.533068783068783 0.9785992217898832 0.018518518518518517 0.042801556420233464
0 0.4775132275132275 0.9785992217898832 0.04497354497354497 0.042801556420233464
0 0.6838624338624338 0.9766536964980544 0.018518518518518517 0.04669260700389105
0 0.7195767195767195 0.9688715953307393 0.026455026455026454 0.038910505836575876
0 0.9973544973544973 0.41245136186770426 0.005291005291005291 0.007782101167315175
0 0.9973544973544973 0.39299610894941633 0.005291005291005291 0.007782101167315175
0 0.7605820105820106 0.02529182879377432 0.013227513227513227 0.019455252918287938
0 0.7380952380952381 0.0038910505836575876 0.005291005291005291 0.007782101167315175
0 0.7208994708994709 0.005836575875486381 0.013227513227513227 0.011673151750972763
0 0.7235449735449735 0.048638132295719845 0.082010582010582 0.09727626459143969
0 0.5859788359788359 0.03501945525291829 0.0291005291005291 0.07003891050583658
0 0.5 0.03696498054474708 0.08994708994708994 0.07392996108949416
0 0.5 0.44163424124513617 1.0 0.8832684824902723
