0 0.9981684981684982 0.8012684989429175 0.003663003663003663 0.012684989429175475
0 0.23717948717948717 0.7928118393234672 0.1336996336996337 0.03805496828752643
0 0.413003663003663 0.7727272727272727 0.005494505494505495 0.006342494714587738
0 0.9981684981684982 0.7748414376321353 0.003663003663003663 0.014799154334038054
0 0.9963369963369964 0.7325581395348837 0.007326007326007326 0.048625792811839326
0 0.7060439560439561 0.5961945031712473 0.04945054945054945 0.008456659619450317
0 0.6053113553113553 0.5930232558139535 0.005494505494505495 0.0021141649048625794
0 0.6446886446886447 0.5940803382663847 0.06227106227106227 0.008456659619450317
0 0.5741758241758241 0.5909090909090909 0.005494505494505495 0.0021141649048625794
0 0.9981684981684982 0.5898520084566596 0.003663003663003663 0.05496828752642706
0 0.8296703296703297 0.28012684989429176 0.29304029304029305 0.07822410147991543
0 0.4908424908424908 0.4059196617336152 0.9816849816849816 0.718816067653277
0 0.5989010989010989 0.019027484143763214 0.003663003663003663 0.03805496828752643
0 0.3836996336996337 0.023255813953488372 0.19230769230769232 0.046511627906976744
