0 0.6590594744121715 0.9892966360856269 0.0013831258644536654 0.0010193679918450561
0 0.6756569847856155 0.9775739041794088 0.02351313969571231 0.02854230377166157
0 0.7385892116182573 0.9704383282364933 0.03319502074688797 0.01834862385321101
0 0.7143845089903181 0.9648318042813455 0.012448132780082987 0.009174311926605505
0 0.8118948824343015 0.9515800203873598 0.0027662517289073307 0.0010193679918450561
0 0.7738589211618258 0.9475025484199796 0.03734439834024896 0.019367991845056064
0 0.6687413554633471 0.9525993883792049 0.02074688796680498 0.029561671763506627
0 0.8236514522821576 0.9444444444444444 0.015214384508990318 0.017329255861365953
0 0.9066390041493776 0.9576962283384302 0.1839557399723375 0.04994903160040775
0 0.31466113416320884 0.9607543323139653 0.6265560165975104 0.0581039755351682
0 0.8395573997233748 0.9311926605504587 0.0027662517289073307 0.0010193679918450561
0 0.8257261410788381 0.9322120285423038 0.011065006915629323 0.0030581039755351682
0 0.859612724757953 0.9306829765545361 0.004149377593360996 0.0020387359836901123
0 0.7904564315352697 0.9322120285423038 0.017980636237897647 0.0050968399592252805
0 0.5712309820193637 0.9317023445463812 0.008298755186721992 0.004077471967380225
0 0.558091286307054 0.9311926605504587 0.004149377593360996 0.0030581039755351682
0 0.9024896265560166 0.9291539245667686 0.006915629322268326 0.0010193679918450561
0 0.8706777316735823 0.9301732925586137 0.006915629322268326 0.0030581039755351682
0 0.6742738589211619 0.9317023445463812 0.012448132780082987 0.0061162079510703364
0 0.9204702627939142 0.928644240570846 0.004149377593360996 0.0020387359836901123
0 0.45643153526970953 0.9306829765545361 0.17427385892116182 0.0061162079510703364
0 0.9578146611341632 0.9281345565749235 0.009681881051175657 0.0030581039755351682
0 0.9370677731673582 0.9281345565749235 0.02627939142461964 0.0030581039755351682
0 0.2641770401106501 0.928644240570846 0.016597510373443983 0.004077471967380225
0 0.12655601659751037 0.9271151885830785 0.004149377593360996 0.0010193679918450561
0 0.313969571230982 0.9291539245667686 0.06085753803596127 0.007135575942915392
0 0.22337482710926695 0.9276248725790011 0.051175656984785614 0.0061162079510703364
0 0.16182572614107885 0.9276248725790011 0.06085753803596127 0.0061162079510703364
0 0.07053941908713693 0.926605504587156 0.07468879668049792 0.004077471967380225
0 0.338865836791148 0.9220183486238532 0.0027662517289073307 0.0010193679918450561
0 0.07538035961272475 0.9194699286442406 0.0013831258644536654 0.0020387359836901123
0 0.7627939142461964 0.9184505606523955 0.0013831258644536654 0.0020387359836901123
0 0.6756569847856155 0.917940876656473 0.004149377593360996 0.0030581039755351682
0 0.9190871369294605 0.9159021406727829 0.006915629322268326 0.0010193679918450561
0 0.9052558782849239 0.9159021406727829 0.006915629322268326 0.0010193679918450561
0 0.5352697095435685 0.916921508664628 0.016597510373443983 0.0030581039755351682
0 0.9585062240663901 0.9153924566768603 0.005532503457814661 0.0020387359836901123
0 0.946058091286307 0.9153924566768603 0.005532503457814661 0.0020387359836901123
0 0.9322268326417704 0.9153924566768603 0.013831258644536652 0.0020387359836901123
0 0.8831258644536653 0.9159021406727829 0.015214384508990318 0.0030581039755351682
0 0.8699861687413555 0.9164118246687054 0.008298755186721992 0.004077471967380225
0 0.8526970954356846 0.9164118246687054 0.009681881051175657 0.004077471967380225
0 0.5089903181189488 0.9164118246687054 0.019363762102351315 0.004077471967380225
0 0.24619640387275243 0.9148827726809379 0.0027662517289073307 0.0010193679918450561
0 0.43291839557399725 0.9159021406727829 0.11894882434301521 0.0050968399592252805
0 0.3360995850622407 0.9148827726809379 0.0636237897648686 0.0050968399592252805
0 0.20608575380359612 0.9128440366972477 0.0027662517289073307 0.0010193679918450561
0 0.2268326417704011 0.9138634046890928 0.027662517289073305 0.0050968399592252805
0 0.17012448132780084 0.9133537206931702 0.024896265560165973 0.004077471967380225
0 0.056708160442600276 0.9123343527013251 0.013831258644536652 0.0020387359836901123
0 0.035961272475795295 0.9123343527013251 0.013831258644536652 0.0020387359836901123
0 0.07192254495159059 0.9123343527013251 0.013831258644536652 0.004077471967380225
0 0.9024896265560166 0.9087665647298675 0.0013831258644536654 0.0010193679918450561
0 0.3561549100968188 0.9077471967380224 0.012448132780082987 0.0030581039755351682
0 0.2773167358229599 0.9067278287461774 0.0013831258644536654 0.0010193679918450561
0 0.21507607192254496 0.9067278287461774 0.0013831258644536654 0.0010193679918450561
0 0.16597510373443983 0.9057084607543323 0.0027662517289073307 0.0010193679918450561
0 0.156984785615491 0.9057084607543323 0.0013831258644536654 0.0010193679918450561
0 0.05463347164591978 0.9051987767584098 0.004149377593360996 0.0020387359836901123
0 0.034578146611341634 0.9046890927624872 0.0027662517289073307 0.0010193679918450561
0 0.7752420470262794 0.9046890927624872 0.006915629322268326 0.0030581039755351682
0 0.5318118948824343 0.9031600407747197 0.006915629322268326 0.0020387359836901123
0 0.5048409405255878 0.9031600407747197 0.011065006915629323 0.0020387359836901123
0 0.4536652835408022 0.9026503567787971 0.030428769017980636 0.0010193679918450561
0 0.9204702627939142 0.9016309887869521 0.004149377593360996 0.0010193679918450561
0 0.8506224066390041 0.9031600407747197 0.024896265560165973 0.004077471967380225
0 0.48824343015214383 0.9026503567787971 0.008298755186721992 0.0030581039755351682
0 0.39349930843706776 0.9021406727828746 0.006915629322268326 0.0020387359836901123
0 0.3582295988934993 0.9021406727828746 0.005532503457814661 0.0020387359836901123
0 0.9446749654218534 0.9016309887869521 0.013831258644536652 0.0030581039755351682
0 0.9038727524204703 0.9021406727828746 0.017980636237897647 0.004077471967380225
0 0.8865836791147994 0.9021406727828746 0.013831258644536652 0.004077471967380225
0 0.34854771784232363 0.9011213047910296 0.005532503457814661 0.0020387359836901123
0 0.31950207468879666 0.9011213047910296 0.008298755186721992 0.0020387359836901123
0 0.2842323651452282 0.900611620795107 0.034578146611341634 0.0030581039755351682
0 0.2503457814661134 0.900611620795107 0.016597510373443983 0.0030581039755351682
0 0.20262793914246197 0.900611620795107 0.02074688796680498 0.0030581039755351682
0 0.16390041493775934 0.8995922528032619 0.012448132780082987 0.0010193679918450561
0 0.07123098201936376 0.8990825688073395 0.009681881051175657 0.0020387359836901123
0 0.05255878284923928 0.898572884811417 0.005532503457814661 0.0010193679918450561
0 0.034578146611341634 0.8980632008154944 0.016597510373443983 0.0020387359836901123
0 0.8858921161825726 0.8960244648318043 0.006915629322268326 0.0020387359836901123
0 0.06639004149377593 0.8924566768603466 0.005532503457814661 0.0010193679918450561
0 0.8112033195020747 0.890927624872579 0.006915629322268326 0.0020387359836901123
0 0.6964038727524204 0.8914373088685015 0.006915629322268326 0.0030581039755351682
0 0.6839557399723375 0.8914373088685015 0.009681881051175657 0.0030581039755351682
0 0.8582295988934993 0.8899082568807339 0.004149377593360996 0.0020387359836901123
0 0.5352697095435685 0.8904179408766565 0.016597510373443983 0.0030581039755351682
0 0.4405255878284924 0.8893985728848114 0.004149377593360996 0.0010193679918450561
0 0.42738589211618255 0.8893985728848114 0.005532503457814661 0.0010193679918450561
0 0.9232365145228216 0.8888888888888888 0.004149377593360996 0.0020387359836901123
0 0.8934993084370678 0.8899082568807339 0.03319502074688797 0.004077471967380225
0 0.5048409405255878 0.8899082568807339 0.013831258644536652 0.004077471967380225
0 0.483402489626556 0.8899082568807339 0.012448132780082987 0.004077471967380225
0 0.45643153526970953 0.8893985728848114 0.019363762102351315 0.0030581039755351682
0 0.39073305670816044 0.8888888888888888 0.009681881051175657 0.0020387359836901123
0 0.2745504840940526 0.8878695208970439 0.006915629322268326 0.0020387359836901123
0 0.9868603042876902 0.8873598369011213 0.006915629322268326 0.0030581039755351682
0 0.3499308437067773 0.8883792048929664 0.019363762102351315 0.0050968399592252805
0 0.29529737206085754 0.8878695208970439 0.02627939142461964 0.004077471967380225
0 0.21991701244813278 0.8873598369011213 0.005532503457814661 0.0030581039755351682
0 0.24896265560165975 0.8873598369011213 0.04149377593360996 0.0050968399592252805
0 0.15836791147994467 0.8863404689092762 0.017980636237897647 0.0030581039755351682
0 0.0656984785615491 0.8858307849133538 0.006915629322268326 0.0020387359836901123
0 0.040110650069156296 0.8853211009174312 0.030428769017980636 0.0030581039755351682
0 0.34439834024896265 0.882262996941896 0.019363762102351315 0.0030581039755351682
0 0.9854771784232366 0.8812436289500509 0.006915629322268326 0.0030581039755351682
0 0.2565698478561549 0.8807339449541285 0.015214384508990318 0.0020387359836901123
0 0.19432918395573998 0.8802242609582059 0.015214384508990318 0.0030581039755351682
0 0.15629322268326418 0.8802242609582059 0.013831258644536652 0.0030581039755351682
0 0.8208852005532503 0.8786952089704383 0.004149377593360996 0.0020387359836901123
0 0.050484094052558784 0.8781855249745159 0.0013831258644536654 0.0010193679918450561
0 0.8658367911479945 0.8771661569826708 0.0027662517289073307 0.0010193679918450561
0 0.6964038727524204 0.8781855249745159 0.02351313969571231 0.0050968399592252805
0 0.8395573997233748 0.8776758409785933 0.011065006915629323 0.0061162079510703364
0 0.7952973720608575 0.8781855249745159 0.019363762102351315 0.007135575942915392
0 0.5359612724757953 0.8766564729867482 0.0318118948824343 0.004077471967380225
0 0.4730290456431535 0.8761467889908257 0.03319502074688797 0.0030581039755351682
0 0.44467496542185336 0.8761467889908257 0.017980636237897647 0.0030581039755351682
0 0.35477178423236516 0.8756371049949032 0.004149377593360996 0.0020387359836901123
0 0.8955739972337483 0.8766564729867482 0.03734439834024896 0.0061162079510703364
0 0.5027662517289073 0.8761467889908257 0.02351313969571231 0.0050968399592252805
0 0.37621023513139695 0.8751274209989807 0.03319502074688797 0.0030581039755351682
0 0.34163208852005533 0.8751274209989807 0.008298755186721992 0.0030581039755351682
0 0.27040110650069155 0.8746177370030581 0.004149377593360996 0.0020387359836901123
0 0.9827109266943291 0.8751274209989807 0.015214384508990318 0.0050968399592252805
0 0.31466113416320884 0.8746177370030581 0.02627939142461964 0.004077471967380225
0 0.25864453665283543 0.8741080530071356 0.005532503457814661 0.0030581039755351682
0 0.2268326417704011 0.873598369011213 0.005532503457814661 0.0020387359836901123
0 0.20055325034578148 0.873598369011213 0.030428769017980636 0.004077471967380225
0 0.15629322268326418 0.8730886850152905 0.016597510373443983 0.0030581039755351682
0 0.06708160442600276 0.8720693170234455 0.012448132780082987 0.0010193679918450561
0 0.03941908713692946 0.8715596330275229 0.034578146611341634 0.004077471967380225
0 0.5034578146611342 0.8695208970438328 0.013831258644536652 0.0020387359836901123
0 0.31051175656984786 0.8679918450560652 0.004149377593360996 0.0010193679918450561
0 0.21161825726141079 0.8669724770642202 0.030428769017980636 0.0030581039755351682
0 0.15352697095435686 0.8669724770642202 0.011065006915629323 0.0030581039755351682
0 0.7565698478561549 0.8654434250764526 0.005532503457814661 0.0020387359836901123
0 0.669432918395574 0.8644240570846076 0.0027662517289073307 0.0020387359836901123
0 0.7060857538035962 0.8644240570846076 0.0318118948824343 0.0061162079510703364
0 0.46196403872752423 0.8628950050968399 0.04702627939142462 0.0030581039755351682
0 0.367911479944675 0.8618756371049949 0.005532503457814661 0.0010193679918450561
0 0.9515905947441217 0.8608562691131498 0.0027662517289073307 0.0010193679918450561
0 0.8983402489626556 0.8623853211009175 0.029045643153526972 0.004077471967380225
0 0.8070539419087137 0.8644240570846076 0.08713692946058091 0.00815494393476045
0 0.5228215767634855 0.8623853211009175 0.06915629322268327 0.004077471967380225
0 0.38658367911479946 0.8618756371049949 0.012448132780082987 0.0030581039755351682
0 0.3063623789764869 0.8613659531090724 0.034578146611341634 0.004077471967380225
0 0.2392807745504841 0.8608562691131498 0.016597510373443983 0.0030581039755351682
0 0.21784232365145229 0.8603465851172273 0.02074688796680498 0.004077471967380225
0 0.15491009681881052 0.8598369011213048 0.019363762102351315 0.0030581039755351682
0 0.0656984785615491 0.8588175331294597 0.006915629322268326 0.0010193679918450561
0 0.03734439834024896 0.8588175331294597 0.030428769017980636 0.0030581039755351682
0 0.5172890733056709 0.8562691131498471 0.0027662517289073307 0.0020387359836901123
0 0.4972337482710927 0.8557594291539246 0.012448132780082987 0.0030581039755351682
0 0.31950207468879666 0.854230377166157 0.013831258644536652 0.0020387359836901123
0 0.9882434301521439 0.8532110091743119 0.004149377593360996 0.0020387359836901123
0 0.7648686030428768 0.8527013251783894 0.005532503457814661 0.0010193679918450561
0 0.21645919778699863 0.8537206931702345 0.02074688796680498 0.0030581039755351682
0 0.7558782849239281 0.8527013251783894 0.006915629322268326 0.0030581039755351682
0 0.6784232365145229 0.8516819571865444 0.004149377593360996 0.0010193679918450561
0 0.15560165975103735 0.8532110091743119 0.017980636237897647 0.004077471967380225
0 0.04149377593360996 0.8521916411824668 0.011065006915629323 0.0020387359836901123
0 0.5691562932226832 0.8506625891946993 0.004149377593360996 0.0010193679918450561
0 0.7143845089903181 0.8521916411824668 0.03734439834024896 0.0061162079510703364
0 0.8962655601659751 0.8496432212028542 0.019363762102351315 0.0030581039755351682
0 0.8271092669432918 0.8511722731906218 0.11341632088520055 0.00815494393476045
0 0.49930843706777317 0.8496432212028542 0.12171507607192254 0.0050968399592252805
0 0.3831258644536653 0.8486238532110092 0.016597510373443983 0.0030581039755351682
0 0.9840940525587828 0.8476044852191641 0.009681881051175657 0.0030581039755351682
0 0.3561549100968188 0.8481141692150866 0.02627939142461964 0.004077471967380225
0 0.3284923928077455 0.8481141692150866 0.009681881051175657 0.004077471967380225
0 0.2710926694329184 0.8476044852191641 0.005532503457814661 0.0030581039755351682
0 0.2565698478561549 0.8476044852191641 0.006915629322268326 0.0030581039755351682
0 0.2074688796680498 0.8470948012232415 0.03872752420470263 0.004077471967380225
0 0.06846473029045644 0.845565749235474 0.006915629322268326 0.0010193679918450561
0 0.15491009681881052 0.8460754332313966 0.019363762102351315 0.004077471967380225
0 0.03872752420470263 0.8450560652395515 0.035961272475795295 0.004077471967380225
0 0.5255878284923928 0.8430173292558614 0.030428769017980636 0.0020387359836901123
0 0.4785615491009682 0.8430173292558614 0.008298755186721992 0.0020387359836901123
0 0.4681881051175657 0.8425076452599388 0.006915629322268326 0.0010193679918450561
0 0.4972337482710927 0.8425076452599388 0.015214384508990318 0.0030581039755351682
0 0.3533886583679115 0.8419979612640163 0.012448132780082987 0.0020387359836901123
0 0.9813278008298755 0.8414882772680938 0.015214384508990318 0.0030581039755351682
0 0.28077455048409405 0.8409785932721713 0.013831258644536652 0.0020387359836901123
0 0.2012448132780083 0.8399592252803262 0.015214384508990318 0.0020387359836901123
0 0.8824343015214384 0.8384301732925586 0.0027662517289073307 0.0010193679918450561
0 0.15629322268326418 0.8394495412844036 0.013831258644536652 0.0030581039755351682
0 0.6687413554633471 0.8379204892966361 0.006915629322268326 0.0020387359836901123
0 0.8146611341632088 0.8389398572884812 0.11341632088520055 0.0061162079510703364
0 0.7233748271092669 0.8394495412844036 0.04702627939142462 0.007135575942915392
0 0.38105117565698476 0.8353720693170235 0.004149377593360996 0.0010193679918450561
0 0.37344398340248963 0.8353720693170235 0.005532503457814661 0.0010193679918450561
0 0.5062240663900415 0.836901121304791 0.14937759336099585 0.0061162079510703364
0 0.3533886583679115 0.835881753312946 0.015214384508990318 0.004077471967380225
0 0.2946058091286307 0.8348623853211009 0.04979253112033195 0.004077471967380225
0 0.25864453665283543 0.8348623853211009 0.008298755186721992 0.004077471967380225
0 0.24619640387275243 0.8343527013251784 0.011065006915629323 0.0030581039755351682
0 0.15491009681881052 0.8333333333333334 0.011065006915629323 0.0030581039755351682
0 0.030428769017980636 0.8333333333333334 0.013831258644536652 0.0030581039755351682
0 0.21645919778699863 0.8241590214067278 0.009681881051175657 0.009174311926605505
0 0.19432918395573998 0.8205912334352702 0.004149377593360996 0.004077471967380225
0 0.6867219917012448 0.8114169215086646 0.006915629322268326 0.004077471967380225
0 0.5691562932226832 0.7517838939857289 0.004149377593360996 0.0030581039755351682
0 0.9847856154910097 0.7456676860346585 0.008298755186721992 0.0030581039755351682
0 0.9737206085753803 0.744138634046891 0.008298755186721992 0.004077471967380225
0 0.9605809128630706 0.7431192660550459 0.004149377593360996 0.0020387359836901123
0 0.9543568464730291 0.7420998980632009 0.005532503457814661 0.0020387359836901123
0 0.6977869986168741 0.7553516819571865 0.02627939142461964 0.02854230377166157
0 0.9432918395573997 0.7410805300713558 0.005532503457814661 0.0020387359836901123
0 0.9799446749654218 0.7390417940876657 0.02074688796680498 0.0061162079510703364
0 0.9571230982019364 0.7359836901121305 0.011065006915629323 0.004077471967380225
0 0.9432918395573997 0.7344546381243628 0.005532503457814661 0.0010193679918450561
0 0.9806362378976486 0.7319062181447502 0.022130013831258646 0.0061162079510703364
0 0.9515905947441217 0.7288481141692151 0.024896265560165973 0.0061162079510703364
0 0.9806362378976486 0.7252803261977574 0.019363762102351315 0.0050968399592252805
0 0.9585062240663901 0.7227319062181448 0.013831258644536652 0.004077471967380225
0 0.9446749654218534 0.7206931702344547 0.0027662517289073307 0.0020387359836901123
0 0.9813278008298755 0.718144750254842 0.02074688796680498 0.007135575942915392
0 0.8520055325034578 0.77420998980632 0.2959889349930844 0.12130479102956167
0 0.9536652835408023 0.7145769622833843 0.02627939142461964 0.0061162079510703364
0 0.9820193637621023 0.7115188583078491 0.022130013831258646 0.0061162079510703364
0 0.9550484094052559 0.7074413863404689 0.02074688796680498 0.004077471967380225
0 0.8824343015214384 0.7120285423037717 0.0995850622406639 0.01529051987767584
0 0.9820193637621023 0.7038735983690112 0.022130013831258646 0.007135575942915392
0 0.8686030428769018 0.7140672782874617 0.13831258644536654 0.027522935779816515
0 0.8893499308437067 0.7054026503567788 0.09681881051175657 0.0163098878695209
0 0.7309820193637621 0.6987767584097859 0.009681881051175657 0.0050968399592252805
0 0.673582295988935 0.6977573904179408 0.024896265560165973 0.0050968399592252805
0 0.9820193637621023 0.6972477064220184 0.019363762102351315 0.0061162079510703364
0 0.7019363762102351 0.6952089704383282 0.006915629322268326 0.0020387359836901123
0 0.9585062240663901 0.6941896024464832 0.005532503457814661 0.0020387359836901123
0 0.8215767634854771 0.6967380224260958 0.024896265560165973 0.007135575942915392
0 0.8914246196403873 0.6992864424057085 0.08990318118948824 0.014271151885830785
0 0.8008298755186722 0.6936799184505607 0.005532503457814661 0.0030581039755351682
0 0.6452282157676349 0.6936799184505607 0.012448132780082987 0.0030581039755351682
0 0.7351313969571232 0.6921508664627931 0.004149377593360996 0.0020387359836901123
0 0.8271092669432918 0.6906218144750255 0.022130013831258646 0.0050968399592252805
0 0.9820193637621023 0.6906218144750255 0.019363762102351315 0.007135575942915392
0 0.7648686030428768 0.6890927624872579 0.016597510373443983 0.004077471967380225
0 0.8022130013831259 0.6875637104994903 0.011065006915629323 0.0030581039755351682
0 0.9080221300138313 0.6941896024464832 0.11756569847856155 0.01834862385321101
0 0.6645919778699861 0.6890927624872579 0.056708160442600276 0.012232415902140673
0 0.7745504840940526 0.6829765545361876 0.005532503457814661 0.0020387359836901123
0 0.983402489626556 0.6839959225280327 0.019363762102351315 0.0061162079510703364
0 0.6798063623789765 0.6839959225280327 0.02351313969571231 0.0061162079510703364
0 0.8948824343015215 0.6850152905198776 0.08022130013831259 0.012232415902140673
0 0.7275242047026279 0.6834862385321101 0.05255878284923928 0.009174311926605505
0 0.9571230982019364 0.6799184505606524 0.019363762102351315 0.004077471967380225
0 0.8077455048409405 0.6804281345565749 0.013831258644536652 0.0050968399592252805
0 0.6514522821576764 0.6799184505606524 0.016597510373443983 0.004077471967380225
0 0.7406639004149378 0.6783893985728848 0.006915629322268326 0.0030581039755351682
0 0.8319502074688797 0.68144750254842 0.029045643153526972 0.013251783893985729
0 0.5152143845089903 0.6819571865443425 0.0677731673582296 0.014271151885830785
0 0.8146611341632088 0.6748216106014271 0.005532503457814661 0.0020387359836901123
0 0.7786998616874136 0.6763506625891947 0.013831258644536652 0.0050968399592252805
0 0.9827109266943291 0.6763506625891947 0.02074688796680498 0.007135575942915392
0 0.760027662517289 0.6743119266055045 0.006915629322268326 0.0030581039755351682
0 0.46957123098201936 0.6753312945973496 0.017980636237897647 0.0050968399592252805
0 0.4467496542185339 0.6722731906218145 0.005532503457814661 0.0030581039755351682
0 0.6673582295988935 0.6758409785932722 0.06224066390041494 0.012232415902140673
0 0.5152143845089903 0.6748216106014271 0.059474412171507604 0.010193679918450561
0 0.7814661134163209 0.6702344546381244 0.008298755186721992 0.0030581039755351682
0 0.7420470262793915 0.6717635066258919 0.02074688796680498 0.0061162079510703364
0 0.6881051175656985 0.6707441386340469 0.02074688796680498 0.004077471967380225
0 0.9840940525587828 0.6702344546381244 0.017980636237897647 0.0050968399592252805
0 0.9598893499308437 0.6671763506625892 0.0027662517289073307 0.0010193679918450561
0 0.9543568464730291 0.6661569826707442 0.005532503457814661 0.0010193679918450561
0 0.8990318118948825 0.6722731906218145 0.08022130013831259 0.013251783893985729
0 0.4190871369294606 0.6687054026503568 0.027662517289073305 0.0061162079510703364
0 0.7455048409405256 0.6651376146788991 0.013831258644536652 0.0030581039755351682
0 0.656984785615491 0.6666666666666666 0.024896265560165973 0.0061162079510703364
0 0.8921161825726142 0.6758409785932722 0.14937759336099585 0.02854230377166157
0 0.8243430152143845 0.6625891946992865 0.0027662517289073307 0.0020387359836901123
0 0.5159059474412172 0.6681957186544343 0.06915629322268327 0.013251783893985729
0 0.42461964038727523 0.6625891946992865 0.008298755186721992 0.0020387359836901123
0 0.7793914246196404 0.6636085626911316 0.02627939142461964 0.0061162079510703364
0 0.14246196403872752 0.663098878695209 0.005532503457814661 0.0050968399592252805
0 0.9827109266943291 0.6636085626911316 0.02074688796680498 0.00815494393476045
0 0.4661134163208852 0.6605504587155964 0.016597510373443983 0.004077471967380225
0 0.3817427385892116 0.6625891946992865 0.030428769017980636 0.00815494393476045
0 0.6991701244813278 0.6585117227319062 0.015214384508990318 0.004077471967380225
0 0.3900414937759336 0.6574923547400612 0.0027662517289073307 0.0020387359836901123
0 0.5145228215767634 0.6605504587155964 0.06085753803596127 0.010193679918450561
0 0.9031811894882434 0.6656472986748216 0.13278008298755187 0.022426095820591234
0 0.7869986168741355 0.6569826707441386 0.016597510373443983 0.0050968399592252805
0 0.3727524204702628 0.6549439347604485 0.004149377593360996 0.0010193679918450561
0 0.8271092669432918 0.6554536187563711 0.008298755186721992 0.004077471967380225
0 0.7565698478561549 0.6529051987767585 0.013831258644536652 0.0030581039755351682
0 0.6708160442600276 0.6600407747196738 0.06915629322268327 0.017329255861365953
0 0.4170124481327801 0.6539245667686034 0.029045643153526972 0.007135575942915392
0 0.8838174273858921 0.6559633027522935 0.08298755186721991 0.013251783893985729
0 0.1459197786998617 0.6508664627930683 0.006915629322268326 0.0030581039755351682
0 0.8284923928077456 0.6493374108053007 0.005532503457814661 0.0020387359836901123
0 0.7295988934993084 0.6488277268093782 0.004149377593360996 0.0010193679918450561
0 0.5152143845089903 0.6539245667686034 0.07053941908713693 0.013251783893985729
0 0.2835408022130014 0.6488277268093782 0.011065006915629323 0.0050968399592252805
0 0.7130013831258645 0.6467889908256881 0.012448132780082987 0.0030581039755351682
0 0.4654218533886584 0.6467889908256881 0.015214384508990318 0.0030581039755351682
0 0.41770401106500693 0.6472986748216106 0.019363762102351315 0.004077471967380225
0 0.38450899031811897 0.6488277268093782 0.027662517289073305 0.007135575942915392
0 0.7116182572614108 0.6534148827726809 0.10096818810511757 0.01834862385321101
0 0.7710926694329184 0.6488277268093782 0.059474412171507604 0.011213047910295617
0 0.9080221300138313 0.6529051987767585 0.12586445366528354 0.021406727828746176
0 0.7925311203319502 0.6442405708460754 0.019363762102351315 0.004077471967380225
0 0.5159059474412172 0.6462793068297655 0.06639004149377593 0.010193679918450561
0 0.6811894882434302 0.6422018348623854 0.02074688796680498 0.004077471967380225
0 0.15006915629322268 0.6422018348623854 0.009681881051175657 0.004077471967380225
0 0.8326417704011065 0.6422018348623854 0.016597510373443983 0.0061162079510703364
0 0.7669432918395575 0.6401630988786952 0.006915629322268326 0.0020387359836901123
0 0.3852005532503458 0.6422018348623854 0.02351313969571231 0.0061162079510703364
0 0.8022130013831259 0.6376146788990825 0.024896265560165973 0.007135575942915392
0 0.2883817427385892 0.636085626911315 0.006915629322268326 0.004077471967380225
0 0.42461964038727523 0.6335372069317023 0.005532503457814661 0.0010193679918450561
0 0.7213001383125864 0.6335372069317023 0.009681881051175657 0.0030581039755351682
0 0.6984785615491009 0.6376146788990825 0.058091286307053944 0.011213047910295617
0 0.5103734439834025 0.6391437308868502 0.08298755186721991 0.014271151885830785
0 0.4017980636237898 0.6376146788990825 0.056708160442600276 0.011213047910295617
0 0.7994467496542186 0.6314984709480123 0.0027662517289073307 0.0010193679918450561
0 0.7717842323651453 0.6330275229357798 0.022130013831258646 0.0061162079510703364
0 0.4135546334716459 0.6314984709480123 0.013831258644536652 0.0030581039755351682
0 0.6998616874135546 0.6304791029561672 0.013831258644536652 0.0030581039755351682
0 0.4557399723374827 0.6309887869520897 0.015214384508990318 0.004077471967380225
0 0.4412171507607192 0.6289500509683996 0.005532503457814661 0.0020387359836901123
0 0.516597510373444 0.6320081549439348 0.06500691562932227 0.010193679918450561
0 0.34163208852005533 0.6289500509683996 0.013831258644536652 0.004077471967380225
0 0.25933609958506226 0.6314984709480123 0.03734439834024896 0.009174311926605505
0 0.3900414937759336 0.6284403669724771 0.024896265560165973 0.0050968399592252805
0 0.27385892116182575 0.626401630988787 0.0027662517289073307 0.0010193679918450561
0 0.3450899031811895 0.6223241590214067 0.009681881051175657 0.0030581039755351682
0 0.29737206085753803 0.6228338430173292 0.011065006915629323 0.004077471967380225
0 0.760027662517289 0.6192660550458715 0.0013831258644536654 0.0010193679918450561
0 0.7074688796680498 0.6243628950050968 0.056708160442600276 0.011213047910295617
0 0.7752420470262794 0.6213047910295617 0.02074688796680498 0.007135575942915392
0 0.40387275242047027 0.6233435270132518 0.05255878284923928 0.011213047910295617
0 0.41839557399723376 0.6182466870540265 0.012448132780082987 0.0030581039755351682
0 0.30221300138312585 0.6167176350662589 0.004149377593360996 0.0020387359836901123
0 0.5048409405255878 0.6233435270132518 0.0995850622406639 0.017329255861365953
0 0.2835408022130014 0.6141692150866462 0.0027662517289073307 0.0010193679918450561
0 0.26556016597510373 0.6182466870540265 0.04149377593360996 0.009174311926605505
0 0.09197786998616875 0.6141692150866462 0.0013831258644536654 0.0010193679918450561
0 0.37344398340248963 0.7227319062181448 0.7468879668049793 0.218144750254842
0 0.5159059474412172 0.6182466870540265 0.06915629322268327 0.011213047910295617
0 0.39280774550484093 0.6151885830784913 0.024896265560165973 0.0050968399592252805
0 0.34923928077455046 0.6156982670744139 0.017980636237897647 0.0061162079510703364
0 0.13623789764868602 0.6151885830784913 0.02074688796680498 0.0050968399592252805
0 0.2766251728907331 0.6126401630988787 0.005532503457814661 0.0020387359836901123
0 0.07468879668049792 0.6121304791029561 0.0027662517289073307 0.0010193679918450561
0 0.06431535269709543 0.6111111111111112 0.0013831258644536654 0.0010193679918450561
0 0.7627939142461964 0.6106014271151886 0.004149377593360996 0.0020387359836901123
0 0.11134163208852006 0.6106014271151886 0.004149377593360996 0.0020387359836901123
0 0.35269709543568467 0.609072375127421 0.013831258644536652 0.0030581039755351682
0 0.3070539419087137 0.6100917431192661 0.011065006915629323 0.0050968399592252805
0 0.4149377593360996 0.6106014271151886 0.06639004149377593 0.012232415902140673
0 0.3118948824343015 0.6034658511722731 0.004149377593360996 0.0020387359836901123
0 0.6984785615491009 0.6024464831804281 0.008298755186721992 0.0020387359836901123
0 0.39903181189488246 0.6019367991845056 0.004149377593360996 0.0010193679918450561
0 0.14661134163208853 0.6019367991845056 0.0027662517289073307 0.0010193679918450561
0 0.07952973720608575 0.6060142711518859 0.048409405255878286 0.009174311926605505
0 0.2745504840940526 0.6049949031600408 0.040110650069156296 0.009174311926605505
0 0.5096818810511756 0.609072375127421 0.08990318118948824 0.019367991845056064
0 0.355463347164592 0.6024464831804281 0.022130013831258646 0.0061162079510703364
0 0.28907330567081607 0.6004077471967381 0.008298755186721992 0.0020387359836901123
0 0.27800829875518673 0.5988786952089704 0.005532503457814661 0.0010193679918450561
0 0.03665283540802213 0.599388379204893 0.004149377593360996 0.0020387359836901123
0 0.12586445366528354 0.5988786952089704 0.011065006915629323 0.0030581039755351682
0 0.627939142461964 0.6004077471967381 0.035961272475795295 0.00815494393476045
0 0.06846473029045644 0.5973496432212029 0.012448132780082987 0.0020387359836901123
0 0.359612724757953 0.5963302752293578 0.0027662517289073307 0.0020387359836901123
0 0.10926694329183956 0.5958205912334352 0.0027662517289073307 0.0010193679918450561
0 0.31742738589211617 0.5968399592252803 0.012448132780082987 0.0050968399592252805
0 0.41770401106500693 0.5968399592252803 0.06915629322268327 0.013251783893985729
0 0.5179806362378977 0.5978593272171254 0.1037344398340249 0.017329255861365953
0 0.07538035961272475 0.591743119266055 0.03734439834024896 0.007135575942915392
0 0.3506224066390041 0.5876656472986749 0.0013831258644536654 0.0010193679918450561
0 0.28077455048409405 0.5922528032619776 0.04149377593360996 0.010193679918450561
0 0.36721991701244816 0.589704383282365 0.02074688796680498 0.007135575942915392
0 0.14522821576763487 0.5871559633027523 0.005532503457814661 0.0020387359836901123
0 0.1355463347164592 0.5866462793068298 0.0027662517289073307 0.0010193679918450561
0 0.04080221300138313 0.5866462793068298 0.004149377593360996 0.0010193679918450561
0 0.0677731673582296 0.5840978593272171 0.0027662517289073307 0.0020387359836901123
0 0.330567081604426 0.5851172273190621 0.022130013831258646 0.0061162079510703364
0 0.6583679114799447 0.5835881753312946 0.008298755186721992 0.0050968399592252805
0 0.6300138312586445 0.5779816513761468 0.0013831258644536654 0.0020387359836901123
0 0.0912863070539419 0.5805300713557594 0.058091286307053944 0.009174311926605505
0 0.4107883817427386 0.582059123343527 0.0912863070539419 0.0163098878695209
0 0.2883817427385892 0.5790010193679919 0.042876901798063624 0.010193679918450561
0 0.05255878284923928 0.5754332313965341 0.013831258644536652 0.0030581039755351682
0 0.35684647302904565 0.5749235474006116 0.008298755186721992 0.004077471967380225
0 0.10580912863070539 0.5749235474006116 0.017980636237897647 0.004077471967380225
0 0.0912863070539419 0.573394495412844 0.005532503457814661 0.0010193679918450561
0 0.08160442600276625 0.5718654434250765 0.005532503457814661 0.0020387359836901123
0 0.3381742738589212 0.5723751274209989 0.02074688796680498 0.007135575942915392
0 0.6424619640387276 0.5708460754332314 0.009681881051175657 0.012232415902140673
0 0.10511756569847856 0.5682976554536188 0.0636237897648686 0.009174311926605505
0 0.6874135546334716 0.564729867482161 0.005532503457814661 0.004077471967380225
0 0.06639004149377593 0.5632008154943935 0.0027662517289073307 0.0010193679918450561
0 0.2946058091286307 0.5662589194699287 0.04702627939142462 0.011213047910295617
0 0.6666666666666666 0.5672782874617737 0.030428769017980636 0.01529051987767584
0 0.6507607192254495 0.5591233435270132 0.0013831258644536654 0.0010193679918450561
0 0.14384508990318118 0.5591233435270132 0.008298755186721992 0.0030581039755351682
0 0.09889349930843706 0.5606523955147809 0.040110650069156296 0.0061162079510703364
0 0.043568464730290454 0.5530071355759429 0.015214384508990318 0.0030581039755351682
0 0.027662517289073305 0.5514780835881753 0.008298755186721992 0.0020387359836901123
0 0.10926694329183956 0.5545361875637105 0.04979253112033195 0.010193679918450561
0 0.015214384508990318 0.5494393476044852 0.005532503457814661 0.0020387359836901123
0 0.050484094052558784 0.5474006116207951 0.006915629322268326 0.0020387359836901123
0 0.09197786998616875 0.5458715596330275 0.004149377593360996 0.0010193679918450561
0 0.051175656984785614 0.5407747196738022 0.0027662517289073307 0.0010193679918450561
0 0.11549100968188106 0.5423037716615698 0.0677731673582296 0.010193679918450561
0 0.0318118948824343 0.5382262996941896 0.0027662517289073307 0.0020387359836901123
0 0.1542185338865837 0.5361875637104995 0.006915629322268326 0.0020387359836901123
0 0.034578146611341634 0.5316004077471967 0.011065006915629323 0.0030581039755351682
0 0.11065006915629322 0.5305810397553516 0.05532503457814661 0.009174311926605505
0 0.04495159059474412 0.5142711518858308 0.029045643153526972 0.0050968399592252805
0 0.05186721991701245 0.5076452599388379 0.015214384508990318 0.0020387359836901123
0 0.17081604426002767 0.5050968399592253 0.02627939142461964 0.0030581039755351682
0 0.2766251728907331 0.5030581039755352 0.019363762102351315 0.0050968399592252805
0 0.7690179806362379 0.5005096839959225 0.0027662517289073307 0.0020387359836901123
0 0.44813278008298757 0.49898063200815496 0.024896265560165973 0.0030581039755351682
0 0.13416320885200553 0.5152905198776758 0.10235131396957123 0.03567787971457696
0 0.2814661134163209 0.4969418960244648 0.006915629322268326 0.0030581039755351682
0 0.16251728907330568 0.4984709480122324 0.06500691562932227 0.0061162079510703364
0 0.970954356846473 0.4949031600407747 0.008298755186721992 0.0030581039755351682
0 0.44951590594744123 0.4928644240570846 0.027662517289073305 0.0030581039755351682
0 0.8395573997233748 0.49133537206931704 0.0027662517289073307 0.0020387359836901123
0 0.8291839557399724 0.49133537206931704 0.004149377593360996 0.0020387359836901123
0 0.14107883817427386 0.4928644240570846 0.11618257261410789 0.007135575942915392
0 0.7095435684647303 0.4877675840978593 0.0027662517289073307 0.0010193679918450561
0 0.9695712309820194 0.48827726809378186 0.011065006915629323 0.004077471967380225
0 0.14384508990318118 0.48623853211009177 0.11618257261410789 0.0061162079510703364
0 0.5961272475795297 0.4836901121304791 0.011065006915629323 0.0030581039755351682
0 0.04771784232365145 0.48216106014271154 0.004149377593360996 0.0020387359836901123
0 0.9674965421853389 0.481651376146789 0.006915629322268326 0.0030581039755351682
0 0.4391424619640387 0.48063200815494395 0.004149377593360996 0.0010193679918450561
0 0.7766251728907331 0.48063200815494395 0.009681881051175657 0.0030581039755351682
0 0.45504840940525587 0.4801223241590214 0.011065006915629323 0.0020387359836901123
0 0.8464730290456431 0.4785932721712538 0.005532503457814661 0.0030581039755351682
0 0.7952973720608575 0.4796126401630989 0.008298755186721992 0.0050968399592252805
0 0.22544951590594745 0.4780835881753313 0.005532503457814661 0.0020387359836901123
0 0.14384508990318118 0.4796126401630989 0.1272475795297372 0.007135575942915392
0 0.8609958506224067 0.47757390417940876 0.015214384508990318 0.0050968399592252805
0 0.5947441217150761 0.4765545361875637 0.013831258644536652 0.0030581039755351682
0 0.9681881051175657 0.4750254841997961 0.005532503457814661 0.0020387359836901123
0 0.09336099585062241 0.4750254841997961 0.009681881051175657 0.0020387359836901123
0 0.7918395573997233 0.47349643221202853 0.0013831258644536654 0.0010193679918450561
0 0.7005532503457814 0.4745158002038736 0.006915629322268326 0.0030581039755351682
0 0.11964038727524205 0.4745158002038736 0.02627939142461964 0.0030581039755351682
0 0.8464730290456431 0.47196738022426094 0.0027662517289073307 0.0020387359836901123
0 0.7759336099585062 0.47298674821610603 0.008298755186721992 0.004077471967380225
0 0.17289073305670816 0.47349643221202853 0.07468879668049792 0.0050968399592252805
0 0.5062240663900415 0.47196738022426094 0.022130013831258646 0.004077471967380225
0 0.8609958506224067 0.47145769622833844 0.02351313969571231 0.0050968399592252805
0 0.5933609958506224 0.4704383282364934 0.011065006915629323 0.0030581039755351682
0 0.6929460580912863 0.46839959225280325 0.008298755186721992 0.0030581039755351682
0 0.20885200553250347 0.4673802242609582 0.0027662517289073307 0.0010193679918450561
0 0.4529737206085754 0.46687054026503566 0.017980636237897647 0.0020387359836901123
0 0.12655601659751037 0.46839959225280325 0.08713692946058091 0.0050968399592252805
0 0.7544951590594744 0.46687054026503566 0.006915629322268326 0.004077471967380225
0 0.34854771784232363 0.463302752293578 0.0027662517289073307 0.0010193679918450561
0 0.8686030428769018 0.464322120285423 0.027662517289073305 0.0050968399592252805
0 0.5905947441217151 0.46381243628950053 0.016597510373443983 0.004077471967380225
0 0.5352697095435685 0.46788990825688076 0.0636237897648686 0.012232415902140673
0 0.6964038727524204 0.4617737003058104 0.006915629322268326 0.0020387359836901123
0 0.16666666666666666 0.46075433231396534 0.006915629322268326 0.0020387359836901123
0 0.21507607192254496 0.45871559633027525 0.004149377593360996 0.0020387359836901123
0 0.8250345781466113 0.45871559633027525 0.012448132780082987 0.004077471967380225
0 0.5892116182572614 0.45769622833843016 0.016597510373443983 0.004077471967380225
0 0.5318118948824343 0.45871559633027525 0.0677731673582296 0.0061162079510703364
0 0.37621023513139695 0.4566768603465851 0.008298755186721992 0.0020387359836901123
0 0.3437067773167358 0.45616717635066256 0.004149377593360996 0.0030581039755351682
0 0.32503457814661135 0.45718654434250766 0.022130013831258646 0.0050968399592252805
0 0.08298755186721991 0.4551478083588175 0.005532503457814661 0.0010193679918450561
0 0.4322268326417704 0.4541284403669725 0.004149377593360996 0.0010193679918450561
0 0.1673582295988935 0.4541284403669725 0.0027662517289073307 0.0010193679918450561
0 0.6887966804979253 0.454638124362895 0.013831258644536652 0.004077471967380225
0 0.4854771784232365 0.4525993883792049 0.005532503457814661 0.0020387359836901123
0 0.4515905947441217 0.4536187563710499 0.02627939142461964 0.004077471967380225
0 0.8360995850622407 0.4520897043832824 0.006915629322268326 0.0030581039755351682
0 0.8215767634854771 0.4525993883792049 0.013831258644536652 0.004077471967380225
0 0.21369294605809128 0.4525993883792049 0.02074688796680498 0.004077471967380225
0 0.5269709543568465 0.45158002038735984 0.06915629322268327 0.0061162079510703364
0 0.5857538035961273 0.4505606523955148 0.02074688796680498 0.0061162079510703364
0 0.3755186721991701 0.44852191641182465 0.009681881051175657 0.0020387359836901123
0 0.3326417704011065 0.44954128440366975 0.034578146611341634 0.004077471967380225
0 0.08160442600276625 0.44852191641182465 0.005532503457814661 0.0020387359836901123
0 0.6887966804979253 0.44852191641182465 0.013831258644536652 0.004077471967380225
0 0.40110650069156295 0.44852191641182465 0.035961272475795295 0.004077471967380225
0 0.4557399723374827 0.44699286442405706 0.015214384508990318 0.0030581039755351682
0 0.15283540802213003 0.4475025484199796 0.009681881051175657 0.004077471967380225
0 0.7863070539419087 0.45005096839959224 0.0318118948824343 0.011213047910295617
0 0.20816044260027664 0.44648318042813456 0.015214384508990318 0.004077471967380225
0 0.19225449515905949 0.44648318042813456 0.005532503457814661 0.004077471967380225
0 0.5311203319502075 0.4454638124362895 0.04979253112033195 0.004077471967380225
0 0.8506224066390041 0.4444444444444444 0.005532503457814661 0.004077471967380225
0 0.8333333333333334 0.44495412844036697 0.02074688796680498 0.0050968399592252805
0 0.5816044260027663 0.4439347604485219 0.012448132780082987 0.0030581039755351682
0 0.3769017980636238 0.4418960244648318 0.009681881051175657 0.0030581039755351682
0 0.6846473029045643 0.4413863404689093 0.013831258644536652 0.004077471967380225
0 0.4432918395573997 0.44036697247706424 0.004149377593360996 0.0020387359836901123
0 0.4073305670816044 0.4418960244648318 0.048409405255878286 0.0050968399592252805
0 0.15352697095435686 0.44087665647298674 0.008298755186721992 0.0030581039755351682
0 0.8395573997233748 0.43883792048929665 0.0027662517289073307 0.0010193679918450561
0 0.4578146611341632 0.4398572884811417 0.022130013831258646 0.0030581039755351682
0 0.851313969571231 0.4383282364933741 0.004149377593360996 0.0020387359836901123
0 0.784923928077455 0.43934760448521915 0.009681881051175657 0.004077471967380225
0 0.8291839557399724 0.4383282364933741 0.012448132780082987 0.004077471967380225
0 0.5242047026279392 0.4383282364933741 0.0636237897648686 0.0061162079510703364
0 0.578838174273859 0.43730886850152906 0.017980636237897647 0.0061162079510703364
0 0.39764868603042874 0.4352701325178389 0.004149377593360996 0.0020387359836901123
0 0.42531120331950206 0.4337410805300714 0.004149377593360996 0.0010193679918450561
0 0.40802213001383125 0.43425076452599387 0.008298755186721992 0.0020387359836901123
0 0.3499308437067773 0.43934760448521915 0.03872752420470263 0.012232415902140673
0 0.8312586445366529 0.4327217125382263 0.0027662517289073307 0.0010193679918450561
0 0.6825726141078838 0.4347604485219164 0.017980636237897647 0.0050968399592252805
0 0.45850622406639 0.4332313965341488 0.012448132780082987 0.0020387359836901123
0 0.15767634854771784 0.4337410805300714 0.016597510373443983 0.0030581039755351682
0 0.8215767634854771 0.4322120285423038 0.005532503457814661 0.0020387359836901123
0 0.7883817427385892 0.4332313965341488 0.005532503457814661 0.004077471967380225
0 0.5020746887966805 0.43170234454638123 0.0027662517289073307 0.0010193679918450561
0 0.22475795297372061 0.4322120285423038 0.015214384508990318 0.004077471967380225
0 0.8734439834024896 0.43017329255861364 0.0013831258644536654 0.0020387359836901123
0 0.573997233748271 0.43017329255861364 0.011065006915629323 0.0020387359836901123
0 0.524896265560166 0.43119266055045874 0.02627939142461964 0.004077471967380225
0 0.24965421853388658 0.43119266055045874 0.015214384508990318 0.004077471967380225
0 0.6811894882434302 0.4286442405708461 0.0013831258644536654 0.0010193679918450561
0 0.3575380359612725 0.4291539245667686 0.015214384508990318 0.004077471967380225
0 0.31950207468879666 0.42966360856269115 0.008298755186721992 0.0050968399592252805
0 0.04495159059474412 0.427624872579001 0.004149377593360996 0.0030581039755351682
0 0.21853388658367912 0.4255861365953109 0.0027662517289073307 0.0010193679918450561
0 0.4612724757952974 0.4260958205912334 0.02351313969571231 0.004077471967380225
0 0.24965421853388658 0.42507645259938837 0.006915629322268326 0.0020387359836901123
0 0.524896265560166 0.42456676860346587 0.06500691562932227 0.0050968399592252805
0 0.31950207468879666 0.4230377166156983 0.0027662517289073307 0.0020387359836901123
0 0.6825726141078838 0.42201834862385323 0.004149377593360996 0.0020387359836901123
0 0.5726141078838174 0.4235474006116208 0.019363762102351315 0.0050968399592252805
0 0.3506224066390041 0.42201834862385323 0.004149377593360996 0.0020387359836901123
0 0.12655601659751037 0.4215086646279307 0.004149377593360996 0.0010193679918450561
0 0.6728907330567082 0.4215086646279307 0.004149377593360996 0.0030581039755351682
0 0.43499308437067774 0.42048929663608564 0.0013831258644536654 0.0010193679918450561
0 0.7420470262793915 0.42048929663608564 0.006915629322268326 0.0030581039755351682
0 0.42738589211618255 0.4199796126401631 0.008298755186721992 0.0020387359836901123
0 0.41217150760719223 0.42048929663608564 0.011065006915629323 0.0030581039755351682
0 0.45919778699861685 0.41896024464831805 0.011065006915629323 0.0020387359836901123
0 0.5387275242047026 0.41743119266055045 0.004149377593360996 0.0010193679918450561
0 0.15491009681881052 0.4199796126401631 0.022130013831258646 0.0061162079510703364
0 0.524896265560166 0.417940876656473 0.015214384508990318 0.004077471967380225
0 0.21507607192254496 0.417940876656473 0.015214384508990318 0.004077471967380225
0 0.5733056708160442 0.4169215086646279 0.012448132780082987 0.004077471967380225
0 0.6770401106500692 0.4148827726809378 0.006915629322268326 0.0020387359836901123
0 0.2690179806362379 0.41743119266055045 0.056708160442600276 0.007135575942915392
0 0.739972337482711 0.4138634046890928 0.0027662517289073307 0.0020387359836901123
0 0.7510373443983402 0.4133537206931702 0.005532503457814661 0.0030581039755351682
0 0.4806362378976487 0.41284403669724773 0.004149377593360996 0.0020387359836901123
0 0.7842323651452282 0.40672782874617736 0.0027662517289073307 0.0020387359836901123
0 0.28492392807745504 0.4072375127420999 0.0027662517289073307 0.0030581039755351682
0 0.7627939142461964 0.40978593272171254 0.017980636237897647 0.010193679918450561
0 0.2717842323651452 0.4072375127420999 0.015214384508990318 0.007135575942915392
0 0.6085753803596127 0.40214067278287463 0.0027662517289073307 0.0010193679918450561
0 0.6175656984785616 0.4011213047910296 0.006915629322268326 0.0030581039755351682
0 0.8091286307053942 0.39602446483180426 0.008298755186721992 0.0050968399592252805
0 0.623789764868603 0.5224260958205912 0.7524204702627939 0.2599388379204893
0 0.8001383125864454 0.39398572884811417 0.004149377593360996 0.0030581039755351682
0 0.7586445366528354 0.39755351681957185 0.02351313969571231 0.010193679918450561
0 0.7385892116182573 0.39755351681957185 0.008298755186721992 0.010193679918450561
0 0.7268326417704011 0.3944954128440367 0.006915629322268326 0.0061162079510703364
0 0.6749654218533887 0.4001019367991845 0.027662517289073305 0.021406727828746176
0 0.5726141078838174 0.40061162079510704 0.035961272475795295 0.024464831804281346
0 0.06846473029045644 0.3924566768603466 0.009681881051175657 0.00815494393476045
0 0.41632088520055327 0.4077471967380224 0.2821576763485477 0.046890927624872576
0 0.3630705394190871 0.3766564729867482 0.004149377593360996 0.0030581039755351682
0 0.24412171507607192 0.3690112130479103 0.004149377593360996 0.0020387359836901123
0 0.6915629322268326 0.3583078491335372 0.0027662517289073307 0.0010193679918450561
0 0.7102351313969572 0.36187563710499493 0.02074688796680498 0.0163098878695209
0 0.6438450899031812 0.35372069317023447 0.004149377593360996 0.0020387359836901123
0 0.5995850622406639 0.35117227319062183 0.0013831258644536654 0.0010193679918450561
0 0.6438450899031812 0.34607543323139656 0.0013831258644536654 0.0010193679918450561
0 0.6286307053941909 0.34505606523955146 0.0013831258644536654 0.0010193679918450561
0 0.6597510373443983 0.34454638124362896 0.0027662517289073307 0.0020387359836901123
0 0.056708160442600276 0.19317023445463813 0.005532503457814661 0.0030581039755351682
0 0.36376210235131395 0.1743119266055046 0.005532503457814661 0.004077471967380225
0 0.29737206085753803 0.15341488277268095 0.005532503457814661 0.0050968399592252805
0 0.9481327800829875 0.1381243628950051 0.0013831258644536654 0.0010193679918450561
0 0.9370677731673582 0.11467889908256881 0.0013831258644536654 0.0010193679918450561
0 0.9266943291839558 0.11009174311926606 0.005532503457814661 0.004077471967380225
0 0.9398340248962656 0.10550458715596331 0.006915629322268326 0.013251783893985729
0 0.9405255878284924 0.09378185524974515 0.0027662517289073307 0.0020387359836901123
0 0.921161825726141 0.09582059123343527 0.005532503457814661 0.014271151885830785
0 0.9370677731673582 0.0891946992864424 0.004149377593360996 0.0050968399592252805
0 0.9972337482710927 0.05657492354740061 0.005532503457814661 0.007135575942915392
0 0.9889349930843707 0.053007135575942915 0.008298755186721992 0.004077471967380225
0 0.5 0.23139653414882771 1.0 0.381243628950051
