0 0.5202020202020202 0.9962962962962963 0.010101010101010102 0.007407407407407408
0 0.06944444444444445 0.987037037037037 0.08333333333333333 0.025925925925925925
0 0.5138888888888888 0.9722222222222222 0.017676767676767676 0.018518518518518517
0 0.4936868686868687 0.9814814814814815 0.017676767676767676 0.037037037037037035
0 0.5 0.9314814814814815 0.015151515151515152 0.018518518518518517
0 0.4722222222222222 0.9203703703703704 0.010101010101010102 0.011111111111111112
0 0.4595959595959596 0.9574074074074074 0.050505050505050504 0.08518518518518518
0 0.5757575757575758 0.9481481481481482 0.020202020202020204 0.1037037037037037
0 0.5391414141414141 0.9462962962962963 0.007575757575757576 0.10740740740740741
0 0.11237373737373738 0.9018518518518519 0.012626262626262626 0.03333333333333333
0 0.2777777777777778 0.9351851851851852 0.2777777777777778 0.12962962962962962
0 0.9722222222222222 0.7870370370370371 0.05555555555555555 0.13703703703703704
0 0.9797979797979798 0.6907407407407408 0.04040404040404041 0.018518518518518517
0 0.9810606060606061 0.6722222222222223 0.03787878787878788 0.011111111111111112
0 0.9785353535353535 0.6518518518518519 0.04292929292929293 0.014814814814814815
0 0.9962121212121212 0.6296296296296297 0.007575757575757576 0.007407407407407408
0 0.9772727272727273 0.6074074074074074 0.045454545454545456 0.014814814814814815
0 0.9987373737373737 0.587037037037037 0.0025252525252525255 0.003703703703703704
0 0.9785353535353535 0.562962962962963 0.04292929292929293 0.014814814814814815
0 0.9772727272727273 0.5222222222222223 0.045454545454545456 0.014814814814814815
0 0.9785353535353535 0.48148148148148145 0.04292929292929293 0.014814814814814815
0 0.98989898989899 0.4388888888888889 0.020202020202020204 0.003703703703703704
0 0.9671717171717171 0.4388888888888889 0.005050505050505051 0.003703703703703704
0 0.9747474747474747 0.3907407407407407 0.050505050505050504 0.06296296296296296
0 0.9785353535353535 0.32592592592592595 0.04292929292929293 0.014814814814814815
0 0.9785353535353535 0.2851851851851852 0.04292929292929293 0.022222222222222223
0 0.73989898989899 0.2518518518518518 0.010101010101010102 0.007407407407407408
0 0.9255050505050505 0.2462962962962963 0.012626262626262626 0.011111111111111112
0 0.8320707070707071 0.24814814814814815 0.12373737373737374 0.022222222222222223
0 0.976010101010101 0.24444444444444444 0.047979797979797977 0.022222222222222223
0 0.8080808080808081 0.21666666666666667 0.005050505050505051 0.003703703703703704
0 0.7866161616161617 0.21666666666666667 0.012626262626262626 0.003703703703703704
0 0.9722222222222222 0.2111111111111111 0.05555555555555555 0.022222222222222223
0 0.8825757575757576 0.2111111111111111 0.10858585858585859 0.022222222222222223
0 0.9772727272727273 0.17222222222222222 0.045454545454545456 0.025925925925925925
0 0.9734848484848485 0.13148148148148148 0.05303030303030303 0.025925925925925925
0 0.8484848484848485 0.13333333333333333 0.17676767676767677 0.02962962962962963
0 0.976010101010101 0.07407407407407407 0.047979797979797977 0.06666666666666667
0 0.4684343434343434 0.43148148148148147 0.9368686868686869 0.8629629629629629
