0 0.4614003590664273 0.9939577039274925 0.00718132854578097 0.012084592145015106
0 0.35368043087971274 0.9848942598187311 0.02154398563734291 0.030211480362537766
0 0.440754039497307 0.9833836858006042 0.03052064631956912 0.03323262839879154
0 0.31687612208258525 0.9818731117824774 0.03770197486535009 0.03625377643504532
0 0.2737881508078995 0.9803625377643505 0.019748653500897665 0.03927492447129909
0 0.46947935368043087 0.010574018126888218 0.03052064631956912 0.021148036253776436
0 0.4380610412926391 0.012084592145015106 0.03231597845601436 0.02416918429003021
0 0.3500897666068223 0.006042296072507553 0.010771992818671455 0.012084592145015106
0 0.31956912028725315 0.006042296072507553 0.01436265709156194 0.012084592145015106
0 0.28545780969479356 0.006042296072507553 0.01436265709156194 0.012084592145015106
0 0.5 0.459214501510574 1.0 0.918429003021148
