0 0.6596244131455399 0.9690721649484536 0.014084507042253521 0.061855670103092786
0 0.5504694835680751 0.9690721649484536 0.025821596244131457 0.061855670103092786
0 0.7018779342723005 0.9673539518900344 0.06103286384976526 0.06529209621993128
0 0.5 0.9673539518900344 0.056338028169014086 0.06529209621993128
0 0.43779342723004694 0.9656357388316151 0.03990610328638498 0.06872852233676977
0 0.9847417840375586 0.8608247422680413 0.03051643192488263 0.024054982817869417
0 0.018779342723004695 0.8213058419243986 0.03755868544600939 0.061855670103092786
0 0.5 0.4965635738831615 1.0 0.7869415807560137
0 0.7007042253521126 0.07731958762886598 0.025821596244131457 0.024054982817869417
0 0.6889671361502347 0.058419243986254296 0.011737089201877934 0.020618556701030927
0 0.7124413145539906 0.015463917525773196 0.007042253521126761 0.01718213058419244
0 0.6737089201877934 0.003436426116838488 0.009389671361502348 0.006872852233676976
0 0.6549295774647887 0.044673539518900345 0.04225352112676056 0.08934707903780069
0 0.5316901408450704 0.030927835051546393 0.025821596244131457 0.061855670103092786
0 0.48708920187793425 0.03264604810996564 0.02112676056338028 0.06529209621993128
0 0.4284037558685446 0.029209621993127148 0.05868544600938967 0.058419243986254296
