0 0.0030864197530864196 0.9898648648648649 0.006172839506172839 0.02027027027027027
0 0.4367283950617284 0.9864864864864865 0.10802469135802469 0.02702702702702703
0 0.10648148148148148 0.9864864864864865 0.08333333333333333 0.02702702702702703
0 0.28858024691358025 0.9746621621621622 0.17592592592592593 0.05067567567567568
0 0.9953703703703703 0.8716216216216216 0.009259259259259259 0.0472972972972973
0 0.9876543209876543 0.5625 0.024691358024691357 0.15202702702702703
0 0.9212962962962963 0.40878378378378377 0.05246913580246913 0.013513513513513514
0 0.30092592592592593 0.34628378378378377 0.14506172839506173 0.016891891891891893
0 0.7932098765432098 0.34797297297297297 0.30864197530864196 0.02702702702702703
0 0.9845679012345679 0.18074324324324326 0.030864197530864196 0.11824324324324324
0 0.5092592592592593 0.4864864864864865 0.9197530864197531 0.972972972972973
