0 0.6174698795180723 0.9251543209876543 0.002008032128514056 0.004629629629629629
0 0.6154618473895582 0.9189814814814815 0.006024096385542169 0.004629629629629629
0 0.5060240963855421 0.9313271604938271 0.3413654618473896 0.05709876543209876
0 0.6636546184738956 0.8634259259259259 0.002008032128514056 0.0015432098765432098
0 0.7078313253012049 0.8657407407407407 0.010040160642570281 0.009259259259259259
0 0.9678714859437751 0.8441358024691358 0.0642570281124498 0.043209876543209874
0 0.8674698795180723 0.8155864197530864 0.07228915662650602 0.004629629629629629
0 0.9387550200803213 0.8140432098765432 0.05421686746987952 0.010802469135802469
0 0.7610441767068273 0.7993827160493827 0.028112449799196786 0.0030864197530864196
0 0.9457831325301205 0.7962962962962963 0.01606425702811245 0.006172839506172839
0 0.9447791164658634 0.779320987654321 0.006024096385542169 0.0030864197530864196
0 0.7248995983935743 0.7584876543209876 0.012048192771084338 0.004629629629629629
0 0.6616465863453815 0.753858024691358 0.006024096385542169 0.0015432098765432098
0 0.535140562248996 0.7415123456790124 0.006024096385542169 0.0015432098765432098
0 0.5170682730923695 0.7407407407407407 0.010040160642570281 0.0030864197530864196
0 0.9407630522088354 0.7260802469135802 0.010040160642570281 0.004629629629629629
0 0.9417670682730924 0.7183641975308642 0.012048192771084338 0.004629629629629629
0 0.9779116465863453 0.7214506172839507 0.04417670682730924 0.20833333333333334
0 0.34437751004016065 0.6080246913580247 0.014056224899598393 0.009259259259259259
0 0.35843373493975905 0.5895061728395061 0.006024096385542169 0.006172839506172839
0 0.37248995983935745 0.5416666666666666 0.002008032128514056 0.0030864197530864196
0 0.24497991967871485 0.591820987654321 0.024096385542168676 0.1095679012345679
0 0.9839357429718876 0.5895061728395061 0.0321285140562249 0.11419753086419752
0 0.2540160642570281 0.5285493827160493 0.018072289156626505 0.004629629629629629
0 0.20180722891566266 0.5270061728395061 0.02610441767068273 0.004629629629629629
0 0.9979919678714859 0.5239197530864198 0.004016064257028112 0.0015432098765432098
0 0.20983935742971888 0.5108024691358025 0.006024096385542169 0.0030864197530864196
0 0.9979919678714859 0.5092592592592593 0.004016064257028112 0.0030864197530864196
0 0.37349397590361444 0.5108024691358025 0.028112449799196786 0.006172839506172839
0 0.30120481927710846 0.5015432098765432 0.004016064257028112 0.0030864197530864196
0 0.34839357429718876 0.4930555555555556 0.002008032128514056 0.0015432098765432098
0 0.38052208835341367 0.4930555555555556 0.018072289156626505 0.004629629629629629
0 0.9799196787148594 0.4930555555555556 0.020080321285140562 0.010802469135802469
0 0.9407630522088354 0.4930555555555556 0.04618473895582329 0.013888888888888888
0 0.2399598393574297 0.47453703703703703 0.010040160642570281 0.0015432098765432098
0 0.3744979919678715 0.47530864197530864 0.03413654618473896 0.006172839506172839
0 0.9879518072289156 0.47453703703703703 0.008032128514056224 0.007716049382716049
0 0.37248995983935745 0.4660493827160494 0.006024096385542169 0.0030864197530864196
0 0.23293172690763053 0.4583333333333333 0.01606425702811245 0.0030864197530864196
0 0.37349397590361444 0.4583333333333333 0.012048192771084338 0.006172839506172839
0 0.9879518072289156 0.4567901234567901 0.008032128514056224 0.006172839506172839
0 0.3534136546184739 0.44907407407407407 0.004016064257028112 0.0030864197530864196
0 0.2248995983935743 0.44907407407407407 0.008032128514056224 0.0030864197530864196
0 0.3373493975903614 0.44058641975308643 0.004016064257028112 0.0015432098765432098
0 0.2520080321285141 0.44135802469135804 0.010040160642570281 0.0030864197530864196
0 0.9969879518072289 0.4390432098765432 0.006024096385542169 0.0015432098765432098
0 0.39156626506024095 0.44058641975308643 0.008032128514056224 0.004629629629629629
0 0.36244979919678716 0.44135802469135804 0.018072289156626505 0.006172839506172839
0 0.22389558232931728 0.44135802469135804 0.010040160642570281 0.006172839506172839
0 0.20582329317269077 0.44058641975308643 0.014056224899598393 0.004629629629629629
0 0.9839357429718876 0.4382716049382716 0.012048192771084338 0.006172839506172839
0 0.31626506024096385 0.43209876543209874 0.006024096385542169 0.0030864197530864196
0 0.25 0.43209876543209874 0.006024096385542169 0.0030864197530864196
0 0.22088353413654618 0.43209876543209874 0.004016064257028112 0.0030864197530864196
0 0.20180722891566266 0.43132716049382713 0.010040160642570281 0.004629629629629629
0 0.24899598393574296 0.4220679012345679 0.008032128514056224 0.004629629629629629
0 0.21887550200803213 0.4220679012345679 0.004016064257028112 0.004629629629629629
0 0.20080321285140562 0.4220679012345679 0.008032128514056224 0.004629629629629629
0 0.3142570281124498 0.41358024691358025 0.002008032128514056 0.0030864197530864196
0 0.3393574297188755 0.4050925925925926 0.008032128514056224 0.004629629629629629
0 0.34236947791164657 0.39737654320987653 0.002008032128514056 0.0015432098765432098
0 0.6174698795180723 0.2854938271604938 0.010040160642570281 0.0030864197530864196
0 0.20883534136546184 0.2646604938271605 0.012048192771084338 0.0015432098765432098
0 0.06726907630522089 0.2646604938271605 0.006024096385542169 0.0015432098765432098
0 0.891566265060241 0.25925925925925924 0.008032128514056224 0.0030864197530864196
0 0.963855421686747 0.25848765432098764 0.008032128514056224 0.004629629629629629
0 0.8182730923694779 0.2523148148148148 0.04216867469879518 0.004629629629629629
0 0.9186746987951807 0.2507716049382716 0.11044176706827309 0.007716049382716049
0 0.6305220883534136 0.24459876543209877 0.012048192771084338 0.0015432098765432098
0 0.6767068273092369 0.24845679012345678 0.10441767068273092 0.012345679012345678
0 0.8865461847389559 0.2368827160493827 0.002008032128514056 0.0015432098765432098
0 0.858433734939759 0.2368827160493827 0.014056224899598393 0.0015432098765432098
0 0.8032128514056225 0.2361111111111111 0.06827309236947791 0.0030864197530864196
0 0.7158634538152611 0.2361111111111111 0.0823293172690763 0.0030864197530864196
0 0.42570281124497994 0.2361111111111111 0.008032128514056224 0.0030864197530864196
0 0.9518072289156626 0.22299382716049382 0.004016064257028112 0.0015432098765432098
0 0.9066265060240963 0.22376543209876543 0.014056224899598393 0.0030864197530864196
0 0.7198795180722891 0.22299382716049382 0.006024096385542169 0.0015432098765432098
0 0.6676706827309237 0.2222222222222222 0.006024096385542169 0.0030864197530864196
0 0.8112449799196787 0.20833333333333334 0.024096385542168676 0.0030864197530864196
0 0.8905622489959839 0.21141975308641975 0.0823293172690763 0.012345679012345678
0 0.7630522088353414 0.20756172839506173 0.04417670682730924 0.004629629629629629
0 0.6917670682730924 0.20756172839506173 0.07429718875502007 0.004629629629629629
0 0.9196787148594378 0.19907407407407407 0.008032128514056224 0.0030864197530864196
0 0.8985943775100401 0.19907407407407407 0.030120481927710843 0.0030864197530864196
0 0.7580321285140562 0.19830246913580246 0.006024096385542169 0.0015432098765432098
0 0.7238955823293173 0.19830246913580246 0.006024096385542169 0.0015432098765432098
0 0.7128514056224899 0.19830246913580246 0.004016064257028112 0.0015432098765432098
0 0.7018072289156626 0.19830246913580246 0.002008032128514056 0.0015432098765432098
0 0.9518072289156626 0.21064814814814814 0.04417670682730924 0.029320987654320986
0 0.6676706827309237 0.19830246913580246 0.006024096385542169 0.004629629629629629
0 0.7178714859437751 0.15354938271604937 0.030120481927710843 0.0015432098765432098
0 0.893574297188755 0.1527777777777778 0.03614457831325301 0.0030864197530864196
0 0.9578313253012049 0.15354938271604937 0.03614457831325301 0.007716049382716049
0 0.7018072289156626 0.1419753086419753 0.010040160642570281 0.0030864197530864196
0 0.6746987951807228 0.1412037037037037 0.020080321285140562 0.004629629629629629
0 0.42971887550200805 0.13580246913580246 0.004016064257028112 0.0030864197530864196
0 0.751004016064257 0.1257716049382716 0.012048192771084338 0.004629629629629629
0 0.607429718875502 0.0763888888888889 0.014056224899598393 0.016975308641975308
0 0.7319277108433735 0.040123456790123455 0.018072289156626505 0.006172839506172839
0 0.8072289156626506 0.03780864197530864 0.09236947791164658 0.020061728395061727
0 0.5 0.466820987654321 1.0 0.8873456790123457
0 0.5682730923694779 0.013888888888888888 0.004016064257028112 0.0030864197530864196
0 0.5973895582329317 0.011574074074074073 0.010040160642570281 0.007716049382716049
0 0.641566265060241 0.011574074074074073 0.04216867469879518 0.023148148148148147
0 0.5742971887550201 0.0038580246913580245 0.01606425702811245 0.007716049382716049
0 0.5532128514056225 0.006944444444444444 0.018072289156626505 0.013888888888888888
0 0.4307228915662651 0.011574074074074073 0.20682730923694778 0.023148148148148147
