0 0.07653061224489796 0.9920212765957447 0.10816326530612246 0.015957446808510637
0 0.37857142857142856 0.9813829787234043 0.022448979591836733 0.03723404255319149
0 0.5255102040816326 0.9627659574468085 0.006122448979591836 0.005319148936170213
0 0.48367346938775513 0.9787234042553191 0.0653061224489796 0.0425531914893617
0 0.33877551020408164 0.9787234042553191 0.04081632653061224 0.0425531914893617
0 0.2969387755102041 0.9773936170212766 0.022448979591836733 0.04521276595744681
0 0.9520408163265306 0.32978723404255317 0.0020408163265306124 0.005319148936170213
0 0.9836734693877551 0.29654255319148937 0.024489795918367346 0.023936170212765957
0 0.9846938775510204 0.2646276595744681 0.014285714285714285 0.018617021276595744
0 0.9846938775510204 0.2327127659574468 0.018367346938775512 0.018617021276595744
0 0.95 0.2074468085106383 0.01020408163265306 0.005319148936170213
0 0.9887755102040816 0.2074468085106383 0.022448979591836733 0.010638297872340425
0 0.9857142857142858 0.1848404255319149 0.012244897959183673 0.007978723404255319
0 0.9877551020408163 0.16356382978723405 0.012244897959183673 0.007978723404255319
0 0.9520408163265306 0.14095744680851063 0.014285714285714285 0.005319148936170213
0 0.9714285714285714 0.1276595744680851 0.05714285714285714 0.03723404255319149
0 0.5061224489795918 0.030585106382978722 0.004081632653061225 0.0026595744680851063
0 0.5 0.4973404255319149 1.0 0.9627659574468085
0 0.4704081632653061 0.022606382978723406 0.022448979591836733 0.018617021276595744
0 0.5010204081632653 0.005319148936170213 0.006122448979591836 0.010638297872340425
0 0.48673469387755103 0.005319148936170213 0.01020408163265306 0.010638297872340425
0 0.463265306122449 0.013297872340425532 0.02857142857142857 0.026595744680851064
0 0.37448979591836734 0.005319148936170213 0.01020408163265306 0.010638297872340425
0 0.336734693877551 0.0026595744680851063 0.024489795918367346 0.005319148936170213
