0 0.45064935064935063 0.9980988593155894 0.0025974025974025974 0.0038022813688212928
0 0.5103896103896104 0.967680608365019 0.007792207792207792 0.011406844106463879
0 0.34805194805194806 0.9638783269961977 0.02077922077922078 0.07224334600760456
0 0.287012987012987 0.9581749049429658 0.03896103896103896 0.08365019011406843
0 0.23376623376623376 0.9486692015209125 0.02077922077922078 0.07224334600760456
0 0.9714285714285714 0.8612167300380228 0.05714285714285714 0.07984790874524715
0 0.9896103896103896 0.8079847908745247 0.02077922077922078 0.011406844106463879
0 0.7441558441558441 0.8041825095057035 0.0025974025974025974 0.0038022813688212928
0 0.9935064935064936 0.785171102661597 0.012987012987012988 0.011406844106463879
0 0.5285714285714286 0.7775665399239544 0.05974025974025974 0.019011406844106463
0 0.4766233766233766 0.8346007604562737 0.8857142857142857 0.1482889733840304
0 0.8792207792207792 0.7585551330798479 0.05974025974025974 0.011406844106463879
0 0.525974025974026 0.7547528517110266 0.012987012987012988 0.0038022813688212928
0 0.5025974025974026 0.7547528517110266 0.0025974025974025974 0.0038022813688212928
0 0.35194805194805195 0.752851711026616 0.007792207792207792 0.0076045627376425855
0 0.32727272727272727 0.752851711026616 0.01038961038961039 0.0076045627376425855
0 0.2558441558441558 0.7490494296577946 0.012987012987012988 0.0076045627376425855
0 0.22467532467532467 0.7509505703422054 0.023376623376623377 0.011406844106463879
0 0.04155844155844156 0.747148288973384 0.015584415584415584 0.011406844106463879
0 0.9935064935064936 0.7376425855513308 0.012987012987012988 0.0076045627376425855
0 0.674025974025974 0.7357414448669202 0.0025974025974025974 0.0038022813688212928
0 0.8779220779220779 0.7376425855513308 0.08311688311688312 0.022813688212927757
0 0.7454545454545455 0.7338403041825095 0.06753246753246753 0.022813688212927757
0 0.6324675324675325 0.7338403041825095 0.06493506493506493 0.022813688212927757
0 0.42077922077922075 0.7281368821292775 0.02077922077922078 0.011406844106463879
0 0.04025974025974026 0.7243346007604563 0.0025974025974025974 0.0038022813688212928
0 0.5116883116883116 0.7300380228136882 0.05194805194805195 0.022813688212927757
0 0.33376623376623377 0.7281368821292775 0.05974025974025974 0.019011406844106463
0 0.23896103896103896 0.7281368821292775 0.06753246753246753 0.019011406844106463
0 0.12077922077922078 0.7357414448669202 0.05974025974025974 0.04182509505703422
0 0.8961038961038961 0.7110266159695817 0.02077922077922078 0.0076045627376425855
0 0.8701298701298701 0.7110266159695817 0.015584415584415584 0.0076045627376425855
0 0.8493506493506493 0.7110266159695817 0.01038961038961039 0.0076045627376425855
0 0.9987012987012988 0.6901140684410646 0.0025974025974025974 0.0038022813688212928
0 0.8701298701298701 0.6920152091254753 0.0987012987012987 0.022813688212927757
0 0.7285714285714285 0.6901140684410646 0.04935064935064935 0.019011406844106463
0 0.6155844155844156 0.688212927756654 0.05714285714285714 0.015209125475285171
0 0.4948051948051948 0.6863117870722434 0.05454545454545454 0.019011406844106463
0 0.4077922077922078 0.6844106463878327 0.03636363636363636 0.015209125475285171
0 0.3181818181818182 0.6825095057034221 0.06493506493506493 0.019011406844106463
0 0.10909090909090909 0.6901140684410646 0.05714285714285714 0.034220532319391636
0 0.22727272727272727 0.6806083650190115 0.07012987012987013 0.022813688212927757
0 0.8636363636363636 0.6444866920152091 0.10649350649350649 0.011406844106463879
0 0.8480519480519481 0.6026615969581749 0.12207792207792208 0.011406844106463879
0 0.6987012987012987 0.6007604562737643 0.015584415584415584 0.0076045627376425855
0 0.3012987012987013 0.5950570342205324 0.005194805194805195 0.0038022813688212928
0 0.9051948051948052 0.5627376425855514 0.023376623376623377 0.0076045627376425855
0 0.6922077922077922 0.5608365019011406 0.007792207792207792 0.0038022813688212928
0 0.8285714285714286 0.5608365019011406 0.10909090909090909 0.011406844106463879
0 0.5636363636363636 0.5570342205323194 0.02077922077922078 0.0038022813688212928
0 0.4584415584415584 0.5570342205323194 0.0025974025974025974 0.0038022813688212928
0 0.44155844155844154 0.5551330798479087 0.015584415584415584 0.0076045627376425855
0 0.2896103896103896 0.5532319391634981 0.0025974025974025974 0.0038022813688212928
0 0.9025974025974026 0.5190114068441065 0.007792207792207792 0.0038022813688212928
0 0.5571428571428572 0.5171102661596958 0.007792207792207792 0.0076045627376425855
0 0.4597402597402597 0.5171102661596958 0.01038961038961039 0.0076045627376425855
0 0.44545454545454544 0.5152091254752852 0.007792207792207792 0.0038022813688212928
0 0.42987012987012985 0.5152091254752852 0.007792207792207792 0.0038022813688212928
0 0.34415584415584416 0.5114068441064639 0.007792207792207792 0.0038022813688212928
0 0.9961038961038962 0.45627376425855515 0.007792207792207792 0.0076045627376425855
0 0.6467532467532467 0.4524714828897338 0.01038961038961039 0.0076045627376425855
0 0.4857142857142857 0.4524714828897338 0.01038961038961039 0.0076045627376425855
0 0.6 0.4524714828897338 0.01038961038961039 0.015209125475285171
0 0.538961038961039 0.4600760456273764 0.08051948051948052 0.03802281368821293
0 0.548051948051948 0.4296577946768061 0.01038961038961039 0.0076045627376425855
0 0.36233766233766235 0.44866920152091255 0.2 0.060836501901140684
0 0.2779220779220779 0.42015209125475284 0.015584415584415584 0.011406844106463879
0 0.987012987012987 0.41064638783269963 0.025974025974025976 0.0076045627376425855
0 0.6415584415584416 0.4068441064638783 0.025974025974025976 0.0076045627376425855
0 0.1974025974025974 0.4372623574144487 0.19220779220779222 0.07604562737642585
0 0.7428571428571429 0.40874524714828897 0.07792207792207792 0.026615969581749048
0 0.5311688311688312 0.4144486692015209 0.09610389610389611 0.03802281368821293
0 0.4155844155844156 0.4144486692015209 0.06753246753246753 0.03802281368821293
0 0.3246753246753247 0.40304182509505704 0.046753246753246755 0.015209125475285171
0 0.06753246753246753 0.4391634980988593 0.06753246753246753 0.08745247148288973
0 0.9805194805194806 0.3688212927756654 0.03896103896103896 0.015209125475285171
0 0.638961038961039 0.3669201520912547 0.015584415584415584 0.011406844106463879
0 0.5844155844155844 0.3650190114068441 0.015584415584415584 0.015209125475285171
0 0.9727272727272728 0.22433460076045628 0.05454545454545454 0.24334600760456274
0 0.45714285714285713 0.0038022813688212928 0.02077922077922078 0.0076045627376425855
0 0.4779220779220779 0.2414448669201521 0.8935064935064935 0.4828897338403042
