0 0.5226757369614512 0.9991150442477876 0.0022675736961451248 0.0017699115044247787
0 0.5714285714285714 0.995575221238938 0.009070294784580499 0.008849557522123894
0 0.5895691609977324 0.984070796460177 0.018140589569160998 0.010619469026548672
0 0.6621315192743764 0.988495575221239 0.009070294784580499 0.023008849557522124
0 0.30612244897959184 0.9876106194690265 0.027210884353741496 0.024778761061946902
0 0.5555555555555556 0.9743362831858408 0.0045351473922902496 0.0017699115044247787
0 0.5260770975056689 0.9787610619469026 0.013605442176870748 0.010619469026548672
0 0.41836734693877553 0.9867256637168141 0.02947845804988662 0.02654867256637168
0 0.3707482993197279 0.9867256637168141 0.011337868480725623 0.02654867256637168
0 0.47619047619047616 0.984070796460177 0.049886621315192746 0.03185840707964602
0 0.2585034013605442 0.9831858407079646 0.036281179138321996 0.033628318584070796
0 0.37528344671201813 0.95929203539823 0.25170068027210885 0.010619469026548672
0 0.45691609977324266 0.8716814159292036 0.006802721088435374 0.0017699115044247787
0 0.4523809523809524 0.8619469026548673 0.011337868480725623 0.0035398230088495575
0 0.6587301587301587 0.8345132743362832 0.06575963718820861 0.005309734513274336
0 0.42630385487528344 0.831858407079646 0.009070294784580499 0.0035398230088495575
0 0.41156462585034015 0.831858407079646 0.011337868480725623 0.0035398230088495575
0 0.655328798185941 0.8265486725663717 0.07709750566893424 0.007079646017699115
0 0.6077097505668935 0.8238938053097346 0.009070294784580499 0.0017699115044247787
0 0.5895691609977324 0.8230088495575221 0.018140589569160998 0.0035398230088495575
0 0.41156462585034015 0.8212389380530973 0.006802721088435374 0.0035398230088495575
0 0.6904761904761905 0.8168141592920354 0.006802721088435374 0.0017699115044247787
0 0.6791383219954649 0.8168141592920354 0.006802721088435374 0.0017699115044247787
0 0.5476190476190477 0.8168141592920354 0.09750566893424037 0.012389380530973451
0 0.42970521541950113 0.8106194690265487 0.02040816326530612 0.0035398230088495575
0 0.3934240362811791 0.8097345132743363 0.02040816326530612 0.005309734513274336
0 0.5963718820861678 0.7991150442477876 0.19954648526077098 0.023008849557522124
0 0.373015873015873 0.8557522123893805 0.6598639455782312 0.15398230088495576
0 0.47052154195011336 0.763716814159292 0.011337868480725623 0.0017699115044247787
0 0.9739229024943311 0.7469026548672566 0.011337868480725623 0.0035398230088495575
0 0.9727891156462585 0.7247787610619469 0.0045351473922902496 0.0017699115044247787
0 0.6848072562358276 0.6911504424778762 0.009070294784580499 0.005309734513274336
0 0.003401360544217687 0.5769911504424778 0.006802721088435374 0.017699115044247787
0 0.006802721088435374 0.4088495575221239 0.013605442176870748 0.035398230088495575
0 0.02947845804988662 0.2982300884955752 0.05895691609977324 0.019469026548672566
0 0.3786848072562358 0.5168141592920354 0.6530612244897959 0.49557522123893805
0 0.7335600907029478 0.268141592920354 0.0022675736961451248 0.0017699115044247787
0 0.7551020408163265 0.5141592920353982 0.4897959183673469 0.5079646017699115
0 0.8333333333333334 0.28053097345132744 0.1836734693877551 0.06548672566371681
0 0.023809523809523808 0.22389380530973452 0.047619047619047616 0.019469026548672566
0 0.15873015873015872 0.1079646017699115 0.022675736961451247 0.017699115044247787
0 0.1689342403628118 0.08495575221238938 0.006802721088435374 0.007079646017699115
0 0.2018140589569161 0.05398230088495575 0.018140589569160998 0.005309734513274336
0 0.2222222222222222 0.05398230088495575 0.013605442176870748 0.008849557522123894
0 0.3378684807256236 0.049557522123893805 0.2947845804988662 0.024778761061946902
0 0.8367346938775511 0.009734513274336283 0.009070294784580499 0.019469026548672566
0 0.005668934240362812 0.002654867256637168 0.011337868480725623 0.005309734513274336
