0 0.5912220309810671 0.9851485148514851 0.0017211703958691911 0.0019801980198019802
0 0.5748709122203098 0.9851485148514851 0.0034423407917383822 0.0019801980198019802
0 0.5524956970740104 0.9861386138613861 0.01721170395869191 0.007920792079207921
0 0.536144578313253 0.9811881188118812 0.0017211703958691911 0.0019801980198019802
0 0.5783132530120482 0.9772277227722772 0.0034423407917383822 0.0019801980198019802
0 0.5731497418244407 0.9772277227722772 0.0034423407917383822 0.0019801980198019802
0 0.5860585197934596 0.9574257425742574 0.0017211703958691911 0.0019801980198019802
0 0.5740103270223752 0.9564356435643564 0.012048192771084338 0.007920792079207921
0 0.5679862306368331 0.9435643564356435 0.0034423407917383822 0.0019801980198019802
0 0.5395869191049913 0.9465346534653465 0.01549053356282272 0.03564356435643564
0 0.5533562822719449 0.9277227722772278 0.01549053356282272 0.009900990099009901
0 0.4225473321858864 0.9514851485148514 0.19793459552495696 0.09702970297029703
0 0.6256454388984509 0.9495049504950495 0.039586919104991396 0.100990099009901
0 0.955249569707401 0.8544554455445544 0.0034423407917383822 0.0019801980198019802
0 0.9492254733218589 0.8544554455445544 0.0051635111876075735 0.0019801980198019802
0 0.9406196213425129 0.8544554455445544 0.0051635111876075735 0.0019801980198019802
0 0.9535283993115319 0.404950495049505 0.0034423407917383822 0.0019801980198019802
0 0.9690189328743546 0.3297029702970297 0.010327022375215147 0.005940594059405941
0 0.9664371772805508 0.3217821782178218 0.008605851979345954 0.005940594059405941
0 0.48967297762478484 0.45544554455445546 0.9793459552495697 0.8712871287128713
0 0.5981067125645438 0.0019801980198019802 0.025817555938037865 0.0039603960396039604
0 0.4423407917383821 0.0029702970297029703 0.11015490533562823 0.005940594059405941
0 0.36919104991394147 0.0019801980198019802 0.025817555938037865 0.0039603960396039604
0 0.3313253012048193 0.0029702970297029703 0.04647160068846816 0.005940594059405941
