0 0.9914893617021276 0.9837728194726166 0.01702127659574468 0.032454361054766734
0 0.5968085106382979 0.934077079107505 0.006382978723404255 0.006085192697768763
0 0.5829787234042553 0.9249492900608519 0.00425531914893617 0.008113590263691683
0 0.5563829787234043 0.907707910750507 0.002127659574468085 0.002028397565922921
0 0.5840425531914893 0.9056795131845842 0.002127659574468085 0.002028397565922921
0 0.5478723404255319 0.9168356997971603 0.010638297872340425 0.04462474645030426
0 0.5638297872340425 0.8914807302231237 0.00851063829787234 0.006085192697768763
0 0.6351063829787233 0.9148073022312373 0.04042553191489362 0.07302231237322515
0 0.48936170212765956 0.936105476673428 0.9787234042553191 0.12778904665314403
0 0.9542553191489361 0.8306288032454361 0.031914893617021274 0.030425963488843813
0 0.0627659574468085 0.8022312373225152 0.08723404255319149 0.04259634888438134
0 0.4127659574468085 0.6440162271805274 0.00851063829787234 0.006085192697768763
0 0.15106382978723404 0.6379310344827587 0.00851063829787234 0.010141987829614604
0 0.20212765957446807 0.6308316430020284 0.03829787234042553 0.02028397565922921
0 0.8095744680851064 0.6186612576064908 0.010638297872340425 0.012170385395537525
0 0.2372340425531915 0.6196754563894523 0.014893617021276596 0.014198782961460446
0 0.28617021276595744 0.6135902636916836 0.06595744680851064 0.030425963488843813
0 0.1723404255319149 0.6054766734279919 0.0425531914893617 0.014198782961460446
0 0.9457446808510638 0.6044624746450304 0.06170212765957447 0.08113590263691683
0 0.9936170212765958 0.7058823529411765 0.01276595744680851 0.2961460446247465
0 0.3776595744680851 0.5567951318458418 0.006382978723404255 0.006085192697768763
0 0.3946808510638298 0.59026369168357 0.7340425531914894 0.10547667342799188
0 0.42872340425531913 0.5314401622718052 0.010638297872340425 0.004056795131845842
0 0.6382978723404256 0.44726166328600403 0.00425531914893617 0.002028397565922921
0 0.33617021276595743 0.3316430020283976 0.02127659574468085 0.014198782961460446
0 0.12659574468085105 0.3265720081135903 0.023404255319148935 0.016227180527383367
0 0.6851063829787234 0.3093306288032454 0.01702127659574468 0.010141987829614604
0 0.5 0.30831643002028397 0.01702127659574468 0.012170385395537525
0 0.2351063829787234 0.3022312373225152 0.010638297872340425 0.008113590263691683
0 0.7042553191489361 0.2971602434077079 0.00425531914893617 0.006085192697768763
0 0.9712765957446808 0.3509127789046653 0.014893617021276596 0.11764705882352941
0 0.4808510638297872 0.29411764705882354 0.00425531914893617 0.004056795131845842
0 0.5638297872340425 0.29107505070993916 0.02553191489361702 0.014198782961460446
0 0.6212765957446809 0.29107505070993916 0.08085106382978724 0.018255578093306288
0 0.5308510638297872 0.2870182555780933 0.019148936170212766 0.010141987829614604
0 0.17127659574468085 0.28093306288032455 0.010638297872340425 0.010141987829614604
0 0.32553191489361705 0.29006085192697767 0.029787234042553193 0.032454361054766734
0 0.20851063829787234 0.295131845841785 0.17446808510638298 0.05070993914807302
0 0.324468085106383 0.2413793103448276 0.006382978723404255 0.004056795131845842
0 0.3882978723404255 0.37829614604462475 0.7297872340425532 0.29411764705882354
0 0.3638297872340426 0.2210953346855984 0.00851063829787234 0.008113590263691683
0 0.2648936170212766 0.21805273833671399 0.006382978723404255 0.002028397565922921
0 0.42340425531914894 0.2210953346855984 0.02553191489361702 0.016227180527383367
0 0.9670212765957447 0.19776876267748478 0.002127659574468085 0.002028397565922921
0 0.46382978723404256 0.18661257606490872 0.00425531914893617 0.004056795131845842
0 0.3638297872340426 0.1845841784989858 0.00425531914893617 0.004056795131845842
0 0.41914893617021276 0.19168356997971603 0.03829787234042553 0.038539553752535496
0 0.1127659574468085 0.14705882352941177 0.02553191489361702 0.018255578093306288
0 0.7191489361702128 0.13387423935091278 0.00425531914893617 0.004056795131845842
0 0.11914893617021277 0.13387423935091278 0.00425531914893617 0.004056795131845842
0 0.6563829787234042 0.13184584178498987 0.006382978723404255 0.004056795131845842
0 0.3617021276595745 0.1257606490872211 0.01702127659574468 0.008113590263691683
0 0.5702127659574469 0.11764705882352941 0.00425531914893617 0.004056795131845842
0 0.698936170212766 0.11561866125760649 0.006382978723404255 0.012170385395537525
0 0.575531914893617 0.08417849898580122 0.006382978723404255 0.002028397565922921
0 0.6680851063829787 0.037525354969574036 0.05106382978723404 0.030425963488843813
0 0.7191489361702128 0.0720081135902637 0.05531914893617021 0.10344827586206896
0 0.9776595744680852 0.07403651115618662 0.027659574468085105 0.11156186612576065
0 0.2872340425531915 0.0872210953346856 0.574468085106383 0.15821501014198783
