0 0.7506426735218509 0.9283018867924528 0.09254498714652956 0.0830188679245283
0 0.7300771208226221 0.8754716981132076 0.03598971722365039 0.007547169811320755
0 0.8200514138817481 0.9188679245283019 0.10796915167095116 0.10943396226415095
0 0.9370179948586118 0.8830188679245283 0.033419023136246784 0.0830188679245283
0 0.07969151670951156 0.7754716981132076 0.02056555269922879 0.07924528301886792
0 0.028277634961439587 0.7773584905660378 0.056555269922879174 0.12075471698113208
0 0.002570694087403599 0.7113207547169811 0.005141388174807198 0.026415094339622643
0 0.07583547557840617 0.6811320754716981 0.002570694087403599 0.0037735849056603774
0 0.16323907455012854 0.7396226415094339 0.08997429305912596 0.19622641509433963
0 0.03598971722365039 0.5792452830188679 0.03598971722365039 0.011320754716981131
0 0.042416452442159386 0.560377358490566 0.007712082262210797 0.011320754716981131
0 0.02442159383033419 0.5377358490566038 0.04884318766066838 0.018867924528301886
0 0.02570694087403599 0.29056603773584905 0.05141388174807198 0.4528301886792453
0 0.5282776349614395 0.5 0.9434447300771208 1.0
