0 0.45233968804159447 0.9991039426523297 0.0034662045060658577 0.0017921146953405018
0 0.4826689774696707 0.9982078853046595 0.019064124783362217 0.0035842293906810036
0 0.6057192374350087 0.9973118279569892 0.008665511265164644 0.005376344086021506
0 0.6672443674176777 0.989247311827957 0.03119584055459272 0.021505376344086023
0 0.4913344887348354 0.9865591397849462 0.17157712305025996 0.026881720430107527
0 0.9878682842287695 0.8315412186379928 0.024263431542461005 0.08602150537634409
0 0.3596187175043328 0.8449820788530465 0.6637781629116117 0.2132616487455197
0 0.37694974003466203 0.732078853046595 0.6013864818024264 0.01971326164874552
0 0.2824956672443674 0.6362007168458781 0.03119584055459272 0.014336917562724014
0 0.2512998266897747 0.6272401433691757 0.024263431542461005 0.014336917562724014
0 0.23310225303292895 0.6182795698924731 0.005199306759098787 0.007168458781362007
0 0.21403812824956672 0.6102150537634409 0.01559792027729636 0.012544802867383513
0 0.5623916811091855 0.34408602150537637 0.2512998266897747 0.010752688172043012
0 0.45493934142114384 0.30286738351254483 0.005199306759098787 0.0035842293906810036
0 0.354419410745234 0.3010752688172043 0.005199306759098787 0.0035842293906810036
0 0.6889081455805892 0.27508960573476704 0.0017331022530329288 0.0017921146953405018
0 0.06759098786828423 0.267921146953405 0.0034662045060658577 0.0017921146953405018
0 0.511265164644714 0.38530465949820786 0.9774696707105719 0.6774193548387096
