0 0.68359375 0.9923664122137404 0.013020833333333334 0.015267175572519083
0 0.3932291666666667 0.9904580152671756 0.005208333333333333 0.019083969465648856
0 0.7408854166666666 0.9599236641221374 0.0026041666666666665 0.003816793893129771
0 0.7135416666666666 0.9656488549618321 0.015625 0.015267175572519083
0 0.5572916666666666 0.9751908396946565 0.026041666666666668 0.04961832061068702
0 0.4973958333333333 0.9751908396946565 0.041666666666666664 0.04961832061068702
0 0.4427083333333333 0.9751908396946565 0.041666666666666664 0.04961832061068702
0 0.69921875 0.9446564885496184 0.0026041666666666665 0.003816793893129771
0 0.6666666666666666 0.9713740458015268 0.020833333333333332 0.05725190839694656
0 0.7669270833333334 0.9637404580152672 0.0078125 0.07251908396946564
0 0.58984375 0.9580152671755725 0.10677083333333333 0.08396946564885496
0 0.7916666666666666 0.9522900763358778 0.046875 0.09541984732824428
0 0.01171875 0.8358778625954199 0.0234375 0.022900763358778626
0 0.009114583333333334 0.8110687022900763 0.018229166666666668 0.011450381679389313
0 0.3880208333333333 0.666030534351145 0.005208333333333333 0.003816793893129771
0 0.23307291666666666 0.5591603053435115 0.0078125 0.003816793893129771
0 0.00390625 0.4961832061068702 0.0078125 0.007633587786259542
0 0.42578125 0.4732824427480916 0.0546875 0.007633587786259542
0 0.24739583333333334 0.4713740458015267 0.005208333333333333 0.003816793893129771
0 0.14713541666666666 0.4713740458015267 0.18489583333333334 0.019083969465648856
0 0.12630208333333334 0.42938931297709926 0.028645833333333332 0.003816793893129771
0 0.10677083333333333 0.42938931297709926 0.005208333333333333 0.003816793893129771
0 0.07682291666666667 0.4312977099236641 0.033854166666666664 0.007633587786259542
0 0.3971354166666667 0.3549618320610687 0.0078125 0.007633587786259542
0 0.08333333333333333 0.3530534351145038 0.005208333333333333 0.003816793893129771
0 0.4466145833333333 0.33396946564885494 0.0078125 0.003816793893129771
0 0.07942708333333333 0.2729007633587786 0.0078125 0.003816793893129771
0 0.06640625 0.2729007633587786 0.0026041666666666665 0.003816793893129771
0 0.09505208333333333 0.23091603053435114 0.0078125 0.003816793893129771
0 0.06901041666666667 0.23091603053435114 0.0234375 0.003816793893129771
0 0.2513020833333333 0.19083969465648856 0.0078125 0.007633587786259542
0 0.22135416666666666 0.19083969465648856 0.03125 0.007633587786259542
0 0.125 0.19083969465648856 0.15104166666666666 0.015267175572519083
0 0.3229166666666667 0.13358778625954199 0.005208333333333333 0.007633587786259542
0 0.140625 0.1297709923664122 0.1875 0.08396946564885496
0 0.5208333333333334 0.4541984732824427 0.9322916666666666 0.8702290076335878
0 0.7630208333333334 0.011450381679389313 0.057291666666666664 0.022900763358778626
0 0.6666666666666666 0.003816793893129771 0.026041666666666668 0.007633587786259542
0 0.64453125 0.0019083969465648854 0.0078125 0.003816793893129771
0 0.48828125 0.003816793893129771 0.028645833333333332 0.007633587786259542
0 0.4375 0.0057251908396946565 0.010416666666666666 0.011450381679389313
0 0.4856770833333333 0.02862595419847328 0.2734375 0.05725190839694656
