0 0.48414376321353064 0.9972451790633609 0.008456659619450317 0.005509641873278237
0 0.5169133192389006 0.9944903581267218 0.052854122621564484 0.011019283746556474
0 0.40274841437632136 0.9944903581267218 0.019027484143763214 0.011019283746556474
0 0.36363636363636365 0.990358126721763 0.042283298097251586 0.01928374655647383
0 0.3181818181818182 0.9889807162534435 0.023255813953488372 0.02203856749311295
0 0.2526427061310782 0.9628099173553719 0.023255813953488372 0.030303030303030304
0 0.7864693446088795 0.7988980716253443 0.004228329809725159 0.005509641873278237
0 0.7706131078224101 0.7961432506887053 0.006342494714587738 0.005509641873278237
0 0.7621564482029598 0.7892561983471075 0.02748414376321353 0.013774104683195593
0 0.7642706131078224 0.7603305785123967 0.035940803382663845 0.02203856749311295
0 0.7632135306553911 0.7396694214876033 0.03805496828752643 0.013774104683195593
0 0.7547568710359408 0.7107438016528925 0.008456659619450317 0.005509641873278237
0 0.7621564482029598 0.6928374655647382 0.02748414376321353 0.008264462809917356
0 0.7716701902748414 0.6749311294765841 0.02536997885835095 0.005509641873278237
0 0.985200845665962 0.7727272727272727 0.02959830866807611 0.349862258953168
0 0.9915433403805497 0.5523415977961432 0.016913319238900635 0.0743801652892562
0 0.46617336152219874 0.028925619834710745 0.0021141649048625794 0.0027548209366391185
0 0.4175475687103594 0.028925619834710745 0.006342494714587738 0.0027548209366391185
0 0.3953488372093023 0.026170798898071626 0.004228329809725159 0.0027548209366391185
0 0.34460887949260044 0.02203856749311295 0.03805496828752643 0.005509641873278237
0 0.5 0.4903581267217631 1.0 0.9476584022038568
0 0.44714587737843553 0.023415977961432508 0.02748414376321353 0.01928374655647383
0 0.5232558139534884 0.01790633608815427 0.052854122621564484 0.03581267217630854
0 0.492600422832981 0.013774104683195593 0.012684989429175475 0.027548209366391185
0 0.41226215644820297 0.006887052341597796 0.012684989429175475 0.013774104683195593
0 0.37209302325581395 0.005509641873278237 0.03805496828752643 0.011019283746556474
0 0.3298097251585624 0.004132231404958678 0.008456659619450317 0.008264462809917356
0 0.28858350951374206 0.011019283746556474 0.02748414376321353 0.02203856749311295
