0 0.4644808743169399 0.9738955823293173 0.03278688524590164 0.04417670682730924
0 0.44398907103825136 0.929718875502008 0.01366120218579235 0.028112449799196786
0 0.4672131147540984 0.9196787148594378 0.02185792349726776 0.024096385542168676
0 0.2937158469945355 0.9377510040160643 0.030054644808743168 0.07630522088353414
0 0.24726775956284153 0.9377510040160643 0.05737704918032787 0.07630522088353414
0 0.18579234972677597 0.9377510040160643 0.03278688524590164 0.07630522088353414
0 0.41939890710382516 0.9477911646586346 0.05191256830601093 0.10441767068273092
0 0.430327868852459 0.9016064257028112 0.01366120218579235 0.020080321285140562
0 0.9521857923497268 0.4718875502008032 0.09562841530054644 0.7831325301204819
0 0.4521857923497268 0.45180722891566266 0.9043715846994536 0.7911646586345381
0 0.47404371584699456 0.024096385542168676 0.08469945355191257 0.04819277108433735
0 0.3333333333333333 0.008032128514056224 0.01639344262295082 0.01606425702811245
0 0.2923497267759563 0.008032128514056224 0.02185792349726776 0.01606425702811245
0 0.24316939890710382 0.006024096385542169 0.01639344262295082 0.012048192771084338
