0 0.10706860706860707 0.9850543478260869 0.1600831600831601 0.029891304347826088
0 0.12993762993762994 0.9605978260869565 0.002079002079002079 0.002717391304347826
0 0.10706860706860707 0.9375 0.002079002079002079 0.005434782608695652
0 0.17151767151767153 0.9524456521739131 0.06444906444906445 0.04076086956521739
0 0.0841995841995842 0.9307065217391305 0.010395010395010396 0.01358695652173913
0 0.0031185031185031187 0.7432065217391305 0.006237006237006237 0.008152173913043478
0 0.0010395010395010396 0.7255434782608695 0.002079002079002079 0.005434782608695652
0 0.002079002079002079 0.7146739130434783 0.004158004158004158 0.005434782608695652
0 0.0031185031185031187 0.563858695652174 0.006237006237006237 0.002717391304347826
0 0.7848232848232848 0.5448369565217391 0.006237006237006237 0.002717391304347826
0 0.7713097713097713 0.5448369565217391 0.008316008316008316 0.002717391304347826
0 0.7525987525987526 0.5434782608695652 0.008316008316008316 0.005434782608695652
0 0.7245322245322245 0.5421195652173914 0.002079002079002079 0.002717391304347826
0 0.581081081081081 0.019021739130434784 0.014553014553014554 0.03804347826086957
0 0.5550935550935551 0.017663043478260868 0.004158004158004158 0.035326086956521736
0 0.5051975051975052 0.01358695652173913 0.06652806652806653 0.02717391304347826
0 0.5 0.5 1.0 1.0
