0 0.7040229885057471 0.9140625 0.005747126436781609 0.003125
0 0.6637931034482759 0.909375 0.017241379310344827 0.01875
0 0.7270114942528736 0.9140625 0.04597701149425287 0.034375
0 0.6853448275862069 0.8875 0.008620689655172414 0.00625
0 0.6867816091954023 0.8546875 0.005747126436781609 0.003125
0 0.6580459770114943 0.8515625 0.011494252873563218 0.009375
0 0.8160919540229885 0.8203125 0.017241379310344827 0.009375
0 0.6350574712643678 0.7859375 0.005747126436781609 0.009375
0 0.6939655172413793 0.746875 0.09482758620689655 0.05
0 0.8045977011494253 0.69375 0.028735632183908046 0.025
0 0.014367816091954023 0.378125 0.011494252873563218 0.00625
0 0.05603448275862069 0.3203125 0.008620689655172414 0.003125
0 0.017241379310344827 0.3203125 0.017241379310344827 0.009375
0 0.015804597701149427 0.3046875 0.014367816091954023 0.009375
0 0.017241379310344827 0.2890625 0.022988505747126436 0.009375
0 0.5 0.5234375 1.0 0.871875
0 0.6494252873563219 0.0671875 0.011494252873563218 0.009375
0 0.6120689655172413 0.0625 0.022988505747126436 0.01875
0 0.4755747126436782 0.046875 0.0028735632183908046 0.0125
0 0.4051724137931034 0.0484375 0.005747126436781609 0.015625
0 0.5876436781609196 0.0375 0.008620689655172414 0.01875
0 0.367816091954023 0.025 0.005747126436781609 0.0125
0 0.4410919540229885 0.0328125 0.008620689655172414 0.040625
0 0.6408045977011494 0.0109375 0.005747126436781609 0.003125
0 0.47701149425287354 0.0171875 0.017241379310344827 0.034375
0 0.4339080459770115 0.0046875 0.011494252873563218 0.009375
0 0.40660919540229884 0.009375 0.008620689655172414 0.01875
