0 0.43103448275862066 0.996875 0.017241379310344827 0.00625
0 0.3692528735632184 0.996875 0.02586206896551724 0.00625
0 0.7658045977011494 0.8953125 0.014367816091954023 0.003125
0 0.6896551724137931 0.8703125 0.011494252873563218 0.009375
0 0.8232758620689655 0.8765625 0.03735632183908046 0.046875
0 0.7068965517241379 0.8515625 0.005747126436781609 0.003125
0 0.8649425287356322 0.8265625 0.017241379310344827 0.015625
0 0.7140804597701149 0.7109375 0.08908045977011494 0.053125
0 0.01293103448275862 0.3109375 0.02586206896551724 0.009375
0 0.011494252873563218 0.296875 0.022988505747126436 0.00625
0 0.8218390804597702 0.24375 0.011494252873563218 0.00625
0 0.8074712643678161 0.221875 0.05172413793103448 0.03125
0 0.5 0.5078125 1.0 0.834375
0 0.6307471264367817 0.0640625 0.008620689655172414 0.009375
0 0.5919540229885057 0.0578125 0.022988505747126436 0.021875
0 0.45545977011494254 0.0375 0.0028735632183908046 0.01875
0 0.35344827586206895 0.034375 0.005747126436781609 0.0125
0 0.5660919540229885 0.0328125 0.005747126436781609 0.015625
0 0.34770114942528735 0.015625 0.005747126436781609 0.0125
0 0.6221264367816092 0.003125 0.008620689655172414 0.00625
0 0.45545977011494254 0.0125 0.020114942528735632 0.025
0 0.41954022988505746 0.021875 0.011494252873563218 0.04375
0 0.382183908045977 0.0234375 0.005747126436781609 0.046875
