0 0.3765527950310559 0.9979035639412998 0.004658385093167702 0.0041928721174004195
0 0.4440993788819876 0.9968553459119497 0.006211180124223602 0.006289308176100629
0 0.40062111801242234 0.9968553459119497 0.006211180124223602 0.006289308176100629
0 0.9433229813664596 0.740041928721174 0.010869565217391304 0.0041928721174004195
0 0.9324534161490683 0.7117400419287212 0.010869565217391304 0.006289308176100629
0 0.9340062111801242 0.70020964360587 0.007763975155279503 0.0041928721174004195
0 0.9456521739130435 0.6865828092243187 0.012422360248447204 0.0020964360587002098
0 0.9402173913043478 0.6593291404612159 0.026397515527950312 0.006289308176100629
0 0.9324534161490683 0.6488469601677149 0.010869565217391304 0.006289308176100629
0 0.922360248447205 0.6247379454926625 0.003105590062111801 0.0041928721174004195
0 0.9340062111801242 0.3710691823899371 0.004658385093167702 0.008385744234800839
0 0.9347826086956522 0.3438155136268344 0.006211180124223602 0.0041928721174004195
0 0.9347826086956522 0.3333333333333333 0.006211180124223602 0.008385744234800839
0 0.9464285714285714 0.25052410901467503 0.0015527950310559005 0.0020964360587002098
0 0.9402173913043478 0.2379454926624738 0.0015527950310559005 0.0020964360587002098
0 0.013198757763975156 0.09853249475890985 0.013975155279503106 0.008385744234800839
0 0.4968944099378882 0.5062893081761006 0.9937888198757764 0.8658280922431866
0 0.4937888198757764 0.050314465408805034 0.003105590062111801 0.0041928721174004195
0 0.5263975155279503 0.040880503144654086 0.012422360248447204 0.010482180293501049
0 0.5232919254658385 0.025157232704402517 0.012422360248447204 0.008385744234800839
0 0.34937888198757766 0.03459119496855346 0.015527950310559006 0.0440251572327044
0 0.422360248447205 0.03039832285115304 0.015527950310559006 0.0440251572327044
0 0.3889751552795031 0.03249475890985325 0.03571428571428571 0.04821802935010482
0 0.5675465838509317 0.03563941299790356 0.03260869565217391 0.07127882599580712
0 0.4906832298136646 0.0041928721174004195 0.006211180124223602 0.008385744234800839
0 0.3951863354037267 0.041928721174004195 0.16925465838509315 0.08385744234800839
