0 0.5183727034120735 0.9942307692307693 0.007874015748031496 0.011538461538461539
0 0.5039370078740157 0.9673076923076923 0.005249343832020997 0.0038461538461538464
0 0.5249343832020997 0.9730769230769231 0.010498687664041995 0.023076923076923078
0 0.47244094488188976 0.9769230769230769 0.010498687664041995 0.03076923076923077
0 0.36351706036745407 0.9788461538461538 0.028871391076115485 0.04230769230769231
0 0.30446194225721784 0.975 0.047244094488188976 0.05
0 0.24803149606299213 0.9730769230769231 0.028871391076115485 0.05384615384615385
0 0.6128608923884514 0.9711538461538461 0.013123359580052493 0.057692307692307696
0 0.5826771653543307 0.9384615384615385 0.005249343832020997 0.007692307692307693
0 0.31496062992125984 0.9461538461538461 0.27296587926509186 0.1076923076923077
0 0.8070866141732284 0.8942307692307693 0.04461942257217848 0.011538461538461539
0 0.9094488188976378 0.8942307692307693 0.007874015748031496 0.019230769230769232
0 0.7585301837270341 0.8903846153846153 0.03674540682414698 0.011538461538461539
0 0.6916010498687664 0.8846153846153846 0.03412073490813648 0.007692307692307693
0 0.41863517060367456 0.8442307692307692 0.06036745406824147 0.03461538461538462
0 0.4343832020997375 0.8038461538461539 0.03412073490813648 0.038461538461538464
0 0.43963254593175854 0.7576923076923077 0.023622047244094488 0.038461538461538464
0 0.2559055118110236 0.7769230769230769 0.03412073490813648 0.09230769230769231
0 0.6745406824146981 0.6615384615384615 0.005249343832020997 0.007692307692307693
0 0.6509186351706037 0.6615384615384615 0.005249343832020997 0.007692307692307693
0 0.652230971128609 0.6403846153846153 0.0026246719160104987 0.0038461538461538464
0 0.04461942257217848 0.7326923076923076 0.04199475065616798 0.19615384615384615
0 0.051181102362204724 0.625 0.0026246719160104987 0.011538461538461539
0 0.42782152230971127 0.6134615384615385 0.015748031496062992 0.011538461538461539
0 0.6141732283464567 0.5942307692307692 0.005249343832020997 0.0038461538461538464
0 0.699475065616798 0.5942307692307692 0.013123359580052493 0.011538461538461539
0 0.541994750656168 0.5942307692307692 0.007874015748031496 0.011538461538461539
0 0.5538057742782152 0.573076923076923 0.005249343832020997 0.007692307692307693
0 0.531496062992126 0.5711538461538461 0.007874015748031496 0.011538461538461539
0 0.4238845144356955 0.5807692307692308 0.028871391076115485 0.03076923076923077
0 0.7860892388451444 0.41923076923076924 0.007874015748031496 0.007692307692307693
0 0.38320209973753283 0.4480769230769231 0.047244094488188976 0.08076923076923077
0 0.9724409448818898 0.5826923076923077 0.05511811023622047 0.6346153846153846
0 0.9750656167979003 0.1596153846153846 0.049868766404199474 0.17307692307692307
0 0.47506561679790027 0.32884615384615384 0.8976377952755905 0.573076923076923
0 0.6010498687664042 0.038461538461538464 0.010498687664041995 0.023076923076923078
0 0.536745406824147 0.023076923076923078 0.0026246719160104987 0.007692307692307693
0 0.4881889763779528 0.01730769230769231 0.031496062992125984 0.019230769230769232
0 0.5170603674540682 0.013461538461538462 0.026246719160104987 0.026923076923076925
0 0.46194225721784776 0.009615384615384616 0.005249343832020997 0.019230769230769232
0 0.3083989501312336 0.019230769230769232 0.2650918635170604 0.038461538461538464
