0 0.7354788069073783 0.7383474576271186 0.01098901098901099 0.006355932203389831
0 0.6624803767660911 0.6991525423728814 0.015698587127158554 0.0211864406779661
0 0.6616954474097331 0.6726694915254238 0.0015698587127158557 0.00211864406779661
0 0.012558869701726845 0.4565677966101695 0.0031397174254317113 0.006355932203389831
0 0.6499215070643642 0.4449152542372881 0.015698587127158554 0.025423728813559324
0 0.35243328100470955 0.4406779661016949 0.02040816326530612 0.025423728813559324
0 0.6695447409733124 0.4216101694915254 0.01098901098901099 0.0211864406779661
0 0.48665620094191525 0.211864406779661 0.009419152276295133 0.01694915254237288
0 0.41365777080062793 0.2076271186440678 0.01098901098901099 0.03389830508474576
0 0.41601255886970173 0.1483050847457627 0.006279434850863423 0.00847457627118644
0 0.3328100470957614 0.13877118644067796 0.0031397174254317113 0.00211864406779661
0 0.3563579277864992 0.13559322033898305 0.006279434850863423 0.00423728813559322
0 0.4317111459968603 0.13241525423728814 0.012558869701726845 0.048728813559322036
0 0.4599686028257457 0.11546610169491525 0.02511773940345369 0.023305084745762712
0 0.23312401883830455 0.1016949152542373 0.004709576138147566 0.00423728813559322
0 0.34850863422291994 0.10699152542372882 0.06907378335949764 0.02754237288135593
0 0.5 0.5095338983050848 1.0 0.8665254237288136
0 0.5816326530612245 0.036016949152542374 0.007849293563579277 0.00847457627118644
0 0.45604395604395603 0.037076271186440676 0.004709576138147566 0.014830508474576272
0 0.4301412872841444 0.03072033898305085 0.006279434850863423 0.02754237288135593
0 0.40580847723704866 0.02754237288135593 0.007849293563579277 0.03389830508474576
0 0.4764521193092622 0.0211864406779661 0.01098901098901099 0.029661016949152543
0 0.631083202511774 0.03283898305084746 0.012558869701726845 0.06567796610169492
0 0.6130298273155416 0.03283898305084746 0.007849293563579277 0.06567796610169492
0 0.4489795918367347 0.038135593220338986 0.1695447409733124 0.07627118644067797
