0 0.5092592592592593 0.9922480620155039 0.013227513227513227 0.015503875968992248
0 0.5277777777777778 0.9903100775193798 0.018518518518518517 0.01937984496124031
0 0.4775132275132275 0.9903100775193798 0.013227513227513227 0.01937984496124031
0 0.36772486772486773 0.9903100775193798 0.026455026455026454 0.01937984496124031
0 0.30952380952380953 0.9844961240310077 0.047619047619047616 0.031007751937984496
0 0.25132275132275134 0.9825581395348837 0.031746031746031744 0.03488372093023256
0 0.6044973544973545 0.9767441860465116 0.05026455026455026 0.046511627906976744
0 0.3201058201058201 0.9554263565891473 0.2804232804232804 0.08914728682170543
0 0.9775132275132276 0.875968992248062 0.04497354497354497 0.09302325581395349
0 0.996031746031746 0.8158914728682171 0.007936507936507936 0.011627906976744186
0 0.3002645502645503 0.8294573643410853 0.03439153439153439 0.09302325581395349
0 0.9973544973544973 0.7693798449612403 0.005291005291005291 0.011627906976744186
0 0.9973544973544973 0.748062015503876 0.005291005291005291 0.007751937984496124
0 0.996031746031746 0.43992248062015504 0.007936507936507936 0.011627906976744186
0 0.003968253968253968 0.4011627906976744 0.007936507936507936 0.003875968992248062
0 0.9973544973544973 0.4011627906976744 0.005291005291005291 0.011627906976744186
0 0.006613756613756613 0.22868217054263565 0.013227513227513227 0.023255813953488372
0 0.9682539682539683 0.22868217054263565 0.015873015873015872 0.06201550387596899
0 0.9656084656084656 0.09302325581395349 0.005291005291005291 0.007751937984496124
0 0.9867724867724867 0.17248062015503876 0.026455026455026454 0.1744186046511628
0 0.4642857142857143 0.4844961240310077 0.9285714285714286 0.8914728682170543
0 0.5859788359788359 0.03294573643410853 0.05026455026455026 0.06589147286821706
0 0.49867724867724866 0.015503875968992248 0.0873015873015873 0.031007751937984496
0 0.3055555555555556 0.023255813953488372 0.2777777777777778 0.046511627906976744
