0 0.6507666098807495 0.9973637961335676 0.010221465076660987 0.005272407732864675
0 0.15928449744463374 0.7363796133567663 0.005110732538330494 0.0035149384885764497
0 0.989778534923339 0.056239015817223195 0.0068143100511073255 0.0035149384885764497
0 0.5093696763202725 0.5043936731107206 0.9812606473594548 0.9068541300527241
0 0.6030664395229983 0.012302284710017574 0.0068143100511073255 0.007029876977152899
0 0.5817717206132879 0.009666080843585237 0.005110732538330494 0.005272407732864675
0 0.6695059625212947 0.020210896309314587 0.0068143100511073255 0.040421792618629174
0 0.610732538330494 0.0017574692442882249 0.005110732538330494 0.0035149384885764497
0 0.5110732538330494 0.013181019332161687 0.013628620102214651 0.026362038664323375
0 0.47103918228279384 0.014938488576449912 0.015332197614991482 0.029876977152899824
0 0.4403747870528109 0.014938488576449912 0.01192504258943782 0.029876977152899824
0 0.4846678023850085 0.02460456942003515 0.16524701873935263 0.0492091388400703
