0 0.4768976897689769 0.9991467576791809 0.0033003300330033004 0.0017064846416382253
0 0.5470297029702971 0.9974402730375427 0.0049504950495049506 0.005119453924914676
0 0.5858085808580858 0.9965870307167235 0.009900990099009901 0.006825938566552901
0 0.5643564356435643 0.9931740614334471 0.006600660066006601 0.0034129692832764505
0 0.8382838283828383 0.7585324232081911 0.006600660066006601 0.005119453924914676
0 0.8184818481848185 0.7585324232081911 0.009900990099009901 0.005119453924914676
0 0.948019801980198 0.7559726962457338 0.0049504950495049506 0.0034129692832764505
0 0.20462046204620463 0.7414675767918089 0.0033003300330033004 0.0017064846416382253
0 0.1773927392739274 0.7406143344709898 0.0049504950495049506 0.0034129692832764505
0 0.054455445544554455 0.7372013651877133 0.006600660066006601 0.006825938566552901
0 0.4966996699669967 0.841296928327645 0.9933993399339934 0.23208191126279865
0 0.12788778877887788 0.6117747440273038 0.018151815181518153 0.015358361774744027
0 0.5 0.3430034129692833 1.0 0.6177474402730375
0 0.6155115511551155 0.006825938566552901 0.0033003300330033004 0.013651877133105802
0 0.45874587458745875 0.0034129692832764505 0.0033003300330033004 0.006825938566552901
0 0.4166666666666667 0.005119453924914676 0.00825082508250825 0.010238907849829351
0 0.3927392739273927 0.004266211604095563 0.0033003300330033004 0.008532423208191127
0 0.43316831683168316 0.013651877133105802 0.16006600660066006 0.027303754266211604
