0 0.44434137291280146 0.9953271028037384 0.0055658627087198514 0.009345794392523364
0 0.4647495361781076 0.9937694704049844 0.016697588126159554 0.012461059190031152
0 0.3645640074211503 0.9937694704049844 0.012987012987012988 0.012461059190031152
0 0.3181818181818182 0.9906542056074766 0.027829313543599257 0.018691588785046728
0 0.2764378478664193 0.9890965732087228 0.022263450834879406 0.021806853582554516
0 0.40630797773654914 0.9844236760124611 0.03710575139146568 0.03115264797507788
0 0.310760667903525 0.9595015576323987 0.016697588126159554 0.006230529595015576
0 0.24675324675324675 0.9735202492211839 0.03710575139146568 0.0529595015576324
0 0.9944341372912802 0.8535825545171339 0.011131725417439703 0.06230529595015576
0 0.9990723562152134 0.7975077881619937 0.0018552875695732839 0.006230529595015576
0 0.9972170686456401 0.7679127725856698 0.0055658627087198514 0.009345794392523364
0 0.9972170686456401 0.7305295950155763 0.0055658627087198514 0.009345794392523364
0 0.9962894248608535 0.6962616822429907 0.0074211502782931356 0.01557632398753894
0 0.9962894248608535 0.660436137071651 0.0074211502782931356 0.018691588785046728
0 0.9953617810760668 0.6230529595015576 0.00927643784786642 0.018691588785046728
0 0.9962894248608535 0.5872274143302181 0.0074211502782931356 0.01557632398753894
0 0.9953617810760668 0.4766355140186916 0.00927643784786642 0.17445482866043613
0 0.9962894248608535 0.37694704049844235 0.0074211502782931356 0.012461059190031152
0 0.9981447124304267 0.3582554517133956 0.0037105751391465678 0.006230529595015576
0 0.9972170686456401 0.3426791277258567 0.0055658627087198514 0.006230529595015576
0 0.9981447124304267 0.3052959501557632 0.0037105751391465678 0.006230529595015576
0 0.9972170686456401 0.27102803738317754 0.0055658627087198514 0.006230529595015576
0 0.9981447124304267 0.235202492211838 0.0037105751391465678 0.003115264797507788
0 0.9990723562152134 0.21962616822429906 0.0018552875695732839 0.003115264797507788
0 0.9972170686456401 0.20093457943925233 0.0055658627087198514 0.009345794392523364
0 0.9981447124304267 0.16355140186915887 0.0037105751391465678 0.003115264797507788
0 0.9981447124304267 0.14641744548286603 0.0037105751391465678 0.006230529595015576
0 0.9990723562152134 0.1292834890965732 0.0018552875695732839 0.003115264797507788
0 0.9953617810760668 0.09345794392523364 0.00927643784786642 0.04361370716510903
0 0.5009276437847866 0.4797507788161994 0.9536178107606679 0.897196261682243
0 0.4962894248608534 0.010903426791277258 0.00927643784786642 0.009345794392523364
0 0.5695732838589982 0.018691588785046728 0.04081632653061224 0.037383177570093455
0 0.5250463821892394 0.00778816199376947 0.014842300556586271 0.01557632398753894
0 0.4805194805194805 0.004672897196261682 0.014842300556586271 0.009345794392523364
0 0.35992578849721707 0.01557632398753894 0.2077922077922078 0.03115264797507788
