0 0.5951742627345844 0.9921568627450981 0.005361930294906166 0.01568627450980392
0 0.43699731903485256 0.9823529411764705 0.021447721179624665 0.03529411764705882
0 0.3900804289544236 0.9823529411764705 0.013404825737265416 0.03529411764705882
0 0.3418230563002681 0.9823529411764705 0.029490616621983913 0.03529411764705882
0 0.31769436997319034 0.9705882352941176 0.013404825737265416 0.011764705882352941
0 0.5536193029490617 0.9803921568627451 0.013404825737265416 0.0392156862745098
0 0.21983914209115282 0.7901960784313725 0.005361930294906166 0.00392156862745098
0 0.0160857908847185 0.8196078431372549 0.032171581769437 0.0784313725490196
0 0.002680965147453083 0.7490196078431373 0.005361930294906166 0.00784313725490196
0 0.22386058981233245 0.7509803921568627 0.013404825737265416 0.0196078431372549
0 0.23190348525469168 0.7058823529411765 0.002680965147453083 0.00784313725490196
0 0.20777479892761394 0.7137254901960784 0.013404825737265416 0.03137254901960784
0 0.21045576407506703 0.6882352941176471 0.002680965147453083 0.00392156862745098
0 0.10455764075067024 0.6294117647058823 0.010723860589812333 0.011764705882352941
0 0.002680965147453083 0.6274509803921569 0.005361930294906166 0.00784313725490196
0 0.10187667560321716 0.6078431372549019 0.005361930294906166 0.00784313725490196
0 0.0013404825737265416 0.6058823529411764 0.002680965147453083 0.00392156862745098
0 0.00804289544235925 0.5901960784313726 0.0160857908847185 0.03529411764705882
0 0.6099195710455764 0.029411764705882353 0.01876675603217158 0.011764705882352941
0 0.3445040214477212 0.0196078431372549 0.013404825737265416 0.01568627450980392
0 0.6568364611260054 0.00784313725490196 0.010723860589812333 0.01568627450980392
0 0.6260053619302949 0.00784313725490196 0.013404825737265416 0.01568627450980392
0 0.5857908847184986 0.0058823529411764705 0.013404825737265416 0.011764705882352941
0 0.47050938337801607 0.011764705882352941 0.00804289544235925 0.023529411764705882
0 0.4061662198391421 0.013725490196078431 0.040214477211796246 0.027450980392156862
0 0.36863270777479895 0.013725490196078431 0.01876675603217158 0.027450980392156862
0 0.5 0.4372549019607843 1.0 0.8745098039215686
