0 0.6820388349514563 0.9857685009487666 0.009708737864077669 0.009487666034155597
0 0.5752427184466019 0.9895635673624289 0.024271844660194174 0.020872865275142316
0 0.5266990291262136 0.9886148007590133 0.009708737864077669 0.022770398481973434
0 0.46116504854368934 0.9867172675521821 0.03398058252427184 0.026565464895635674
0 0.41140776699029125 0.9867172675521821 0.021844660194174758 0.026565464895635674
0 0.8155339805825242 0.9857685009487666 0.014563106796116505 0.028462998102466792
0 0.6298543689320388 0.9848197343453511 0.050970873786407765 0.030360531309297913
0 0.6444174757281553 0.9620493358633776 0.012135922330097087 0.003795066413662239
0 0.49514563106796117 0.961100569259962 0.038834951456310676 0.0018975332068311196
0 0.5728155339805825 0.961100569259962 0.11165048543689321 0.0056925996204933585
0 0.18446601941747573 0.9165085388994307 0.009708737864077669 0.003795066413662239
0 0.1383495145631068 0.9146110056925996 0.06796116504854369 0.007590132827324478
0 0.13470873786407767 0.8984819734345351 0.06553398058252427 0.020872865275142316
0 0.02669902912621359 0.9041745730550285 0.05339805825242718 0.03225806451612903
0 0.027912621359223302 0.8823529411764706 0.055825242718446605 0.007590132827324478
0 0.13470873786407767 0.8823529411764706 0.0703883495145631 0.011385199240986717
0 0.5072815533980582 0.8624288425047438 0.009708737864077669 0.0056925996204933585
0 0.5412621359223301 0.8605313092979127 0.043689320388349516 0.0056925996204933585
0 0.5364077669902912 0.8462998102466793 0.06796116504854369 0.018975332068311195
0 0.027912621359223302 0.8538899430740038 0.055825242718446605 0.04174573055028463
0 0.5182038834951457 0.8301707779886148 0.0412621359223301 0.009487666034155597
0 0.012135922330097087 0.8273244781783681 0.024271844660194174 0.007590132827324478
0 0.6699029126213593 0.8206831119544592 0.009708737864077669 0.0018975332068311196
0 0.010922330097087379 0.8092979127134725 0.021844660194174758 0.017077798861480076
0 0.13349514563106796 0.8330170777988615 0.07766990291262135 0.08349146110056926
0 0.5364077669902912 0.8036053130929791 0.08737864077669903 0.03225806451612903
0 0.13592233009708737 0.7836812144212524 0.08737864077669903 0.011385199240986717
0 0.009708737864077669 0.7808349146110057 0.019417475728155338 0.0056925996204933585
0 0.8762135922330098 0.7656546489563567 0.038834951456310676 0.0056925996204933585
0 0.6286407766990292 0.8529411764705882 0.6699029126213593 0.1840607210626186
0 0.00849514563106796 0.7618595825426945 0.01699029126213592 0.009487666034155597
0 0.12742718446601942 0.7618595825426945 0.08009708737864078 0.013282732447817837
0 0.9514563106796117 0.75426944971537 0.009708737864077669 0.0056925996204933585
0 0.6893203883495146 0.7533206831119544 0.39805825242718446 0.015180265654648957
0 0.11286407766990292 0.7419354838709677 0.050970873786407765 0.011385199240986717
0 0.00849514563106796 0.7409867172675522 0.01699029126213592 0.009487666034155597
0 0.007281553398058253 0.7210626185958254 0.014563106796116505 0.007590132827324478
0 0.10315533980582524 0.722011385199241 0.03640776699029126 0.013282732447817837
0 0.20509708737864077 0.7039848197343453 0.08495145631067962 0.011385199240986717
0 0.014563106796116505 0.7001897533206831 0.02912621359223301 0.011385199240986717
0 0.11407766990291263 0.7011385199240987 0.06796116504854369 0.017077798861480076
0 0.20145631067961164 0.6783681214421252 0.0048543689320388345 0.0018975332068311196
0 0.014563106796116505 0.6793168880455408 0.02912621359223301 0.011385199240986717
0 0.11286407766990292 0.6783681214421252 0.0703883495145631 0.017077798861480076
0 0.25606796116504854 0.6593927893738141 0.0024271844660194173 0.0018975332068311196
0 0.24635922330097088 0.6593927893738141 0.012135922330097087 0.0056925996204933585
0 0.0048543689320388345 0.6584440227703985 0.009708737864077669 0.003795066413662239
0 0.10922330097087378 0.6584440227703985 0.05825242718446602 0.015180265654648957
0 0.9381067961165048 0.6499051233396584 0.007281553398058253 0.0018975332068311196
0 0.9502427184466019 0.6470588235294118 0.012135922330097087 0.011385199240986717
0 0.013349514563106795 0.5588235294117647 0.02669902912621359 0.1650853889943074
0 0.9878640776699029 0.25332068311195444 0.024271844660194174 0.017077798861480076
0 0.9866504854368932 0.1252371916508539 0.012135922330097087 0.003795066413662239
0 0.38228155339805825 0.07495256166982922 0.0024271844660194173 0.0018975332068311196
0 0.5036407766990292 0.40227703984819735 0.9004854368932039 0.6793168880455408
0 0.9902912621359223 0.030360531309297913 0.019417475728155338 0.026565464895635674
0 0.13349514563106796 0.011385199240986717 0.014563106796116505 0.003795066413662239
0 0.08737864077669903 0.008538899430740038 0.019417475728155338 0.0018975332068311196
0 0.038834951456310676 0.008538899430740038 0.024271844660194174 0.0018975332068311196
0 0.9781553398058253 0.008538899430740038 0.043689320388349516 0.017077798861480076
0 0.1662621359223301 0.024667931688804556 0.08009708737864078 0.04933586337760911
