0 0.5586158192090396 0.9960629921259843 0.009887005649717515 0.007874015748031496
0 0.5190677966101694 0.9944881889763779 0.00423728813559322 0.004724409448818898
0 0.4519774011299435 0.9960629921259843 0.011299435028248588 0.007874015748031496
0 0.4201977401129944 0.9944881889763779 0.029661016949152543 0.011023622047244094
0 0.3820621468926554 0.9944881889763779 0.012711864406779662 0.011023622047244094
0 0.5338983050847458 0.989763779527559 0.00847457627118644 0.004724409448818898
0 0.4731638418079096 0.9826771653543307 0.2711864406779661 0.03464566929133858
0 0.3806497175141243 0.9307086614173228 0.00423728813559322 0.0031496062992125984
0 0.020480225988700564 0.9236220472440945 0.007062146892655367 0.0015748031496062992
0 0.9470338983050848 0.9196850393700787 0.00423728813559322 0.0031496062992125984
0 0.1292372881355932 0.9173228346456693 0.0014124293785310734 0.0015748031496062992
0 0.020480225988700564 0.9133858267716536 0.00423728813559322 0.0031496062992125984
0 0.3114406779661017 0.9094488188976378 0.0211864406779661 0.004724409448818898
0 0.1327683615819209 0.9070866141732283 0.005649717514124294 0.0031496062992125984
0 0.1405367231638418 0.8968503937007875 0.015536723163841809 0.007874015748031496
0 0.1426553672316384 0.8889763779527559 0.005649717514124294 0.004724409448818898
0 0.3375706214689266 0.878740157480315 0.002824858757062147 0.0031496062992125984
0 0.12570621468926554 0.8779527559055118 0.002824858757062147 0.0015748031496062992
0 0.9717514124293786 0.8291338582677166 0.005649717514124294 0.0015748031496062992
0 0.9915254237288136 0.5708661417322834 0.005649717514124294 0.004724409448818898
0 0.5 0.49606299212598426 1.0 0.9070866141732283
