0 0.625 0.9961685823754789 0.007894736842105263 0.007662835249042145
0 0.5131578947368421 0.9961685823754789 0.010526315789473684 0.007662835249042145
0 0.46842105263157896 0.9942528735632183 0.010526315789473684 0.011494252873563218
0 0.4263157894736842 0.9942528735632183 0.015789473684210527 0.011494252873563218
0 0.39473684210526316 0.9942528735632183 0.010526315789473684 0.011494252873563218
0 0.3131578947368421 0.7816091954022989 0.010526315789473684 0.007662835249042145
0 0.33157894736842103 0.7164750957854407 0.015789473684210527 0.04597701149425287
0 0.11052631578947368 0.6954022988505747 0.010526315789473684 0.011494252873563218
0 0.29473684210526313 0.6781609195402298 0.021052631578947368 0.007662835249042145
0 0.2013157894736842 0.6781609195402298 0.013157894736842105 0.007662835249042145
0 0.19736842105263158 0.657088122605364 0.010526315789473684 0.011494252873563218
0 0.16973684210526316 0.6379310344827587 0.002631578947368421 0.0038314176245210726
0 0.2026315789473684 0.6398467432950191 0.021052631578947368 0.01532567049808429
0 0.018421052631578946 0.4942528735632184 0.03684210526315789 0.7816091954022989
0 0.6644736842105263 0.07854406130268199 0.018421052631578946 0.011494252873563218
0 0.7105263157894737 0.05747126436781609 0.005263157894736842 0.007662835249042145
0 0.4052631578947368 0.06130268199233716 0.010526315789473684 0.01532567049808429
0 0.675 0.05363984674329502 0.02368421052631579 0.022988505747126436
0 0.6421052631578947 0.040229885057471264 0.015789473684210527 0.034482758620689655
0 0.6855263157894737 0.017241379310344827 0.007894736842105263 0.011494252873563218
0 0.6394736842105263 0.005747126436781609 0.010526315789473684 0.011494252873563218
0 0.5276315789473685 0.032567049808429116 0.02368421052631579 0.06513409961685823
0 0.46578947368421053 0.034482758620689655 0.03684210526315789 0.06896551724137931
0 0.4263157894736842 0.034482758620689655 0.021052631578947368 0.06896551724137931
0 0.4052631578947368 0.005747126436781609 0.010526315789473684 0.011494252873563218
0 0.5184210526315789 0.4482758620689655 0.9631578947368421 0.896551724137931
