0 0.7108262108262108 0.99375 0.014245014245014245 0.0125
0 0.6851851851851852 0.9916666666666667 0.03133903133903134 0.016666666666666666
0 0.10541310541310542 0.8229166666666666 0.017094017094017096 0.0125
0 0.1111111111111111 0.80625 0.017094017094017096 0.0125
0 0.16096866096866097 0.8020833333333334 0.037037037037037035 0.0125
0 0.17094017094017094 0.78125 0.005698005698005698 0.004166666666666667
0 0.10683760683760683 0.78125 0.019943019943019943 0.0125
0 0.039886039886039885 0.8729166666666667 0.07977207977207977 0.19583333333333333
0 0.04700854700854701 0.7645833333333333 0.008547008547008548 0.0125
0 0.11965811965811966 0.75625 0.039886039886039885 0.0125
0 0.11823361823361823 0.7354166666666667 0.042735042735042736 0.0125
0 0.20085470085470086 0.7270833333333333 0.02564102564102564 0.0125
0 0.05698005698005698 0.5208333333333334 0.005698005698005698 0.008333333333333333
0 0.024216524216524215 0.3645833333333333 0.014245014245014245 0.0125
0 0.03561253561253561 0.22291666666666668 0.07122507122507123 0.12916666666666668
0 0.792022792022792 0.00625 0.017094017094017096 0.0125
0 0.7635327635327636 0.010416666666666666 0.011396011396011397 0.020833333333333332
0 0.7150997150997151 0.0020833333333333333 0.005698005698005698 0.004166666666666667
0 0.6908831908831908 0.008333333333333333 0.019943019943019943 0.016666666666666666
0 0.6566951566951567 0.008333333333333333 0.008547008547008548 0.016666666666666666
0 0.5512820512820513 0.016666666666666666 0.014245014245014245 0.03333333333333333
0 0.49145299145299143 0.025 0.042735042735042736 0.05
0 0.4373219373219373 0.027083333333333334 0.042735042735042736 0.05416666666666667
0 0.5427350427350427 0.4875 0.9145299145299145 0.975
