0 0.6504 0.9968652037617555 0.024 0.006269592476489028
0 0.4712 0.9952978056426333 0.168 0.009404388714733543
0 0.1944 0.9231974921630094 0.008 0.003134796238244514
0 0.2296 0.9192789968652038 0.0112 0.007836990595611285
0 0.1856 0.8973354231974922 0.0064 0.004702194357366771
0 0.2088 0.8816614420062696 0.0272 0.02037617554858934
0 0.0008 0.8275862068965517 0.0016 0.02821316614420063
0 0.8536 0.8197492163009404 0.0112 0.01567398119122257
0 0.4192 0.7836990595611285 0.0224 0.003134796238244514
0 0.82 0.7931034482758621 0.0272 0.04075235109717868
0 0.26 0.7735109717868338 0.0048 0.001567398119122257
0 0.2744 0.7727272727272727 0.008 0.003134796238244514
0 0.8328 0.7656739811912225 0.0016 0.001567398119122257
0 0.8208 0.7672413793103449 0.016 0.007836990595611285
0 0.6792 0.7641065830721003 0.0048 0.001567398119122257
0 0.6496 0.7648902821316614 0.0224 0.006269592476489028
0 0.2808 0.762539184952978 0.0112 0.001567398119122257
0 0.268 0.7633228840125392 0.0048 0.003134796238244514
0 0.8616 0.7617554858934169 0.0048 0.003134796238244514
0 0.8224 0.7578369905956113 0.0192 0.004702194357366771
0 0.6744 0.7554858934169278 0.008 0.003134796238244514
0 0.6512 0.7562695924764891 0.0256 0.007836990595611285
0 0.8648 0.7523510971786834 0.0048 0.003134796238244514
0 0.8088 0.75 0.0016 0.001567398119122257
0 0.7472 0.7515673981191222 0.032 0.007836990595611285
0 0.892 0.7484326018808778 0.0144 0.004702194357366771
0 0.8224 0.7484326018808778 0.0128 0.004702194357366771
0 0.9072 0.7460815047021944 0.0064 0.003134796238244514
0 0.9184 0.7445141065830722 0.0032 0.003134796238244514
0 0.7544 0.7429467084639498 0.008 0.003134796238244514
0 0.7384 0.7429467084639498 0.0208 0.006269592476489028
0 0.8248 0.7390282131661442 0.0176 0.004702194357366771
0 0.904 0.7382445141065831 0.032 0.006269592476489028
0 0.456 0.7358934169278997 0.0032 0.001567398119122257
0 0.8768 0.7335423197492164 0.0064 0.003134796238244514
0 0.3096 0.7327586206896551 0.0112 0.001567398119122257
0 0.6312 0.7288401253918495 0.0112 0.003134796238244514
0 0.4408 0.7280564263322884 0.0112 0.001567398119122257
0 0.4176 0.7288401253918495 0.0064 0.003134796238244514
0 0.4048 0.7288401253918495 0.0032 0.003134796238244514
0 0.7464 0.7249216300940439 0.0016 0.001567398119122257
0 0.3224 0.7233542319749217 0.008 0.004702194357366771
0 0.3416 0.7217868338557993 0.008 0.004702194357366771
0 0.4016 0.7202194357366771 0.0256 0.004702194357366771
0 0.4472 0.7170846394984326 0.024 0.004702194357366771
0 0.3472 0.7123824451410659 0.0032 0.001567398119122257
0 0.4144 0.7092476489028213 0.0032 0.001567398119122257
0 0.404 0.7092476489028213 0.0048 0.001567398119122257
0 0.4384 0.7084639498432602 0.0032 0.003134796238244514
0 0.3568 0.70141065830721 0.0096 0.004702194357366771
0 0.424 0.6982758620689655 0.0288 0.004702194357366771
0 0.9176 0.6896551724137931 0.0048 0.003134796238244514
0 0.4256 0.6888714733542319 0.0128 0.004702194357366771
0 0.188 0.6873040752351097 0.0048 0.001567398119122257
0 0.9264 0.6873040752351097 0.0064 0.004702194357366771
0 0.5568 0.8338557993730408 0.8864 0.29780564263322884
0 0.9448 0.6865203761755486 0.0208 0.01567398119122257
0 0.9112 0.6794670846394985 0.0016 0.001567398119122257
0 0.5784 0.6700626959247649 0.0016 0.001567398119122257
0 0.7032 0.6731974921630094 0.0464 0.014106583072100314
0 0.0008 0.6637931034482759 0.0016 0.001567398119122257
0 0.396 0.6590909090909091 0.0016 0.001567398119122257
0 0.4344 0.658307210031348 0.0048 0.003134796238244514
0 0.876 0.6575235109717869 0.0176 0.007836990595611285
0 0.8304 0.6543887147335423 0.0032 0.001567398119122257
0 0.292 0.6528213166144201 0.0016 0.001567398119122257
0 0.3304 0.6512539184952978 0.0336 0.004702194357366771
0 0.3984 0.6496865203761756 0.0256 0.004702194357366771
0 0.8416 0.6434169278996865 0.0032 0.001567398119122257
0 0.8512 0.6512539184952978 0.0256 0.023510971786833857
0 0.0272 0.6159874608150471 0.0096 0.0438871473354232
0 0.8504 0.6136363636363636 0.0592 0.045454545454545456
0 0.152 0.554858934169279 0.0032 0.003134796238244514
0 0.804 0.5031347962382445 0.008 0.009404388714733543
0 0.8504 0.4561128526645768 0.0048 0.003134796238244514
0 0.008 0.4004702194357367 0.016 0.48119122257053293
0 0.8176 0.15830721003134796 0.0096 0.012539184952978056
0 0.9632 0.12225705329153605 0.0032 0.003134796238244514
0 0.8456 0.09952978056426333 0.0048 0.004702194357366771
0 0.9704 0.09717868338557993 0.0592 0.04075235109717868
0 0.8568 0.07915360501567398 0.024 0.0109717868338558
0 0.5184 0.3675548589341693 0.9632 0.6191222570532915
0 0.1304 0.03213166144200627 0.0336 0.0109717868338558
0 0.1136 0.012539184952978056 0.016 0.01567398119122257
0 0.1448 0.007836990595611285 0.008 0.01567398119122257
