0 0.5515806988352745 0.9982817869415808 0.008319467554076539 0.003436426116838488
0 0.2762063227953411 0.9243986254295533 0.0033277870216306157 0.003436426116838488
0 0.015806988352745424 0.770618556701031 0.008319467554076539 0.005154639175257732
0 0.009983361064891847 0.761168384879725 0.0066555740432612314 0.003436426116838488
0 0.9941763727121464 0.7173539518900344 0.011647254575707155 0.005154639175257732
0 0.9908485856905158 0.11769759450171821 0.0016638935108153079 0.001718213058419244
0 0.5 0.506872852233677 1.0 0.9072164948453608
0 0.46422628951747086 0.010309278350515464 0.0066555740432612314 0.020618556701030927
0 0.4209650582362729 0.011168384879725086 0.0066555740432612314 0.022336769759450172
0 0.39767054908485855 0.010309278350515464 0.0033277870216306157 0.020618556701030927
