0 0.6463210702341137 0.9983633387888707 0.02508361204013378 0.0032733224222585926
0 0.451505016722408 0.9967266775777414 0.19063545150501673 0.006546644844517185
0 0.021739130434782608 0.9402618657937807 0.020066889632107024 0.014729950900163666
0 0.04598662207357859 0.9328968903436988 0.0451505016722408 0.03600654664484452
0 0.06856187290969899 0.9148936170212766 0.016722408026755852 0.006546644844517185
0 0.034280936454849496 0.8944353518821604 0.008361204013377926 0.008183306055646482
0 0.030936454849498328 0.7823240589198036 0.03177257525083612 0.006546644844517185
0 0.056856187290969896 0.7782324058919804 0.0033444816053511705 0.0016366612111292963
0 0.13210702341137123 0.7504091653027823 0.11036789297658862 0.008183306055646482
0 0.6413043478260869 0.7471358428805237 0.021739130434782608 0.004909983633387889
0 0.6362876254180602 0.7381342062193126 0.03177257525083612 0.006546644844517185
0 0.8837792642140468 0.734860883797054 0.008361204013377926 0.0032733224222585926
0 0.5058528428093646 0.8584288052373159 0.9882943143812709 0.25040916530278234
0 0.6948160535117057 0.734860883797054 0.008361204013377926 0.0032733224222585926
0 0.5117056856187291 0.7356792144026186 0.0033444816053511705 0.004909983633387889
0 0.7382943143812709 0.7332242225859247 0.048494983277591976 0.006546644844517185
0 0.5777591973244147 0.7307692307692307 0.015050167224080268 0.004909983633387889
0 0.8219063545150501 0.7291325695581015 0.038461538461538464 0.004909983633387889
0 0.7884615384615384 0.7299509001636661 0.02508361204013378 0.006546644844517185
0 0.8545150501672241 0.7266775777414075 0.016722408026755852 0.0032733224222585926
0 0.689799331103679 0.7258592471358429 0.005016722408026756 0.0016366612111292963
0 0.6354515050167224 0.7274959083469722 0.03678929765886288 0.008183306055646482
0 0.0225752508361204 0.7250409165302782 0.01839464882943144 0.006546644844517185
0 0.03762541806020067 0.7217675941080196 0.005016722408026756 0.0032733224222585926
0 0.790133779264214 0.720949263502455 0.18227424749163879 0.014729950900163666
0 0.6387959866220736 0.7168576104746317 0.033444816053511704 0.006546644844517185
0 0.49331103678929766 0.7160392798690671 0.016722408026755852 0.004909983633387889
0 0.5217391304347826 0.7144026186579379 0.010033444816053512 0.004909983633387889
0 0.06354515050167224 0.7405891980360065 0.12709030100334448 0.057283142389525366
0 0.7658862876254181 0.7111292962356792 0.023411371237458192 0.004909983633387889
0 0.7249163879598662 0.7127659574468085 0.051839464882943144 0.008183306055646482
0 0.06939799331103678 0.70949263502455 0.10535117056856187 0.008183306055646482
0 0.882943143812709 0.7054009819967266 0.016722408026755852 0.0032733224222585926
0 0.8336120401337793 0.7078559738134206 0.07859531772575251 0.008183306055646482
0 0.6396321070234113 0.707037643207856 0.04180602006688963 0.009819967266775777
0 0.31438127090301005 0.7144026186579379 0.10033444816053512 0.024549918166939442
0 0.6831103678929766 0.704582651391162 0.038461538461538464 0.008183306055646482
0 0.04431438127090301 0.7004909983633388 0.05518394648829431 0.006546644844517185
0 0.81438127090301 0.6988543371522095 0.026755852842809364 0.006546644844517185
0 0.6463210702341137 0.6963993453355155 0.005016722408026756 0.0016366612111292963
0 0.10033444816053512 0.6972176759410802 0.010033444816053512 0.0032733224222585926
0 0.08444816053511706 0.6980360065466449 0.01839464882943144 0.004909983633387889
0 0.8662207357859532 0.6955810147299509 0.046822742474916385 0.006546644844517185
0 0.6563545150501672 0.6947626841243862 0.008361204013377926 0.004909983633387889
0 0.7876254180602007 0.6890343698854338 0.023411371237458192 0.006546644844517185
0 0.5025083612040134 0.6849427168576104 0.015050167224080268 0.004909983633387889
0 0.0903010033444816 0.6865793780687398 0.1505016722408027 0.014729950900163666
0 0.2048494983277592 0.6800327332242226 0.05518394648829431 0.004909983633387889
0 0.1245819397993311 0.67430441898527 0.21906354515050167 0.016366612111292964
0 0.40301003344481606 0.6579378068739771 0.010033444816053512 0.0032733224222585926
0 0.596989966555184 0.6587561374795418 0.056856187290969896 0.008183306055646482
0 0.2683946488294314 0.6554828150572831 0.0016722408026755853 0.0016366612111292963
0 0.12959866220735786 0.662847790507365 0.225752508361204 0.016366612111292964
0 0.290133779264214 0.6538461538461539 0.0016722408026755853 0.0016366612111292963
0 0.27759197324414714 0.6538461538461539 0.0033444816053511705 0.0016366612111292963
0 0.3010033444816054 0.6530278232405892 0.0033444816053511705 0.0032733224222585926
0 0.34531772575250835 0.6505728314238952 0.07859531772575251 0.008183306055646482
0 0.4289297658862876 0.6456628477905073 0.038461538461538464 0.004909983633387889
0 0.1488294314381271 0.6505728314238952 0.26755852842809363 0.01800327332242226
0 0.3319397993311037 0.7135842880523732 0.4498327759197324 0.14729950900163666
0 0.5484949832775919 0.6399345335515548 0.006688963210702341 0.0032733224222585926
0 0.5317725752508361 0.6407528641571195 0.013377926421404682 0.004909983633387889
0 0.6178929765886287 0.6366612111292962 0.005016722408026756 0.0032733224222585926
0 0.3302675585284281 0.6391162029459901 0.06521739130434782 0.008183306055646482
0 0.39381270903010035 0.6366612111292962 0.021739130434782608 0.006546644844517185
0 0.13712374581939799 0.6415711947626841 0.2408026755852843 0.016366612111292964
0 0.4423076923076923 0.6342062193126022 0.051839464882943144 0.008183306055646482
0 0.5091973244147158 0.6309328968903437 0.028428093645484948 0.004909983633387889
0 0.5384615384615384 0.6292962356792144 0.020066889632107024 0.004909983633387889
0 0.6053511705685619 0.6366612111292962 0.07692307692307693 0.029459901800327332
0 0.49665551839464883 0.6211129296235679 0.016722408026755852 0.004909983633387889
0 0.9021739130434783 0.6481178396072013 0.1956521739130435 0.06546644844517185
0 0.7157190635451505 0.6194762684124386 0.033444816053511704 0.008183306055646482
0 0.5819397993311036 0.6178396072013094 0.006688963210702341 0.004909983633387889
0 0.6538461538461539 0.613747954173486 0.016722408026755852 0.0032733224222585926
0 0.9255852842809364 0.6104746317512275 0.011705685618729096 0.0032733224222585926
0 0.7349498327759197 0.6088379705400983 0.015050167224080268 0.0032733224222585926
0 0.7140468227424749 0.6104746317512275 0.010033444816053512 0.006546644844517185
0 0.2608695652173913 0.3625204582651391 0.0033444816053511705 0.0016366612111292963
0 0.21739130434782608 0.36006546644844517 0.0033444816053511705 0.0032733224222585926
0 0.38545150501672243 0.3576104746317512 0.0016722408026755853 0.0016366612111292963
0 0.1956521739130435 0.35515548281505727 0.0033444816053511705 0.0032733224222585926
0 0.13963210702341136 0.2864157119476268 0.005016722408026756 0.006546644844517185
0 0.6028428093645485 0.2806873977086743 0.0016722408026755853 0.0016366612111292963
0 0.6078595317725752 0.27495908346972175 0.0016722408026755853 0.0032733224222585926
0 0.6279264214046822 0.2733224222585925 0.0016722408026755853 0.0032733224222585926
0 0.12123745819397994 0.2635024549918167 0.0016722408026755853 0.0032733224222585926
0 0.07525083612040134 0.24877250409165302 0.0033444816053511705 0.009819967266775777
0 0.7934782608695652 0.18003273322422259 0.0016722408026755853 0.0032733224222585926
0 0.03511705685618729 0.18166939443535188 0.010033444816053512 0.01309328968903437
0 0.038461538461538464 0.1685761047463175 0.0033444816053511705 0.006546644844517185
0 0.7625418060200669 0.1530278232405892 0.010033444816053512 0.004909983633387889
0 0.745819397993311 0.15220949263502456 0.0033444816053511705 0.0032733224222585926
0 0.042642140468227424 0.1448445171849427 0.0016722408026755853 0.0016366612111292963
0 0.7884615384615384 0.13338788870703763 0.0016722408026755853 0.0016366612111292963
0 0.7533444816053512 0.1260229132569558 0.005016722408026756 0.006546644844517185
0 0.8879598662207357 0.12929623567921442 0.0033444816053511705 0.016366612111292964
0 0.7382943143812709 0.11702127659574468 0.0016722408026755853 0.0016366612111292963
0 0.8938127090301003 0.07528641571194762 0.008361204013377926 0.0032733224222585926
0 0.8821070234113713 0.07283142389525368 0.0016722408026755853 0.0016366612111292963
0 0.9632107023411371 0.09165302782324058 0.07357859531772576 0.0425531914893617
0 0.5058528428093646 0.3788870703764321 0.9882943143812709 0.6563011456628478
0 0.11036789297658862 0.024549918166939442 0.0033444816053511705 0.0032733224222585926
0 0.1262541806020067 0.022913256955810146 0.021739130434782608 0.009819967266775777
0 0.10367892976588629 0.004091653027823241 0.010033444816053512 0.008183306055646482
