0 0.547887323943662 0.9917355371900827 0.01971830985915493 0.01652892561983471
0 0.5211267605633803 0.9669421487603306 0.011267605633802818 0.008264462809917356
0 0.4887323943661972 0.981404958677686 0.014084507042253521 0.0371900826446281
0 0.3788732394366197 0.9793388429752066 0.030985915492957747 0.04132231404958678
0 0.3267605633802817 0.9752066115702479 0.061971830985915494 0.049586776859504134
0 0.2605633802816901 0.9731404958677686 0.030985915492957747 0.05371900826446281
0 0.4140845070422535 0.9462809917355371 0.005633802816901409 0.008264462809917356
0 0.3 0.9318181818181818 0.008450704225352112 0.004132231404958678
0 0.2577464788732394 0.9256198347107438 0.008450704225352112 0.008264462809917356
0 0.2084507042253521 0.9566115702479339 0.05070422535211268 0.08677685950413223
0 0.9971830985915493 0.8367768595041323 0.005633802816901409 0.06198347107438017
0 0.9943661971830986 0.7293388429752066 0.011267605633802818 0.128099173553719
0 0.967605633802817 0.6301652892561983 0.008450704225352112 0.004132231404958678
0 0.9929577464788732 0.6157024793388429 0.014084507042253521 0.09090909090909091
0 0.9126760563380282 0.49586776859504134 0.028169014084507043 0.049586776859504134
0 0.8760563380281691 0.4772727272727273 0.022535211267605635 0.06198347107438017
0 0.8788732394366198 0.4297520661157025 0.011267605633802818 0.01652892561983471
0 0.9450704225352112 0.4607438016528926 0.05352112676056338 0.08677685950413223
0 0.8647887323943662 0.40702479338842973 0.016901408450704224 0.004132231404958678
0 0.9915492957746479 0.4793388429752066 0.016901408450704224 0.1652892561983471
0 0.9211267605633803 0.3822314049586777 0.011267605633802818 0.012396694214876033
0 0.956338028169014 0.38016528925619836 0.01971830985915493 0.01652892561983471
0 0.9901408450704225 0.3760330578512397 0.01971830985915493 0.03305785123966942
0 0.8760563380281691 0.34297520661157027 0.005633802816901409 0.008264462809917356
0 0.9535211267605633 0.3367768595041322 0.02535211267605634 0.02066115702479339
0 0.9915492957746479 0.3347107438016529 0.016901408450704224 0.024793388429752067
0 0.8760563380281691 0.30165289256198347 0.028169014084507043 0.01652892561983471
0 0.9577464788732394 0.29338842975206614 0.016901408450704224 0.01652892561983471
0 0.9887323943661972 0.29338842975206614 0.022535211267605635 0.024793388429752067
0 0.9591549295774648 0.25826446280991733 0.01971830985915493 0.012396694214876033
0 0.9394366197183098 0.25826446280991733 0.014084507042253521 0.012396694214876033
0 0.9873239436619718 0.25826446280991733 0.02535211267605634 0.02066115702479339
0 0.9859154929577465 0.12190082644628099 0.028169014084507043 0.06198347107438017
0 0.4971830985915493 0.026859504132231406 0.08169014084507042 0.05371900826446281
0 0.352112676056338 0.01652892561983471 0.016901408450704224 0.03305785123966942
0 0.5112676056338028 0.45867768595041325 0.9774647887323944 0.9173553719008265
