0 0.6103723404255319 0.9961089494163424 0.0026595744680851063 0.007782101167315175
0 0.6529255319148937 0.9824902723735408 0.018617021276595744 0.03501945525291829
0 0.6156914893617021 0.9669260700389105 0.013297872340425532 0.011673151750972763
0 0.40425531914893614 0.9785992217898832 0.031914893617021274 0.042801556420233464
0 0.5 0.9766536964980544 0.026595744680851064 0.04669260700389105
0 0.4521276595744681 0.9766536964980544 0.015957446808510637 0.04669260700389105
0 0.6117021276595744 0.9474708171206225 0.005319148936170213 0.011673151750972763
0 0.5 0.48638132295719844 1.0 0.7859922178988327
0 0.6077127659574468 0.08171206225680934 0.04521276595744681 0.023346303501945526
0 0.651595744680851 0.07782101167315175 0.031914893617021274 0.0311284046692607
0 0.6156914893617021 0.058365758754863814 0.013297872340425532 0.01556420233463035
0 0.6569148936170213 0.04474708171206226 0.02127659574468085 0.019455252918287938
0 0.6303191489361702 0.03501945525291829 0.005319148936170213 0.007782101167315175
0 0.7154255319148937 0.058365758754863814 0.05319148936170213 0.11673151750972763
0 0.651595744680851 0.013618677042801557 0.03723404255319149 0.027237354085603113
0 0.5930851063829787 0.0311284046692607 0.015957446808510637 0.0622568093385214
0 0.4800531914893617 0.03696498054474708 0.02925531914893617 0.07392996108949416
0 0.4162234042553192 0.03696498054474708 0.0398936170212766 0.07392996108949416
0 0.3670212765957447 0.03501945525291829 0.0425531914893617 0.07003891050583658
0 0.3537234042553192 0.005836575875486381 0.010638297872340425 0.011673151750972763
0 0.4295212765957447 0.05642023346303502 0.27925531914893614 0.11284046692607004
