0 0.29904761904761906 0.9967948717948718 0.007619047619047619 0.00641025641025641
0 0.379047619047619 0.9951923076923077 0.007619047619047619 0.009615384615384616
0 0.35428571428571426 0.9951923076923077 0.007619047619047619 0.009615384615384616
0 0.32571428571428573 0.9951923076923077 0.007619047619047619 0.009615384615384616
0 0.46095238095238095 0.9935897435897436 0.011428571428571429 0.01282051282051282
0 0.4780952380952381 0.9855769230769231 0.015238095238095238 0.009615384615384616
0 0.006666666666666667 0.6426282051282052 0.013333333333333334 0.016025641025641024
0 0.0019047619047619048 0.1875 0.0038095238095238095 0.003205128205128205
0 0.981904761904762 0.48878205128205127 0.03619047619047619 0.7980769230769231
0 0.48 0.4983974358974359 0.96 0.842948717948718
0 0.5171428571428571 0.05929487179487179 0.02095238095238095 0.035256410256410256
0 0.49238095238095236 0.003205128205128205 0.005714285714285714 0.00641025641025641
0 0.4961904761904762 0.038461538461538464 0.06285714285714286 0.07692307692307693
0 0.38761904761904764 0.030448717948717948 0.02095238095238095 0.060897435897435896
0 0.35619047619047617 0.03205128205128205 0.015238095238095238 0.0641025641025641
0 0.31238095238095237 0.03205128205128205 0.030476190476190476 0.0641025641025641
