0 0.5346715328467153 0.9830769230769231 0.0072992700729927005 0.015384615384615385
0 0.5155109489051095 0.9876923076923076 0.012773722627737226 0.024615384615384615
0 0.395985401459854 0.9861538461538462 0.021897810218978103 0.027692307692307693
0 0.3083941605839416 0.9861538461538462 0.021897810218978103 0.027692307692307693
0 0.35036496350364965 0.9846153846153847 0.029197080291970802 0.03076923076923077
0 0.479014598540146 0.9830769230769231 0.012773722627737226 0.033846153846153845
0 0.4954379562043796 0.9676923076923077 0.016423357664233577 0.009230769230769232
0 0.583941605839416 0.9784615384615385 0.010948905109489052 0.043076923076923075
0 0.35675182481751827 0.9692307692307692 0.2062043795620438 0.06153846153846154
0 0.9936131386861314 0.8661538461538462 0.012773722627737226 0.052307692307692305
0 0.9972627737226277 0.8307692307692308 0.005474452554744526 0.012307692307692308
0 0.9972627737226277 0.8138461538461539 0.005474452554744526 0.009230769230769232
0 0.9963503649635036 0.7938461538461539 0.0072992700729927005 0.012307692307692308
0 0.7518248175182481 0.7938461538461539 0.010948905109489052 0.012307692307692308
0 0.8394160583941606 0.7769230769230769 0.01824817518248175 0.009230769230769232
0 0.9963503649635036 0.7753846153846153 0.0072992700729927005 0.012307692307692308
0 0.8074817518248175 0.7846153846153846 0.041970802919708027 0.03076923076923077
0 0.7700729927007299 0.7769230769230769 0.025547445255474453 0.015384615384615385
0 0.8403284671532847 0.7615384615384615 0.0018248175182481751 0.003076923076923077
0 0.8494525547445255 0.7584615384615384 0.009124087591240875 0.009230769230769232
0 0.8038321167883211 0.76 0.009124087591240875 0.012307692307692308
0 0.8494525547445255 0.8292307692307692 0.06386861313868614 0.15692307692307692
0 0.7746350364963503 0.7584615384615384 0.023722627737226276 0.015384615384615385
0 0.8722627737226277 0.7415384615384616 0.014598540145985401 0.012307692307692308
0 0.8412408759124088 0.7415384615384616 0.021897810218978103 0.012307692307692308
0 0.8156934306569343 0.74 0.010948905109489052 0.009230769230769232
0 0.9945255474452555 0.7476923076923077 0.010948905109489052 0.03076923076923077
0 0.8722627737226277 0.72 0.010948905109489052 0.006153846153846154
0 0.8348540145985401 0.72 0.009124087591240875 0.006153846153846154
0 0.8248175182481752 0.703076923076923 0.0036496350364963502 0.003076923076923077
0 0.8038321167883211 0.703076923076923 0.012773722627737226 0.009230769230769232
0 0.8138686131386861 0.683076923076923 0.0036496350364963502 0.006153846153846154
0 0.7892335766423357 0.6846153846153846 0.005474452554744526 0.009230769230769232
0 0.04288321167883212 0.48 0.02737226277372263 0.18461538461538463
0 0.9890510948905109 0.5507692307692308 0.021897810218978103 0.3569230769230769
0 0.9954379562043796 0.3261538461538461 0.009124087591240875 0.08
0 0.9972627737226277 0.2753846153846154 0.005474452554744526 0.009230769230769232
0 0.9963503649635036 0.2569230769230769 0.0072992700729927005 0.015384615384615385
0 0.9972627737226277 0.24 0.005474452554744526 0.012307692307692308
0 0.9963503649635036 0.2230769230769231 0.0072992700729927005 0.015384615384615385
0 0.9981751824817519 0.20307692307692307 0.0036496350364963502 0.006153846153846154
0 0.9972627737226277 0.18769230769230769 0.005474452554744526 0.012307692307692308
0 0.9981751824817519 0.1676923076923077 0.0036496350364963502 0.009230769230769232
0 0.9954379562043796 0.12307692307692308 0.009124087591240875 0.06769230769230769
0 0.5629562043795621 0.013846153846153847 0.041970802919708027 0.027692307692307693
0 0.5246350364963503 0.003076923076923077 0.005474452554744526 0.006153846153846154
0 0.5109489051094891 0.004615384615384616 0.014598540145985401 0.009230769230769232
0 0.48175182481751827 0.004615384615384616 0.029197080291970802 0.009230769230769232
0 0.30474452554744524 0.003076923076923077 0.0036496350364963502 0.006153846153846154
0 0.4990875912408759 0.45692307692307693 0.9543795620437956 0.9138461538461539
