0 0.5892857142857143 0.9978925184404637 0.007142857142857143 0.004214963119072708
0 0.5571428571428572 0.9905163329820864 0.002857142857142857 0.002107481559536354
0 0.49 0.994204425711275 0.014285714285714285 0.011591148577449948
0 0.5735714285714286 0.9873551106427819 0.004285714285714286 0.002107481559536354
0 0.45357142857142857 0.9931506849315068 0.02142857142857143 0.0136986301369863
0 0.41928571428571426 0.9931506849315068 0.012857142857142857 0.0136986301369863
0 0.8928571428571429 0.90463645943098 0.002857142857142857 0.001053740779768177
0 0.6742857142857143 0.9072708113804004 0.017142857142857144 0.008429926238145416
0 0.935 0.8998946259220232 0.007142857142857143 0.002107481559536354
0 0.9007142857142857 0.898840885142255 0.004285714285714286 0.002107481559536354
0 0.8914285714285715 0.8983140147523709 0.002857142857142857 0.001053740779768177
0 0.9635714285714285 0.8951527924130663 0.012857142857142857 0.005268703898840885
0 0.79 0.8935721812434141 0.017142857142857144 0.006322444678609062
0 0.7542857142857143 0.8925184404636459 0.014285714285714285 0.004214963119072708
0 0.9635714285714285 0.8877766069546892 0.015714285714285715 0.005268703898840885
0 0.8814285714285715 0.8856691253951527 0.011428571428571429 0.003161222339304531
0 0.5328571428571428 0.8840885142255005 0.005714285714285714 0.002107481559536354
0 0.965 0.8819810326659642 0.01 0.002107481559536354
0 0.7935714285714286 0.8814541622760801 0.03 0.005268703898840885
0 0.7242857142857143 0.8793466807165438 0.002857142857142857 0.001053740779768177
0 0.7535714285714286 0.8804004214963119 0.03571428571428571 0.005268703898840885
0 0.3807142857142857 0.8793466807165438 0.05285714285714286 0.005268703898840885
0 0.5 0.9204425711275026 1.0 0.0874604847207587
0 0.6492857142857142 0.8772391991570073 0.03 0.003161222339304531
0 0.6078571428571429 0.875131717597471 0.032857142857142856 0.003161222339304531
0 0.5514285714285714 0.8740779768177028 0.014285714285714285 0.001053740779768177
0 0.9607142857142857 0.875131717597471 0.024285714285714285 0.005268703898840885
0 0.2885714285714286 0.8761854583772392 0.10285714285714286 0.009483667017913594
0 0.8214285714285714 0.8698630136986302 0.011428571428571429 0.003161222339304531
0 0.965 0.8682824025289779 0.015714285714285715 0.004214963119072708
0 0.44642857142857145 0.8709167544783983 0.19 0.011591148577449948
0 0.7521428571428571 0.8682824025289779 0.08714285714285715 0.008429926238145416
0 0.2885714285714286 0.8651211801896733 0.11428571428571428 0.01053740779768177
0 0.6114285714285714 0.8624868282402529 0.06571428571428571 0.007376185458377239
0 0.9578571428571429 0.8609062170706007 0.03571428571428571 0.006322444678609062
0 0.8857142857142857 0.8593256059009484 0.005714285714285714 0.003161222339304531
0 0.8321428571428572 0.8561643835616438 0.01 0.005268703898840885
0 0.7435714285714285 0.8540569020021075 0.09857142857142857 0.009483667017913594
0 0.67 0.8514225500526871 0.017142857142857144 0.004214963119072708
0 0.615 0.8493150684931506 0.05285714285714286 0.008429926238145416
0 0.5607142857142857 0.8472075869336143 0.01 0.004214963119072708
0 0.3607142857142857 0.8545837723919916 0.35 0.018967334035827187
0 0.8714285714285714 0.8435194942044257 0.008571428571428572 0.003161222339304531
0 0.8892857142857142 0.8440463645943098 0.015714285714285715 0.006322444678609062
0 0.805 0.8414120126448894 0.0014285714285714286 0.001053740779768177
0 0.665 0.8371970495258166 0.0014285714285714286 0.001053740779768177
0 0.7514285714285714 0.839304531085353 0.08 0.009483667017913594
0 0.6157142857142858 0.8345626975763962 0.008571428571428572 0.004214963119072708
0 0.1442857142857143 0.8324552160168599 0.011428571428571429 0.002107481559536354
0 0.95 0.8324552160168599 0.04857142857142857 0.004214963119072708
0 0.3457142857142857 0.8403582718651211 0.38285714285714284 0.020021074815595362
0 0.8278571428571428 0.8298208640674394 0.004285714285714286 0.001053740779768177
0 0.8607142857142858 0.8303477344573235 0.041428571428571426 0.004214963119072708
0 0.9671428571428572 0.827186512118019 0.02 0.002107481559536354
0 0.9492857142857143 0.8256059009483667 0.0014285714285714286 0.001053740779768177
0 0.7571428571428571 0.827186512118019 0.09142857142857143 0.008429926238145416
0 0.9035714285714286 0.8198103266596417 0.15 0.006322444678609062
0 0.3407142857142857 0.8261327713382508 0.3871428571428571 0.018967334035827187
0 0.9457142857142857 0.815068493150685 0.005714285714285714 0.001053740779768177
0 0.7535714285714286 0.815595363540569 0.08142857142857143 0.006322444678609062
0 0.8764285714285714 0.8129610115911485 0.06714285714285714 0.003161222339304531
0 0.3792857142857143 0.8140147523709168 0.30714285714285716 0.015806111696522657
0 0.16785714285714284 0.8055848261327714 0.04428571428571428 0.003161222339304531
0 0.475 0.8050579557428873 0.11285714285714285 0.01053740779768177
0 0.3492857142857143 0.8008429926238145 0.13285714285714287 0.01053740779768177
0 0.6792857142857143 0.7982086406743941 0.01 0.009483667017913594
0 0.1692857142857143 0.7929399367755532 0.032857142857142856 0.003161222339304531
0 0.6785714285714286 0.7866174920969442 0.002857142857142857 0.003161222339304531
0 0.5814285714285714 0.7824025289778714 0.002857142857142857 0.001053740779768177
0 0.21714285714285714 0.7639620653319283 0.005714285714285714 0.004214963119072708
0 0.6792857142857143 0.7555321390937829 0.0014285714285714286 0.002107481559536354
0 0.19357142857142856 0.7492096944151738 0.004285714285714286 0.002107481559536354
0 0.1457142857142857 0.7471022128556375 0.002857142857142857 0.002107481559536354
0 0.25642857142857145 0.7539515279241307 0.03 0.026343519494204427
0 0.28285714285714286 0.6954689146469969 0.005714285714285714 0.006322444678609062
0 0.02214285714285714 0.6928345626975764 0.0014285714285714286 0.001053740779768177
0 0.18142857142857144 0.6712328767123288 0.014285714285714285 0.018967334035827187
0 0.2671428571428571 0.660695468914647 0.011428571428571429 0.008429926238145416
0 0.15642857142857142 0.6348788198103267 0.004285714285714286 0.009483667017913594
0 0.23142857142857143 0.6227608008429927 0.008571428571428572 0.008429926238145416
0 0.19 0.6174920969441517 0.014285714285714285 0.006322444678609062
0 0.25357142857142856 0.5943097997892518 0.024285714285714285 0.02528977871443625
0 0.18857142857142858 0.5922023182297155 0.03428571428571429 0.02107481559536354
0 0.18857142857142858 0.5500526870389885 0.005714285714285714 0.004214963119072708
0 0.1757142857142857 0.541622760800843 0.002857142857142857 0.002107481559536354
0 0.8692857142857143 0.5458377239199157 0.032857142857142856 0.014752370916754479
0 0.2042857142857143 0.5331928345626976 0.005714285714285714 0.002107481559536354
0 0.18571428571428572 0.5331928345626976 0.005714285714285714 0.006322444678609062
0 0.27214285714285713 0.5216016859852476 0.004285714285714286 0.002107481559536354
0 0.18357142857142858 0.523709167544784 0.004285714285714286 0.006322444678609062
0 0.28285714285714286 0.5263435194942044 0.011428571428571429 0.0136986301369863
0 0.16142857142857142 0.5268703898840885 0.025714285714285714 0.040042149631190724
0 0.21857142857142858 0.5221285563751317 0.04285714285714286 0.032665964172813484
0 0.8657142857142858 0.5110642781875658 0.03428571428571429 0.01685985247629083
0 0.23785714285714285 0.5010537407797682 0.004285714285714286 0.007376185458377239
0 0.18071428571428572 0.4994731296101159 0.004285714285714286 0.01053740779768177
0 0.8907142857142857 0.49683877766069545 0.027142857142857142 0.011591148577449948
0 0.205 0.49894625922023184 0.032857142857142856 0.020021074815595362
0 0.8485714285714285 0.48524762908324554 0.002857142857142857 0.001053740779768177
0 0.8764285714285714 0.48472075869336145 0.004285714285714286 0.002107481559536354
0 0.3435714285714286 0.47576396206533195 0.15285714285714286 0.005268703898840885
0 0.24928571428571428 0.47523709167544786 0.012857142857142857 0.004214963119072708
0 0.03428571428571429 0.4631190727081138 0.017142857142857144 0.003161222339304531
0 0.8757142857142857 0.45626975763962063 0.008571428571428572 0.004214963119072708
0 0.6514285714285715 0.4520547945205479 0.008571428571428572 0.002107481559536354
0 0.16 0.4504741833508957 0.002857142857142857 0.001053740779768177
0 0.08571428571428572 0.4504741833508957 0.002857142857142857 0.001053740779768177
0 0.035 0.4504741833508957 0.004285714285714286 0.001053740779768177
0 0.2357142857142857 0.4499473129610116 0.008571428571428572 0.002107481559536354
0 0.6192857142857143 0.4499473129610116 0.024285714285714285 0.004214963119072708
0 0.34 0.4499473129610116 0.14 0.004214963119072708
0 0.7814285714285715 0.44415173867228663 0.002857142857142857 0.001053740779768177
0 0.3921428571428571 0.44415173867228663 0.007142857142857143 0.001053740779768177
0 0.3757142857142857 0.44415173867228663 0.002857142857142857 0.001053740779768177
0 0.26285714285714284 0.43730242360379346 0.005714285714285714 0.002107481559536354
0 0.24214285714285713 0.43730242360379346 0.004285714285714286 0.002107481559536354
0 0.21357142857142858 0.43782929399367754 0.007142857142857143 0.003161222339304531
0 0.19214285714285714 0.43782929399367754 0.004285714285714286 0.003161222339304531
0 0.3292857142857143 0.43782929399367754 0.11 0.005268703898840885
0 0.8842857142857142 0.43045310853530033 0.002857142857142857 0.001053740779768177
0 0.36142857142857143 0.43045310853530033 0.002857142857142857 0.001053740779768177
0 0.3392857142857143 0.4309799789251844 0.015714285714285715 0.002107481559536354
0 0.32571428571428573 0.43045310853530033 0.002857142857142857 0.001053740779768177
0 0.31285714285714283 0.43045310853530033 0.005714285714285714 0.001053740779768177
0 0.305 0.43045310853530033 0.004285714285714286 0.001053740779768177
0 0.26571428571428574 0.42360379346680715 0.005714285714285714 0.002107481559536354
0 0.22857142857142856 0.42360379346680715 0.002857142857142857 0.002107481559536354
0 0.1692857142857143 0.42360379346680715 0.007142857142857143 0.002107481559536354
0 0.3157142857142857 0.42360379346680715 0.06857142857142857 0.004214963119072708
0 0.24642857142857144 0.42360379346680715 0.007142857142857143 0.004214963119072708
0 0.21214285714285713 0.42360379346680715 0.01 0.004214963119072708
0 0.19285714285714287 0.42360379346680715 0.008571428571428572 0.004214963119072708
0 0.2664285714285714 0.41675447839831403 0.0014285714285714286 0.001053740779768177
0 0.24785714285714286 0.41675447839831403 0.004285714285714286 0.001053740779768177
0 0.30214285714285716 0.41675447839831403 0.032857142857142856 0.003161222339304531
0 0.2671428571428571 0.41043203371970494 0.002857142857142857 0.001053740779768177
0 0.24928571428571428 0.41043203371970494 0.01 0.003161222339304531
0 0.16857142857142857 0.40990516332982085 0.008571428571428572 0.002107481559536354
0 0.23142857142857143 0.40937829293993677 0.005714285714285714 0.003161222339304531
0 0.20785714285714285 0.40937829293993677 0.01 0.003161222339304531
0 0.19357142857142856 0.40990516332982085 0.015714285714285715 0.004214963119072708
0 0.9571428571428572 0.40516332982086406 0.005714285714285714 0.003161222339304531
0 0.6114285714285714 0.38935721812434143 0.008571428571428572 0.003161222339304531
0 0.265 0.3719704952581665 0.004285714285714286 0.004214963119072708
0 0.37785714285714284 0.2876712328767123 0.007142857142857143 0.002107481559536354
0 0.3914285714285714 0.29083245521601686 0.017142857142857144 0.01053740779768177
0 0.31142857142857144 0.2897787144362487 0.025714285714285714 0.008429926238145416
0 0.3585714285714286 0.29083245521601686 0.022857142857142857 0.012644889357218124
0 0.06571428571428571 0.28714436248682823 0.014285714285714285 0.009483667017913594
0 0.4064285714285714 0.2760800842992624 0.0014285714285714286 0.002107481559536354
0 0.2914285714285714 0.27239199157007377 0.002857142857142857 0.005268703898840885
0 0.36714285714285716 0.2708113804004215 0.002857142857142857 0.004214963119072708
0 0.245 0.26817702845100105 0.0014285714285714286 0.003161222339304531
0 0.2257142857142857 0.2808219178082192 0.12 0.032665964172813484
0 0.04071428571428572 0.1880927291886196 0.0014285714285714286 0.001053740779768177
0 0.77 0.1828240252897787 0.008571428571428572 0.005268703898840885
0 0.5271428571428571 0.1838777660695469 0.005714285714285714 0.007376185458377239
0 0.6385714285714286 0.1596417281348788 0.002857142857142857 0.003161222339304531
0 0.6085714285714285 0.14541622760800843 0.005714285714285714 0.002107481559536354
0 0.07714285714285714 0.136986301369863 0.005714285714285714 0.006322444678609062
0 0.06642857142857143 0.12539515279241306 0.007142857142857143 0.006322444678609062
0 0.07142857142857142 0.11116965226554268 0.017142857142857144 0.009483667017913594
0 0.065 0.10326659641728135 0.0014285714285714286 0.002107481559536354
0 0.075 0.10221285563751317 0.004285714285714286 0.004214963119072708
0 0.029285714285714286 0.03951527924130664 0.0014285714285714286 0.001053740779768177
0 0.009285714285714286 0.044783983140147525 0.018571428571428572 0.011591148577449948
0 0.5 0.4246575342465753 1.0 0.7776606954689147
