0 0.48226466575716237 0.9964717741935484 0.009549795361527967 0.007056451612903226
0 0.5 0.9959677419354839 0.015006821282401092 0.008064516129032258
0 0.42905866302864937 0.9904233870967742 0.06684856753069578 0.005040322580645161
0 0.38540245566166437 0.9894153225806451 0.015006821282401092 0.0030241935483870967
0 0.3717598908594816 0.9884072580645161 0.001364256480218281 0.0010080645161290322
0 0.35607094133697137 0.9929435483870968 0.021828103683492497 0.014112903225806451
0 0.7980900409276944 0.8870967741935484 0.26193724420190995 0.006048387096774193
0 0.8840381991814461 0.8820564516129032 0.002728512960436562 0.0020161290322580645
0 0.7094133697135061 0.8815524193548387 0.008185538881309686 0.0010080645161290322
0 0.8260572987721692 0.8815524193548387 0.06957708049113233 0.0030241935483870967
0 0.7503410641200545 0.8815524193548387 0.07094133697135062 0.0030241935483870967
0 0.17598908594815826 0.8729838709677419 0.005457025920873124 0.004032258064516129
0 0.20804911323328787 0.8724798387096774 0.004092769440654843 0.005040322580645161
0 0.19781718963165076 0.8709677419354839 0.005457025920873124 0.0020161290322580645
0 0.7128240109140518 0.8684475806451613 0.001364256480218281 0.0010080645161290322
0 0.15688949522510232 0.8598790322580645 0.008185538881309686 0.004032258064516129
0 0.2892223738062756 0.858366935483871 0.005457025920873124 0.0030241935483870967
0 0.22851296043656208 0.8588709677419355 0.023192360163710776 0.006048387096774193
0 0.4829467939972715 0.8558467741935484 0.005457025920873124 0.0020161290322580645
0 0.2673942701227831 0.8462701612903226 0.054570259208731244 0.011088709677419355
0 0.30286493860845837 0.8412298387096774 0.005457025920873124 0.0030241935483870967
0 0.27216916780354705 0.8336693548387096 0.009549795361527967 0.006048387096774193
0 0.2305593451568895 0.8326612903225806 0.021828103683492497 0.006048387096774193
0 0.29740791268758526 0.8321572580645161 0.027285129604365622 0.011088709677419355
0 0.2728512960436562 0.8180443548387096 0.008185538881309686 0.005040322580645161
0 0.22646657571623466 0.8185483870967742 0.019099590723055934 0.006048387096774193
0 0.2053206002728513 0.8180443548387096 0.009549795361527967 0.005040322580645161
0 0.3151432469304229 0.8185483870967742 0.03274215552523874 0.012096774193548387
0 0.14188267394270124 0.811491935483871 0.002728512960436562 0.0020161290322580645
0 0.0572987721691678 0.811491935483871 0.008185538881309686 0.004032258064516129
0 0.15416098226466576 0.8049395161290323 0.008185538881309686 0.0030241935483870967
0 0.3219645293315143 0.8059475806451613 0.013642564802182811 0.007056451612903226
0 0.2073669849931787 0.8054435483870968 0.019099590723055934 0.006048387096774193
0 0.06207366984993179 0.8044354838709677 0.015006821282401092 0.004032258064516129
0 0.22305593451568895 0.7988911290322581 0.004092769440654843 0.0010080645161290322
0 0.2967257844474761 0.8034274193548387 0.0286493860845839 0.012096774193548387
0 0.17121418826739426 0.7983870967741935 0.009549795361527967 0.004032258064516129
0 0.15416098226466576 0.7888104838709677 0.005457025920873124 0.0030241935483870967
0 0.28035470668485674 0.7948588709677419 0.03956343792633015 0.029233870967741934
0 0.17326057298772168 0.7752016129032258 0.05184174624829468 0.028225806451612902
0 0.23192360163710776 0.7706653225806451 0.10368349249658936 0.059475806451612906
0 0.3765347885402456 0.7651209677419355 0.1800818553888131 0.05443548387096774
0 0.38540245566166437 0.735383064516129 0.01227830832196453 0.005040322580645161
0 0.34924965893587995 0.7414314516129032 0.02455661664392906 0.021169354838709676
0 0.5320600272851296 0.7313508064516129 0.005457025920873124 0.0030241935483870967
0 0.34924965893587995 0.7283266129032258 0.002728512960436562 0.0010080645161290322
0 0.32878581173260574 0.733366935483871 0.021828103683492497 0.019153225806451613
0 0.2653478854024557 0.7278225806451613 0.015006821282401092 0.008064516129032258
0 0.2121418826739427 0.7434475806451613 0.047748976807639835 0.03931451612903226
0 0.30081855388813095 0.7232862903225806 0.020463847203274217 0.011088709677419355
0 0.28512960436562074 0.7192540322580645 0.005457025920873124 0.0030241935483870967
0 0.2544338335607094 0.71875 0.009549795361527967 0.004032258064516129
0 0.045702592087312414 0.7172379032258065 0.001364256480218281 0.0010080645161290322
0 0.16302864938608458 0.7111895161290323 0.015006821282401092 0.0030241935483870967
0 0.2100954979536153 0.7111895161290323 0.010914051841746248 0.005040322580645161
0 0.1432469304229195 0.7106854838709677 0.01637107776261937 0.004032258064516129
0 0.3819918144611187 0.7076612903225806 0.005457025920873124 0.0020161290322580645
0 0.2503410641200546 0.7056451612903226 0.001364256480218281 0.0020161290322580645
0 0.1984993178717599 0.7051411290322581 0.001364256480218281 0.0010080645161290322
0 0.2858117326057299 0.7061491935483871 0.034106412005457026 0.005040322580645161
0 0.16166439290586632 0.704133064516129 0.045020463847203276 0.005040322580645161
0 0.2694406548431105 0.7001008064516129 0.001364256480218281 0.0010080645161290322
0 0.3813096862210095 0.6975806451612904 0.004092769440654843 0.0020161290322580645
0 0.2155525238744884 0.6945564516129032 0.008185538881309686 0.0020161290322580645
0 0.5593451568894953 0.6935483870967742 0.002728512960436562 0.0020161290322580645
0 0.3813096862210095 0.6915322580645161 0.001364256480218281 0.0020161290322580645
0 0.3567530695770805 0.6910282258064516 0.001364256480218281 0.0010080645161290322
0 0.5525238744884038 0.6875 0.002728512960436562 0.0020161290322580645
0 0.2762619372442019 0.6920362903225806 0.03137789904502047 0.01310483870967742
0 0.5395634379263301 0.6859879032258065 0.009549795361527967 0.005040322580645161
0 0.3758526603001364 0.6844758064516129 0.01227830832196453 0.004032258064516129
0 0.3567530695770805 0.6839717741935484 0.020463847203274217 0.005040322580645161
0 0.2339699863574352 0.6819556451612904 0.01227830832196453 0.0030241935483870967
0 0.27967257844474763 0.6754032258064516 0.002728512960436562 0.0020161290322580645
0 0.24351978171896316 0.6905241935483871 0.058663028649386086 0.034274193548387094
0 0.2407912687585266 0.6754032258064516 0.017735334242837655 0.004032258064516129
0 0.1937244201909959 0.6789314516129032 0.027285129604365622 0.01310483870967742
0 0.291268758526603 0.6693548387096774 0.01227830832196453 0.004032258064516129
0 0.27012278308321963 0.6683467741935484 0.002728512960436562 0.0020161290322580645
0 0.20600272851296045 0.6683467741935484 0.010914051841746248 0.004032258064516129
0 0.34447476125511595 0.6703629032258065 0.058663028649386086 0.018145161290322582
0 0.21418826739427013 0.6612903225806451 0.005457025920873124 0.0020161290322580645
0 0.1971350613915416 0.6607862903225806 0.001364256480218281 0.0010080645161290322
0 0.3035470668485675 0.6622983870967742 0.017735334242837655 0.006048387096774193
0 0.25102319236016374 0.6648185483870968 0.04911323328785812 0.011088709677419355
0 0.18281036834924966 0.6607862903225806 0.013642564802182811 0.0030241935483870967
0 0.17257844474761255 0.6537298387096774 0.0068212824010914054 0.0030241935483870967
0 0.20259208731241474 0.6476814516129032 0.004092769440654843 0.0010080645161290322
0 0.5852660300136425 0.6345766129032258 0.002728512960436562 0.0030241935483870967
0 0.5798090040927695 0.6265120967741935 0.010914051841746248 0.007056451612903226
0 0.5709413369713506 0.6224798387096774 0.009549795361527967 0.007056451612903226
0 0.06548431105047749 0.6209677419354839 0.010914051841746248 0.010080645161290322
0 0.5620736698499318 0.6144153225806451 0.010914051841746248 0.007056451612903226
0 0.4583901773533424 0.6224798387096774 0.054570259208731244 0.03326612903225806
0 0.5538881309686221 0.608366935483871 0.013642564802182811 0.009072580645161291
0 0.543656207366985 0.6028225806451613 0.009549795361527967 0.006048387096774193
0 0.5300136425648022 0.5902217741935484 0.02592087312414734 0.021169354838709676
0 0.5129604365620737 0.579133064516129 0.008185538881309686 0.005040322580645161
0 0.3717598908594816 0.5418346774193549 0.009549795361527967 0.007056451612903226
0 0.6705320600272852 0.484375 0.015006821282401092 0.009072580645161291
0 0.2660300136425648 0.48336693548387094 0.0572987721691678 0.009072580645161291
0 0.4324693042291951 0.4879032258064516 0.010914051841746248 0.020161290322580645
0 0.6657571623465212 0.4727822580645161 0.002728512960436562 0.0020161290322580645
0 0.762619372442019 0.4732862903225806 0.0572987721691678 0.007056451612903226
0 0.17189631650750342 0.47026209677419356 0.002728512960436562 0.0010080645161290322
0 0.15143246930422918 0.47026209677419356 0.002728512960436562 0.0010080645161290322
0 0.14256480218281037 0.46975806451612906 0.0068212824010914054 0.0020161290322580645
0 0.8826739427012278 0.46723790322580644 0.06548431105047749 0.005040322580645161
0 0.7489768076398363 0.46673387096774194 0.019099590723055934 0.004032258064516129
0 0.7639836289222374 0.4596774193548387 0.06002728512960437 0.006048387096774193
0 0.4877216916780355 0.4586693548387097 0.009549795361527967 0.006048387096774193
0 0.9263301500682128 0.45514112903225806 0.005457025920873124 0.0010080645161290322
0 0.7974079126875853 0.453125 0.03137789904502047 0.0030241935483870967
0 0.757162346521146 0.4526209677419355 0.04638472032742155 0.004032258064516129
0 0.48908594815825374 0.45161290322580644 0.004092769440654843 0.0020161290322580645
0 0.4481582537517053 0.45110887096774194 0.05593451568894952 0.005040322580645161
0 0.927694406548431 0.4480846774193548 0.008185538881309686 0.0010080645161290322
0 0.8601637107776262 0.4485887096774194 0.009549795361527967 0.0020161290322580645
0 0.8819918144611187 0.45463709677419356 0.09686221009549795 0.018145161290322582
0 0.776944065484311 0.4470766129032258 0.09140518417462483 0.005040322580645161
0 0.7025920873124147 0.4465725806451613 0.008185538881309686 0.004032258064516129
0 0.6780354706684857 0.44606854838709675 0.013642564802182811 0.0030241935483870967
0 0.8308321964529332 0.4410282258064516 0.008185538881309686 0.0010080645161290322
0 0.8915416098226466 0.4415322580645161 0.045020463847203276 0.004032258064516129
0 0.8465211459754434 0.4405241935483871 0.015006821282401092 0.0020161290322580645
0 0.8083219645293315 0.4405241935483871 0.01227830832196453 0.0020161290322580645
0 0.747612551159618 0.44002016129032256 0.03274215552523874 0.0030241935483870967
0 0.6705320600272852 0.44002016129032256 0.0068212824010914054 0.0030241935483870967
0 0.6971350613915416 0.44002016129032256 0.013642564802182811 0.005040322580645161
0 0.8765347885402456 0.43598790322580644 0.017735334242837655 0.0030241935483870967
0 0.8540245566166439 0.43497983870967744 0.002728512960436562 0.0010080645161290322
0 0.8260572987721692 0.43497983870967744 0.001364256480218281 0.0010080645161290322
0 0.8110504774897681 0.4344758064516129 0.01227830832196453 0.0020161290322580645
0 0.7830832196452933 0.4339717741935484 0.005457025920873124 0.0010080645161290322
0 0.7517053206002728 0.4339717741935484 0.04911323328785812 0.0030241935483870967
0 0.6780354706684857 0.4334677419354839 0.040927694406548434 0.006048387096774193
0 0.5 0.6960685483870968 1.0 0.5433467741935484
0 0.46998635743519784 0.43548387096774194 0.09140518417462483 0.024193548387096774
0 0.9072305593451568 0.421875 0.002728512960436562 0.0010080645161290322
0 0.897680763983629 0.42086693548387094 0.005457025920873124 0.0010080645161290322
0 0.8772169167803547 0.42086693548387094 0.002728512960436562 0.0010080645161290322
0 0.8867667121418826 0.42036290322580644 0.005457025920873124 0.0020161290322580645
0 0.39836289222373805 0.4173387096774194 0.002728512960436562 0.0020161290322580645
0 0.8840381991814461 0.41431451612903225 0.02455661664392906 0.0020161290322580645
0 0.660300136425648 0.4128024193548387 0.008185538881309686 0.0030241935483870967
0 0.572987721691678 0.4122983870967742 0.005457025920873124 0.0020161290322580645
0 0.5607094133697135 0.4122983870967742 0.005457025920873124 0.0020161290322580645
0 0.5518417462482946 0.4117943548387097 0.001364256480218281 0.0010080645161290322
0 0.9072305593451568 0.40826612903225806 0.002728512960436562 0.0020161290322580645
0 0.8860845839017736 0.40776209677419356 0.03137789904502047 0.0030241935483870967
0 0.7032742155525239 0.4067540322580645 0.001364256480218281 0.0010080645161290322
0 0.36289222373806274 0.4067540322580645 0.002728512960436562 0.0010080645161290322
0 0.6889495225102319 0.4067540322580645 0.008185538881309686 0.0030241935483870967
0 0.67462482946794 0.40625 0.0068212824010914054 0.004032258064516129
0 0.6521145975443383 0.4067540322580645 0.010914051841746248 0.005040322580645161
0 0.5054570259208732 0.40524193548387094 0.0286493860845839 0.006048387096774193
0 0.903137789904502 0.4012096774193548 0.005457025920873124 0.0020161290322580645
0 0.8935879945429741 0.4007056451612903 0.002728512960436562 0.0010080645161290322
0 0.883356070941337 0.4012096774193548 0.0068212824010914054 0.0020161290322580645
0 0.8758526603001364 0.4007056451612903 0.002728512960436562 0.0010080645161290322
0 0.6705320600272852 0.39868951612903225 0.009549795361527967 0.0030241935483870967
0 0.5122783083219645 0.39919354838709675 0.01227830832196453 0.004032258064516129
0 0.8956343792633015 0.3946572580645161 0.004092769440654843 0.0010080645161290322
0 0.6834924965893588 0.39314516129032256 0.005457025920873124 0.0020161290322580645
0 0.6609822646657572 0.39314516129032256 0.02592087312414734 0.004032258064516129
0 0.5163710777626194 0.39213709677419356 0.004092769440654843 0.0020161290322580645
0 0.6507503410641201 0.3865927419354839 0.002728512960436562 0.0010080645161290322
0 0.1800818553888131 0.4017137096774194 0.3601637107776262 0.03528225806451613
0 0.6671214188267395 0.3805443548387097 0.010914051841746248 0.005040322580645161
0 0.6480218281036835 0.3805443548387097 0.008185538881309686 0.005040322580645161
0 0.029331514324693043 0.3860887096774194 0.058663028649386086 0.016129032258064516
0 0.038881309686221006 0.3755040322580645 0.07776261937244201 0.021169354838709676
0 0.5989085948158254 0.37752016129032256 0.13096862210095497 0.07358870967741936
0 0.029331514324693043 0.07610887096774194 0.058663028649386086 0.011088709677419355
0 0.06275579809004093 0.06754032258064516 0.002728512960436562 0.0020161290322580645
0 0.22100954979536153 0.051915322580645164 0.002728512960436562 0.0010080645161290322
0 0.1582537517053206 0.05090725806451613 0.002728512960436562 0.0010080645161290322
0 0.5852660300136425 0.20816532258064516 0.8294679399727148 0.3477822580645161
