0 0.6621983914209115 0.990234375 0.0160857908847185 0.01953125
0 0.6099195710455764 0.9765625 0.00804289544235925 0.015625
0 0.49865951742627346 0.984375 0.021447721179624665 0.03125
0 0.44638069705093836 0.982421875 0.05093833780160858 0.03515625
0 0.39276139410187666 0.98046875 0.01876675603217158 0.0390625
0 0.0013404825737265416 0.734375 0.002680965147453083 0.0078125
0 0.0013404825737265416 0.712890625 0.002680965147453083 0.01171875
0 0.0013404825737265416 0.693359375 0.002680965147453083 0.01171875
0 0.0013404825737265416 0.67578125 0.002680965147453083 0.0078125
0 0.002680965147453083 0.623046875 0.005361930294906166 0.05859375
0 0.002680965147453083 0.556640625 0.005361930294906166 0.05859375
0 0.0013404825737265416 0.486328125 0.002680965147453083 0.00390625
0 0.0013404825737265416 0.474609375 0.002680965147453083 0.01171875
0 0.5053619302949062 0.46875 0.9892761394101877 0.8125
0 0.6689008042895442 0.041015625 0.01876675603217158 0.01171875
0 0.707774798927614 0.037109375 0.010723860589812333 0.01171875
0 0.6662198391420912 0.013671875 0.002680965147453083 0.00390625
0 0.6957104557640751 0.00390625 0.002680965147453083 0.0078125
0 0.6474530831099196 0.005859375 0.01876675603217158 0.01171875
0 0.5361930294906166 0.013671875 0.010723860589812333 0.02734375
0 0.4906166219839142 0.015625 0.0160857908847185 0.03125
0 0.4343163538873995 0.015625 0.05361930294906166 0.03125
