0 0.3865336658354115 0.9945054945054945 0.00997506234413965 0.01098901098901099
0 0.683291770573566 0.9871794871794872 0.004987531172069825 0.02564102564102564
0 0.5935162094763092 0.9798534798534798 0.004987531172069825 0.01098901098901099
0 0.7194513715710723 0.9853479853479854 0.012468827930174564 0.029304029304029304
0 0.6172069825436409 0.9835164835164835 0.017456359102244388 0.03296703296703297
0 0.5748129675810474 0.9835164835164835 0.007481296758104738 0.03296703296703297
0 0.7182044887780549 0.9560439560439561 0.004987531172069825 0.007326007326007326
0 0.35286783042394015 0.9743589743589743 0.032418952618453865 0.05128205128205128
0 0.33790523690773067 0.9523809523809523 0.007481296758104738 0.007326007326007326
0 0.46508728179551123 0.9706959706959707 0.022443890274314215 0.05860805860805861
0 0.4139650872817955 0.9706959706959707 0.014962593516209476 0.05860805860805861
0 0.7182044887780549 0.9175824175824175 0.00997506234413965 0.01098901098901099
0 0.7107231920199502 0.8992673992673993 0.0199501246882793 0.01098901098901099
0 0.6882793017456359 0.8974358974358975 0.00997506234413965 0.007326007326007326
0 0.23815461346633415 0.8681318681318682 0.012468827930174564 0.014652014652014652
0 0.2231920199501247 0.6923076923076923 0.017456359102244388 0.014652014652014652
0 0.5 0.5439560439560439 1.0 0.9120879120879121
0 0.6895261845386533 0.038461538461538464 0.0024937655860349127 0.003663003663003663
0 0.7256857855361596 0.020146520146520148 0.014962593516209476 0.040293040293040296
0 0.6895261845386533 0.01098901098901099 0.0024937655860349127 0.02197802197802198
0 0.655860349127182 0.007326007326007326 0.00997506234413965 0.014652014652014652
0 0.6059850374064838 0.01282051282051282 0.04488778054862843 0.02564102564102564
0 0.4775561097256858 0.003663003663003663 0.007481296758104738 0.007326007326007326
0 0.44389027431421446 0.003663003663003663 0.00997506234413965 0.007326007326007326
0 0.40523690773067333 0.003663003663003663 0.007481296758104738 0.007326007326007326
0 0.36658354114713215 0.003663003663003663 0.034912718204488775 0.007326007326007326
0 0.428927680798005 0.02197802197802198 0.26932668329177056 0.04395604395604396
