0 0.5669398907103825 0.9945750452079566 0.00273224043715847 0.003616636528028933
0 0.38114754098360654 0.9909584086799277 0.030054644808743168 0.018083182640144666
0 0.33060109289617484 0.9900542495479204 0.03825136612021858 0.019891500904159132
0 0.2718579234972678 0.9900542495479204 0.04644808743169399 0.019891500904159132
0 0.523224043715847 0.9873417721518988 0.07923497267759563 0.02531645569620253
0 0.6133879781420765 0.9801084990958409 0.05737704918032787 0.039783001808318265
0 0.3360655737704918 0.9792043399638336 0.2786885245901639 0.04159132007233273
0 0.001366120218579235 0.8544303797468354 0.00273224043715847 0.0018083182640144665
0 0.9726775956284153 0.5886075949367089 0.0546448087431694 0.11392405063291139
0 0.592896174863388 0.10759493670886076 0.00546448087431694 0.0018083182640144665
0 0.5 0.5253164556962026 1.0 0.8444846292947559
0 0.5683060109289617 0.08408679927667269 0.01092896174863388 0.0054249547920434
0 0.5942622950819673 0.08318264014466546 0.030054644808743168 0.028933092224231464
0 0.5846994535519126 0.06329113924050633 0.02185792349726776 0.0108499095840868
0 0.5437158469945356 0.07414104882459313 0.03825136612021858 0.04701627486437613
0 0.5573770491803278 0.05244122965641953 0.02185792349726776 0.007233273056057866
0 0.6543715846994536 0.07414104882459313 0.06830601092896176 0.07233273056057866
0 0.37158469945355194 0.0650994575045208 0.2896174863387978 0.08318264014466546
0 0.592896174863388 0.023508137432188065 0.8142076502732241 0.04701627486437613
