0 0.014824797843665768 0.9964285714285714 0.029649595687331536 0.007142857142857143
0 0.0444743935309973 0.99375 0.013477088948787063 0.0125
0 0.19946091644204852 0.9642857142857143 0.01078167115902965 0.0035714285714285713
0 0.1509433962264151 0.9651785714285714 0.04851752021563342 0.008928571428571428
0 0.10377358490566038 0.9633928571428572 0.008086253369272238 0.005357142857142857
0 0.6415094339622641 0.9428571428571428 0.0431266846361186 0.007142857142857143
0 0.568733153638814 0.9116071428571428 0.0431266846361186 0.019642857142857142
0 0.5754716981132075 0.8892857142857142 0.02425876010781671 0.014285714285714285
0 0.5309973045822103 0.9 0.05929919137466307 0.04285714285714286
0 0.3557951482479784 0.9151785714285714 0.6091644204851752 0.11964285714285715
0 0.19137466307277629 0.8535714285714285 0.016172506738544475 0.0035714285714285713
0 0.6900269541778976 0.7151785714285714 0.005390835579514825 0.0017857142857142857
0 0.8706199460916442 0.7089285714285715 0.016172506738544475 0.0035714285714285713
0 0.8504043126684636 0.7089285714285715 0.0026954177897574125 0.0035714285714285713
0 0.8194070080862533 0.7089285714285715 0.026954177897574125 0.0035714285714285713
0 0.9285714285714286 0.4669642857142857 0.008086253369272238 0.005357142857142857
0 0.5175202156334232 0.6446428571428572 0.9649595687331537 0.425
0 0.07142857142857142 0.4294642857142857 0.06199460916442048 0.005357142857142857
0 0.7088948787061995 0.42589285714285713 0.0215633423180593 0.005357142857142857
0 0.2830188679245283 0.42232142857142857 0.01078167115902965 0.0017857142857142857
0 0.48921832884097033 0.425 0.3638814016172507 0.010714285714285714
0 0.24797843665768193 0.42232142857142857 0.0215633423180593 0.005357142857142857
0 0.16442048517520216 0.4205357142857143 0.016172506738544475 0.0017857142857142857
0 0.07681940700808626 0.41875 0.07277628032345014 0.005357142857142857
0 0.07547169811320754 0.4107142857142857 0.08086253369272237 0.007142857142857143
0 0.6765498652291105 0.4089285714285714 0.026954177897574125 0.007142857142857143
0 0.5148247978436657 0.40714285714285714 0.24797843665768193 0.010714285714285714
0 0.11185983827493262 0.4017857142857143 0.02425876010781671 0.0035714285714285713
0 0.08221024258760108 0.40089285714285716 0.008086253369272238 0.0017857142857142857
0 0.7964959568733153 0.4 0.05121293800539083 0.0035714285714285713
0 0.7493261455525606 0.3991071428571429 0.005390835579514825 0.0017857142857142857
0 0.0444743935309973 0.4 0.013477088948787063 0.0035714285714285713
0 0.5889487870619946 0.3982142857142857 0.04582210242587601 0.0035714285714285713
0 0.07277628032345014 0.3919642857142857 0.07547169811320754 0.005357142857142857
0 0.5539083557951483 0.38392857142857145 0.22371967654986524 0.017857142857142856
0 0.11994609164420485 0.3732142857142857 0.008086253369272238 0.0035714285714285713
0 0.06873315363881402 0.3732142857142857 0.0673854447439353 0.0035714285714285713
0 0.4784366576819407 0.3678571428571429 0.05121293800539083 0.0035714285714285713
0 0.8746630727762803 0.3607142857142857 0.013477088948787063 0.0035714285714285713
0 0.07277628032345014 0.35446428571428573 0.07547169811320754 0.005357142857142857
0 0.9595687331536388 0.3508928571428571 0.0646900269541779 0.005357142857142857
0 0.8611859838274932 0.35 0.04582210242587601 0.0035714285714285713
0 0.5080862533692723 0.34910714285714284 0.0026954177897574125 0.0017857142857142857
0 0.9649595687331537 0.3419642857142857 0.07008086253369272 0.008928571428571428
0 0.6859838274932615 0.34017857142857144 0.0673854447439353 0.005357142857142857
0 0.5808625336927223 0.3392857142857143 0.008086253369272238 0.0035714285714285713
0 0.7574123989218329 0.3848214285714286 0.48517520215633425 0.09821428571428571
0 0.14555256064690028 0.3366071428571429 0.005390835579514825 0.0017857142857142857
0 0.07816711590296496 0.3357142857142857 0.09164420485175202 0.007142857142857143
0 0.8450134770889488 0.3294642857142857 0.008086253369272238 0.0017857142857142857
0 0.7749326145552561 0.33035714285714285 0.029649595687331536 0.0035714285714285713
0 0.5202156334231806 0.3294642857142857 0.01078167115902965 0.0017857142857142857
0 0.9690026954177897 0.33035714285714285 0.06199460916442048 0.007142857142857143
0 0.6495956873315364 0.33035714285714285 0.20485175202156333 0.007142857142857143
0 0.08086253369272237 0.3169642857142857 0.09703504043126684 0.005357142857142857
0 0.5498652291105122 0.29017857142857145 0.005390835579514825 0.0017857142857142857
0 0.11320754716981132 0.24642857142857144 0.1725067385444744 0.11428571428571428
0 0.7318059299191375 0.1875 0.013477088948787063 0.0035714285714285713
0 0.7142857142857143 0.1875 0.01078167115902965 0.0035714285714285713
0 0.6549865229110512 0.1875 0.01078167115902965 0.0035714285714285713
0 0.6159029649595688 0.1875 0.013477088948787063 0.0035714285714285713
0 0.9487870619946092 0.17857142857142858 0.0215633423180593 0.0035714285714285713
0 0.09838274932614555 0.18035714285714285 0.13746630727762804 0.007142857142857143
0 0.7358490566037735 0.16785714285714284 0.0431266846361186 0.0035714285714285713
0 0.6994609164420486 0.16785714285714284 0.008086253369272238 0.0035714285714285713
0 0.6469002695417789 0.1669642857142857 0.01078167115902965 0.0017857142857142857
0 0.7183288409703504 0.23660714285714285 0.5633423180592992 0.14464285714285716
0 0.0660377358490566 0.16160714285714287 0.0026954177897574125 0.0017857142857142857
0 0.0444743935309973 0.1625 0.018867924528301886 0.0035714285714285713
0 0.8733153638814016 0.14910714285714285 0.01078167115902965 0.0017857142857142857
0 0.8477088948787062 0.14910714285714285 0.008086253369272238 0.0017857142857142857
0 0.898921832884097 0.14910714285714285 0.20215633423180593 0.026785714285714284
0 0.04177897574123989 0.13660714285714284 0.008086253369272238 0.0017857142857142857
0 0.9245283018867925 0.12946428571428573 0.1347708894878706 0.005357142857142857
0 0.06873315363881402 0.12678571428571428 0.07277628032345014 0.0035714285714285713
0 0.06064690026954178 0.11696428571428572 0.0026954177897574125 0.0017857142857142857
0 0.8975741239892183 0.11607142857142858 0.18328840970350405 0.017857142857142856
0 0.0660377358490566 0.10714285714285714 0.0673854447439353 0.0035714285714285713
0 0.8059299191374663 0.09910714285714285 0.005390835579514825 0.0017857142857142857
0 0.07412398921832884 0.09732142857142857 0.029649595687331536 0.0017857142857142857
0 0.9043126684636119 0.09553571428571428 0.14285714285714285 0.01607142857142857
0 0.8975741239892183 0.08125 0.1347708894878706 0.005357142857142857
0 0.07547169811320754 0.08035714285714286 0.01078167115902965 0.0035714285714285713
0 0.0444743935309973 0.07946428571428571 0.008086253369272238 0.0017857142857142857
0 0.06873315363881402 0.07142857142857142 0.07277628032345014 0.0035714285714285713
0 0.8935309973045822 0.07142857142857142 0.12668463611859837 0.007142857142857143
0 0.09029649595687332 0.06160714285714286 0.0026954177897574125 0.0017857142857142857
0 0.07277628032345014 0.06160714285714286 0.026954177897574125 0.0017857142857142857
0 0.04851752021563342 0.06160714285714286 0.005390835579514825 0.0017857142857142857
0 0.9002695417789758 0.05714285714285714 0.10242587601078167 0.014285714285714285
0 0.1078167115902965 0.05267857142857143 0.15633423180592992 0.008928571428571428
0 0.977088948787062 0.033928571428571426 0.04582210242587601 0.02142857142857143
0 0.889487870619946 0.03214285714285714 0.1078167115902965 0.02857142857142857
0 0.1347708894878706 0.022321428571428572 0.2210242587601078 0.044642857142857144
