0 0.635593220338983 0.9921135646687698 0.009416195856873822 0.015772870662460567
0 0.4830508474576271 0.9810725552050473 0.01694915254237288 0.03785488958990536
0 0.507532956685499 0.9779179810725552 0.01694915254237288 0.04416403785488959
0 0.5574387947269304 0.9763406940063092 0.015065913370998116 0.0473186119873817
0 0.5216572504708098 0.9589905362776026 0.1958568738229755 0.08201892744479496
0 0.7288135593220338 0.9558359621451105 0.022598870056497175 0.08832807570977919
0 0.7099811676082862 0.919558359621451 0.011299435028248588 0.015772870662460567
0 0.10263653483992467 0.49842271293375395 0.03954802259887006 0.11356466876971609
0 0.10263653483992467 0.13249211356466878 0.005649717514124294 0.03785488958990536
0 0.7090395480225988 0.056782334384858045 0.005649717514124294 0.012618296529968454
0 0.5235404896421846 0.47003154574132494 0.896421845574388 0.8517350157728707
0 0.10263653483992467 0.47003154574132494 0.20527306967984935 0.8517350157728707
0 0.7335216572504708 0.033123028391167195 0.02071563088512241 0.06624605678233439
0 0.6770244821092278 0.017350157728706624 0.02448210922787194 0.03470031545741325
0 0.6497175141242938 0.01892744479495268 0.022598870056497175 0.03785488958990536
0 0.5649717514124294 0.011041009463722398 0.011299435028248588 0.022082018927444796
0 0.5141242937853108 0.011041009463722398 0.015065913370998116 0.022082018927444796
0 0.4924670433145009 0.011041009463722398 0.013182674199623353 0.022082018927444796
0 0.5263653483992468 0.031545741324921134 0.1902071563088512 0.06309148264984227
