0 0.5622119815668203 0.964527027027027 0.027649769585253458 0.016891891891891893
0 0.6025345622119815 0.9628378378378378 0.016129032258064516 0.02027027027027027
0 0.5357142857142857 0.9611486486486487 0.002304147465437788 0.016891891891891893
0 0.5633640552995391 0.9375 0.002304147465437788 0.0033783783783783786
0 0.6002304147465438 0.9307432432432432 0.02534562211981567 0.030405405405405407
0 0.5841013824884793 0.9070945945945946 0.01152073732718894 0.010135135135135136
0 0.423963133640553 0.9206081081081081 0.027649769585253458 0.07094594594594594
0 0.37442396313364057 0.9206081081081081 0.052995391705069124 0.07094594594594594
0 0.5679723502304147 0.8834459459459459 0.002304147465437788 0.0033783783783783786
0 0.5403225806451613 0.910472972972973 0.016129032258064516 0.057432432432432436
0 0.31336405529953915 0.918918918918919 0.041474654377880185 0.07432432432432433
0 0.5 0.42567567567567566 1.0 0.777027027027027
