0 0.5730858468677494 0.976271186440678 0.03248259860788863 0.020338983050847456
0 0.574245939675174 0.9525423728813559 0.0069605568445475635 0.013559322033898305
0 0.605568445475638 0.9559322033898305 0.04176334106728538 0.061016949152542375
0 0.5939675174013921 0.9220338983050848 0.013921113689095127 0.013559322033898305
0 0.43503480278422274 0.9338983050847458 0.030162412993039442 0.0711864406779661
0 0.5986078886310905 0.8966101694915254 0.004640371229698376 0.003389830508474576
0 0.5510440835266821 0.940677966101695 0.02088167053364269 0.09152542372881356
0 0.382830626450116 0.9322033898305084 0.05568445475638051 0.07457627118644068
0 0.3236658932714617 0.9322033898305084 0.04408352668213457 0.07457627118644068
0 0.5777262180974478 0.8966101694915254 0.009280742459396751 0.010169491525423728
0 0.5 0.43559322033898307 1.0 0.7898305084745763
