0 0.5470459518599562 0.969551282051282 0.030634573304157548 0.060897435897435896
0 0.4890590809628009 0.969551282051282 0.045951859956236324 0.060897435897435896
0 0.437636761487965 0.967948717948718 0.0437636761487965 0.0641025641025641
0 0.6564551422319475 0.9663461538461539 0.030634573304157548 0.0673076923076923
0 0.6958424507658644 0.9647435897435898 0.0525164113785558 0.07051282051282051
0 0.5010940919037199 0.9503205128205128 0.26695842450765866 0.09935897435897435
0 0.7647702407002188 0.9487179487179487 0.05470459518599562 0.10256410256410256
0 0.9781181619256017 0.780448717948718 0.00437636761487965 0.003205128205128205
0 0.9978118161925602 0.6730769230769231 0.00437636761487965 0.00641025641025641
0 0.9967177242888403 0.6105769230769231 0.006564551422319475 0.003205128205128205
0 0.047045951859956234 0.4439102564102564 0.09409190371991247 0.7724358974358975
0 0.7199124726477024 0.049679487179487176 0.00437636761487965 0.003205128205128205
0 0.5514223194748359 0.44871794871794873 0.8971553610503282 0.8461538461538461
0 0.7680525164113785 0.028846153846153848 0.061269146608315096 0.057692307692307696
0 0.712253829321663 0.01282051282051282 0.028446389496717725 0.02564102564102564
0 0.6706783369803063 0.01282051282051282 0.045951859956236324 0.02564102564102564
0 0.5076586433260394 0.022435897435897436 0.26258205689277897 0.04487179487179487
