0 0.6904761904761905 0.9903474903474904 0.047619047619047616 0.019305019305019305
0 0.4021164021164021 0.9845559845559846 0.2804232804232804 0.03088803088803089
0 0.08068783068783068 0.36486486486486486 0.018518518518518517 0.03474903474903475
0 0.4246031746031746 0.2413127413127413 0.007936507936507936 0.003861003861003861
0 0.6759259259259259 0.07528957528957529 0.007936507936507936 0.011583011583011582
0 0.6256613756613757 0.052123552123552123 0.0026455026455026454 0.003861003861003861
0 0.6521164021164021 0.05019305019305019 0.06084656084656084 0.06177606177606178
0 0.6071428571428571 0.03861003861003861 0.018518518518518517 0.0694980694980695
0 0.5 0.47297297297297297 1.0 0.9459459459459459
0 0.6507936507936508 0.009652509652509652 0.015873015873015872 0.019305019305019305
0 0.4933862433862434 0.021235521235521235 0.013227513227513227 0.04247104247104247
0 0.42063492063492064 0.019305019305019305 0.015873015873015872 0.03861003861003861
0 0.376984126984127 0.017374517374517374 0.04497354497354497 0.03474903474903475
0 0.4417989417989418 0.04633204633204633 0.2698412698412698 0.09266409266409266
