0 0.6229838709677419 0.7457627118644068 0.036290322580645164 0.006779661016949152
0 0.594758064516129 0.7440677966101695 0.008064516129032258 0.003389830508474576
0 0.65625 0.7423728813559322 0.02620967741935484 0.006779661016949152
0 0.9183467741935484 0.735593220338983 0.16330645161290322 0.020338983050847456
0 0.5 0.5338983050847458 1.0 0.9322033898305084
0 0.6330645161290323 0.06271186440677966 0.008064516129032258 0.010169491525423728
0 0.5887096774193549 0.0576271186440678 0.004032258064516129 0.013559322033898305
0 0.6673387096774194 0.05084745762711865 0.004032258064516129 0.02711864406779661
0 0.6008064516129032 0.0423728813559322 0.004032258064516129 0.010169491525423728
0 0.6169354838709677 0.0423728813559322 0.036290322580645164 0.0576271186440678
0 0.6955645161290323 0.03559322033898305 0.012096774193548387 0.0711864406779661
0 0.592741935483871 0.01864406779661017 0.012096774193548387 0.03728813559322034
0 0.5100806451612904 0.022033898305084745 0.016129032258064516 0.04406779661016949
0 0.4657258064516129 0.022033898305084745 0.03225806451612903 0.04406779661016949
0 0.42338709677419356 0.01864406779661017 0.028225806451612902 0.03728813559322034
0 0.4717741935483871 0.03898305084745763 0.2056451612903226 0.07796610169491526
