0 0.43567753001715265 0.9911347517730497 0.010291595197255575 0.01773049645390071
0 0.6054888507718696 0.9902482269503546 0.0137221269296741 0.01950354609929078
0 0.4794168096054888 0.9902482269503546 0.015437392795883362 0.01950354609929078
0 0.46397941680960547 0.9902482269503546 0.012006861063464836 0.01950354609929078
0 0.5051457975986278 0.9893617021276596 0.012006861063464836 0.02127659574468085
0 0.6166380789022299 0.9804964539007093 0.005145797598627788 0.0070921985815602835
0 0.5728987993138936 0.9796099290780141 0.003430531732418525 0.005319148936170213
0 0.5891938250428816 0.973404255319149 0.005145797598627788 0.0035460992907801418
0 0.04202401372212693 0.7712765957446809 0.008576329331046312 0.0035460992907801418
0 0.04288164665523156 0.7535460992907801 0.024013722126929673 0.0070921985815602835
0 0.04202401372212693 0.7446808510638298 0.008576329331046312 0.0035460992907801418
0 0.04288164665523156 0.7358156028368794 0.0137221269296741 0.0070921985815602835
0 0.0411663807890223 0.726063829787234 0.02058319039451115 0.005319148936170213
0 0.03773584905660377 0.7065602836879432 0.0137221269296741 0.005319148936170213
0 0.058319039451114926 0.6817375886524822 0.003430531732418525 0.0017730496453900709
0 0.04888507718696398 0.6817375886524822 0.008576329331046312 0.0017730496453900709
0 0.9682675814751286 0.36347517730496454 0.005145797598627788 0.0035460992907801418
0 0.9785591766723842 0.34397163120567376 0.04288164665523156 0.0425531914893617
0 0.967409948542024 0.32358156028368795 0.003430531732418525 0.0017730496453900709
0 0.5051457975986278 0.5044326241134752 0.9897084048027445 0.8953900709219859
0 0.6149228130360206 0.047872340425531915 0.015437392795883362 0.0070921985815602835
0 0.6500857632933105 0.03900709219858156 0.00686106346483705 0.010638297872340425
0 0.6346483704974271 0.03368794326241135 0.003430531732418525 0.0035460992907801418
0 0.6097770154373928 0.028368794326241134 0.012006861063464836 0.010638297872340425
0 0.6492281303602059 0.015070921985815602 0.012006861063464836 0.008865248226950355
0 0.6072041166380789 0.010638297872340425 0.003430531732418525 0.0070921985815602835
0 0.5385934819897084 0.022163120567375887 0.0137221269296741 0.03368794326241135
0 0.6895368782161235 0.03102836879432624 0.017152658662092625 0.06205673758865248
0 0.6698113207547169 0.03102836879432624 0.008576329331046312 0.06205673758865248
0 0.6226415094339622 0.0035460992907801418 0.00686106346483705 0.0070921985815602835
0 0.5017152658662093 0.018617021276595744 0.025728987993138937 0.03723404255319149
0 0.46569468267581476 0.01773049645390071 0.012006861063464836 0.03546099290780142
0 0.5068610634648371 0.030141843971631204 0.16981132075471697 0.06028368794326241
