0 0.5458265139116203 0.9974662162162162 0.004909983633387889 0.005067567567567568
0 0.4762684124386252 0.9890202702702703 0.01309328968903437 0.02195945945945946
0 0.4525368248772504 0.9890202702702703 0.011456628477905073 0.02195945945945946
0 0.4337152209492635 0.9890202702702703 0.006546644844517185 0.02195945945945946
0 0.4083469721767594 0.9890202702702703 0.008183306055646482 0.02195945945945946
0 0.574468085106383 0.9746621621621622 0.0032733224222585926 0.0033783783783783786
0 0.9427168576104746 0.7094594594594594 0.0032733224222585926 0.0033783783783783786
0 0.6194762684124386 0.3893581081081081 0.0016366612111292963 0.0016891891891891893
0 0.6088379705400983 0.3902027027027027 0.006546644844517185 0.0033783783783783786
0 0.5891980360065466 0.3902027027027027 0.006546644844517185 0.0033783783783783786
0 0.8166939443535188 0.38175675675675674 0.006546644844517185 0.0033783783783783786
0 0.9075286415711947 0.3783783783783784 0.004909983633387889 0.0033783783783783786
0 0.7757774140752864 0.37077702702702703 0.0032733224222585926 0.0016891891891891893
0 0.853518821603928 0.36993243243243246 0.004909983633387889 0.0033783783783783786
0 0.8436988543371522 0.36993243243243246 0.004909983633387889 0.0033783783783783786
0 0.8216039279869067 0.36993243243243246 0.006546644844517185 0.0033783783783783786
0 0.8044189852700491 0.36993243243243246 0.008183306055646482 0.0033783783783783786
0 0.795417348608838 0.36993243243243246 0.006546644844517185 0.0033783783783783786
0 0.897708674304419 0.36908783783783783 0.07364975450081833 0.005067567567567568
0 0.55810147299509 0.36486486486486486 0.0032733224222585926 0.0033783783783783786
0 0.5474631751227496 0.3640202702702703 0.004909983633387889 0.0016891891891891893
0 0.5400981996726678 0.3640202702702703 0.0032733224222585926 0.0016891891891891893
0 0.530278232405892 0.36486486486486486 0.006546644844517185 0.0033783783783783786
0 0.5180032733224222 0.36486486486486486 0.008183306055646482 0.0033783783783783786
0 0.4844517184942717 0.36486486486486486 0.01309328968903437 0.0033783783783783786
0 0.8829787234042553 0.3606418918918919 0.004909983633387889 0.0016891891891891893
0 0.8747954173486089 0.3606418918918919 0.0016366612111292963 0.0016891891891891893
0 0.7225859247135843 0.36739864864864863 0.07037643207855974 0.015202702702702704
0 0.9157119476268413 0.3589527027027027 0.0016366612111292963 0.0016891891891891893
0 0.9058919803600655 0.3597972972972973 0.008183306055646482 0.0033783783783783786
0 0.8936170212765957 0.3597972972972973 0.0032733224222585926 0.0033783783783783786
0 0.9263502454991817 0.3589527027027027 0.009819967266775777 0.005067567567567568
0 0.88379705400982 0.35135135135135137 0.022913256955810146 0.0033783783783783786
0 0.8633387888707038 0.35050675675675674 0.004909983633387889 0.0016891891891891893
0 0.9140752864157119 0.34966216216216217 0.03436988543371522 0.006756756756756757
0 0.48117839607201307 0.3471283783783784 0.016366612111292964 0.0016891891891891893
0 0.469721767594108 0.3471283783783784 0.0032733224222585926 0.0016891891891891893
0 0.8126022913256956 0.34459459459459457 0.004909983633387889 0.0033783783783783786
0 0.7692307692307693 0.34459459459459457 0.0032733224222585926 0.0033783783783783786
0 0.7585924713584288 0.34459459459459457 0.004909983633387889 0.0033783783783783786
0 0.690671031096563 0.34459459459459457 0.0032733224222585926 0.0033783783783783786
0 0.8919803600654664 0.34121621621621623 0.0032733224222585926 0.0033783783783783786
0 0.8829787234042553 0.34121621621621623 0.004909983633387889 0.0033783783783783786
0 0.9206219312602292 0.3403716216216216 0.02127659574468085 0.005067567567567568
0 0.5679214402618658 0.33530405405405406 0.006546644844517185 0.0016891891891891893
0 0.9018003273322422 0.33192567567567566 0.0032733224222585926 0.0016891891891891893
0 0.8715220949263502 0.33192567567567566 0.004909983633387889 0.0016891891891891893
0 0.8608837970540099 0.33192567567567566 0.006546644844517185 0.0016891891891891893
0 0.851063829787234 0.33192567567567566 0.0032733224222585926 0.0016891891891891893
0 0.9198036006546645 0.33192567567567566 0.022913256955810146 0.005067567567567568
0 0.8878887070376432 0.33192567567567566 0.011456628477905073 0.005067567567567568
0 0.6292962356792144 0.3268581081081081 0.0016366612111292963 0.0016891891891891893
0 0.5474631751227496 0.3268581081081081 0.004909983633387889 0.0016891891891891893
0 0.7986906710310966 0.3260135135135135 0.006546644844517185 0.0033783783783783786
0 0.79050736497545 0.3260135135135135 0.006546644844517185 0.0033783783783783786
0 0.7757774140752864 0.3260135135135135 0.016366612111292964 0.0033783783783783786
0 0.7569558101472995 0.3260135135135135 0.004909983633387889 0.0033783783783783786
0 0.5335515548281505 0.3268581081081081 0.019639934533551555 0.005067567567567568
0 0.9108019639934534 0.3234797297297297 0.004909983633387889 0.0016891891891891893
0 0.8707037643207856 0.3234797297297297 0.006546644844517185 0.0016891891891891893
0 0.8625204582651391 0.3234797297297297 0.0032733224222585926 0.0016891891891891893
0 0.8502454991816694 0.32432432432432434 0.004909983633387889 0.0033783783783783786
0 0.8412438625204582 0.3251689189189189 0.006546644844517185 0.005067567567567568
0 0.82569558101473 0.3251689189189189 0.014729950900163666 0.005067567567567568
0 0.8109656301145662 0.32432432432432434 0.008183306055646482 0.0033783783783783786
0 0.9263502454991817 0.32263513513513514 0.01309328968903437 0.0033783783783783786
0 0.886252045826514 0.32263513513513514 0.014729950900163666 0.0033783783783783786
0 0.7250409165302782 0.33868243243243246 0.049099836333878884 0.03547297297297297
0 0.8887070376432079 0.31334459459459457 0.006546644844517185 0.0016891891891891893
0 0.881342062193126 0.31334459459459457 0.004909983633387889 0.0016891891891891893
0 0.8690671031096563 0.31334459459459457 0.006546644844517185 0.0016891891891891893
0 0.8592471358428805 0.31334459459459457 0.0032733224222585926 0.0016891891891891893
0 0.8502454991816694 0.3141891891891892 0.008183306055646482 0.0033783783783783786
0 0.7561374795417348 0.31503378378378377 0.006546644844517185 0.005067567567567568
0 0.9140752864157119 0.3141891891891892 0.03436988543371522 0.006756756756756757
0 0.5761047463175123 0.30827702702702703 0.006546644844517185 0.0016891891891891893
0 0.5703764320785597 0.30827702702702703 0.0016366612111292963 0.0016891891891891893
0 0.513911620294599 0.30827702702702703 0.0032733224222585926 0.0016891891891891893
0 0.5540098199672667 0.30743243243243246 0.008183306055646482 0.0033783783783783786
0 0.5032733224222586 0.30743243243243246 0.004909983633387889 0.0033783783783783786
0 0.6914893617021277 0.30658783783783783 0.004909983633387889 0.005067567567567568
0 0.900163666121113 0.30405405405405406 0.0032733224222585926 0.0033783783783783786
0 0.8895253682487725 0.3032094594594595 0.0016366612111292963 0.0016891891891891893
0 0.869885433715221 0.30405405405405406 0.004909983633387889 0.0033783783783783786
0 0.8608837970540099 0.30405405405405406 0.006546644844517185 0.0033783783783783786
0 0.8297872340425532 0.30489864864864863 0.04582651391162029 0.005067567567567568
0 0.7937806873977087 0.30489864864864863 0.016366612111292964 0.005067567567567568
0 0.9222585924713584 0.30405405405405406 0.024549918166939442 0.006756756756756757
0 0.7659574468085106 0.30574324324324326 0.03600654664484452 0.010135135135135136
0 0.7217675941080196 0.30996621621621623 0.03927986906710311 0.018581081081081082
0 0.9124386252045826 0.29307432432432434 0.004909983633387889 0.0016891891891891893
0 0.900163666121113 0.29307432432432434 0.0032733224222585926 0.0016891891891891893
0 0.8903436988543372 0.29307432432432434 0.0032733224222585926 0.0016891891891891893
0 0.7520458265139116 0.2956081081081081 0.011456628477905073 0.006756756756756757
0 0.925531914893617 0.29307432432432434 0.014729950900163666 0.005067567567567568
0 0.7757774140752864 0.28631756756756754 0.006546644844517185 0.0016891891891891893
0 0.8265139116202946 0.2846283783783784 0.09165302782324058 0.005067567567567568
0 0.7577741407528642 0.28547297297297297 0.02618657937806874 0.006756756756756757
0 0.9214402618657938 0.2846283783783784 0.03273322422258593 0.008445945945945946
0 0.7553191489361702 0.27618243243243246 0.004909983633387889 0.005067567567567568
0 0.9312602291325696 0.27364864864864863 0.006546644844517185 0.0033783783783783786
0 0.900163666121113 0.27280405405405406 0.0032733224222585926 0.0016891891891891893
0 0.5049099836333879 0.26942567567567566 0.0016366612111292963 0.0016891891891891893
0 0.49345335515548283 0.26942567567567566 0.008183306055646482 0.0016891891891891893
0 0.8175122749590835 0.2668918918918919 0.031096563011456628 0.0033783783783783786
0 0.9296235679214403 0.2660472972972973 0.022913256955810146 0.008445945945945946
0 0.5 0.49239864864864863 1.0 0.8868243243243243
0 0.395253682487725 0.037162162162162164 0.014729950900163666 0.0033783783783783786
0 0.5450081833060556 0.02787162162162162 0.009819967266775777 0.005067567567567568
0 0.5335515548281505 0.015202702702702704 0.0032733224222585926 0.006756756756756757
0 0.6194762684124386 0.016891891891891893 0.004909983633387889 0.033783783783783786
0 0.46481178396072015 0.019425675675675675 0.10801963993453355 0.03885135135135135
0 0.46481178396072015 0.01097972972972973 0.006546644844517185 0.02195945945945946
0 0.427986906710311 0.011824324324324325 0.02127659574468085 0.02364864864864865
0 0.3985270049099836 0.01097972972972973 0.004909983633387889 0.02195945945945946
0 0.3707037643207856 0.019425675675675675 0.024549918166939442 0.03885135135135135
