0 0.9233766233766234 0.9991394148020654 0.007792207792207792 0.0017211703958691911
0 0.7701298701298701 0.9664371772805508 0.0025974025974025974 0.0017211703958691911
0 0.6012987012987013 0.9776247848537005 0.02857142857142857 0.0378657487091222
0 0.4974025974025974 0.9793459552495697 0.04415584415584416 0.04130808950086059
0 0.5545454545454546 0.9784853700516352 0.05454545454545454 0.043029259896729774
0 0.5545454545454546 0.9672977624784854 0.2571428571428571 0.06540447504302926
0 0.7649350649350649 0.9664371772805508 0.14805194805194805 0.06712564543889846
0 0.45454545454545453 0.9148020654044751 0.005194805194805195 0.0017211703958691911
0 0.4831168831168831 0.9148020654044751 0.015584415584415584 0.0051635111876075735
0 0.2025974025974026 0.9079173838209983 0.015584415584415584 0.03614457831325301
0 0.02207792207792208 0.8967297762478486 0.04415584415584416 0.058519793459552494
0 0.33246753246753247 0.8812392426850258 0.07272727272727272 0.08261617900172118
0 0.12467532467532468 0.7624784853700516 0.005194805194805195 0.0034423407917383822
0 0.07402597402597402 0.8330464716006885 0.09610389610389611 0.14457831325301204
0 0.0025974025974025974 0.7271944922547332 0.005194805194805195 0.0017211703958691911
0 0.24675324675324675 0.7194492254733219 0.005194805194805195 0.0034423407917383822
0 0.24805194805194805 0.7082616179001722 0.0025974025974025974 0.0017211703958691911
0 0.35584415584415585 0.6962134251290878 0.005194805194805195 0.0051635111876075735
0 0.2506493506493506 0.697934595524957 0.007792207792207792 0.008605851979345954
0 0.4012987012987013 0.6798623063683304 0.007792207792207792 0.0068846815834767644
0 0.35974025974025975 0.6755593803786575 0.007792207792207792 0.022375215146299483
0 0.023376623376623377 0.5542168674698795 0.005194805194805195 0.0034423407917383822
0 0.01818181818181818 0.47332185886402756 0.01038961038961039 0.013769363166953529
0 0.6350649350649351 0.26506024096385544 0.007792207792207792 0.0034423407917383822
0 0.024675324675324677 0.2469879518072289 0.0025974025974025974 0.0017211703958691911
0 0.005194805194805195 0.24784853700516352 0.01038961038961039 0.0034423407917383822
0 0.02077922077922078 0.22719449225473323 0.04155844155844156 0.0068846815834767644
0 0.024675324675324677 0.20740103270223753 0.04935064935064935 0.008605851979345954
0 0.033766233766233764 0.18588640275387264 0.06753246753246753 0.010327022375215147
0 0.4844155844155844 0.5490533562822719 0.9688311688311688 0.7435456110154905
0 0.04155844155844156 0.16609294320137694 0.08311688311688312 0.008605851979345954
0 0.5597402597402598 0.16781411359724613 0.8181818181818182 0.01549053356282272
0 0.5636363636363636 0.15060240963855423 0.8155844155844156 0.01549053356282272
0 0.12207792207792208 0.12306368330464716 0.01038961038961039 0.0051635111876075735
0 0.7233766233766233 0.04475043029259897 0.007792207792207792 0.0034423407917383822
0 0.5688311688311688 0.08950086058519793 0.8051948051948052 0.10327022375215146
0 0.7402597402597403 0.035283993115318414 0.005194805194805195 0.0051635111876075735
0 0.4896103896103896 0.03442340791738382 0.04415584415584416 0.0378657487091222
0 0.7571428571428571 0.028399311531841654 0.023376623376623377 0.029259896729776247
0 0.5948051948051948 0.030120481927710843 0.025974025974025976 0.03614457831325301
0 0.548051948051948 0.031841652323580036 0.05194805194805195 0.039586919104991396
0 0.8116883116883117 0.024096385542168676 0.05454545454545454 0.04819277108433735
0 0.7376623376623377 0.0051635111876075735 0.01038961038961039 0.010327022375215147
0 0.7220779220779221 0.0008605851979345956 0.005194805194805195 0.0017211703958691911
0 0.7 0.024096385542168676 0.023376623376623377 0.04819277108433735
0 0.5493506493506494 0.0378657487091222 0.2623376623376623 0.0757314974182444
0 0.17662337662337663 0.0034423407917383822 0.06233766233766234 0.0068846815834767644
0 0.00909090909090909 0.008605851979345954 0.01818181818181818 0.01721170395869191
