0 0.9759933774834437 0.9408482142857143 0.048013245033112585 0.03794642857142857
0 0.44039735099337746 0.8973214285714286 0.8642384105960265 0.20535714285714285
0 0.3576158940397351 0.7544642857142857 0.013245033112582781 0.004464285714285714
0 0.36258278145695366 0.7276785714285714 0.0033112582781456954 0.004464285714285714
0 0.34519867549668876 0.7276785714285714 0.004966887417218543 0.004464285714285714
0 0.3617549668874172 0.7008928571428571 0.014900662251655629 0.008928571428571428
0 0.3360927152317881 0.6997767857142857 0.019867549668874173 0.006696428571428571
0 0.21605960264900662 0.7433035714285714 0.3129139072847682 0.10267857142857142
0 0.08526490066225166 0.6930803571428571 0.03145695364238411 0.006696428571428571
0 0.2185430463576159 0.6819196428571429 0.304635761589404 0.015625
0 0.1076158940397351 0.6662946428571429 0.006622516556291391 0.002232142857142857
0 0.9892384105960265 0.6495535714285714 0.02152317880794702 0.008928571428571428
0 0.36341059602649006 0.39732142857142855 0.008278145695364239 0.004464285714285714
0 0.31125827814569534 0.39620535714285715 0.009933774834437087 0.006696428571428571
0 0.18129139072847683 0.38950892857142855 0.054635761589403975 0.006696428571428571
0 0.3609271523178808 0.3828125 0.026490066225165563 0.006696428571428571
0 0.2392384105960265 0.3671875 0.004966887417218543 0.002232142857142857
0 0.2293046357615894 0.36607142857142855 0.004966887417218543 0.004464285714285714
0 0.1945364238410596 0.5189732142857143 0.36258278145695366 0.31473214285714285
0 0.3518211920529801 0.35714285714285715 0.041390728476821195 0.008928571428571428
0 0.1945364238410596 0.35044642857142855 0.2599337748344371 0.022321428571428572
0 0.33692052980132453 0.33482142857142855 0.008278145695364239 0.004464285714285714
0 0.3576158940397351 0.33482142857142855 0.029801324503311258 0.008928571428571428
0 0.2119205298013245 0.31808035714285715 0.0033112582781456954 0.002232142857142857
0 0.19701986754966888 0.32700892857142855 0.25496688741721857 0.024553571428571428
0 0.19205298013245034 0.3158482142857143 0.0033112582781456954 0.002232142857142857
0 0.17798013245033112 0.3158482142857143 0.014900662251655629 0.002232142857142857
0 0.3352649006622517 0.3091517857142857 0.0016556291390728477 0.002232142857142857
0 0.12334437086092716 0.3125 0.08774834437086093 0.008928571428571428
0 0.36341059602649006 0.31026785714285715 0.014900662251655629 0.008928571428571428
0 0.3468543046357616 0.3080357142857143 0.004966887417218543 0.004464285714285714
0 0.19619205298013245 0.30245535714285715 0.2533112582781457 0.020089285714285716
0 0.20198675496688742 0.2890625 0.23509933774834438 0.015625
0 0.36423841059602646 0.28125 0.009933774834437087 0.004464285714285714
0 0.19701986754966888 0.27566964285714285 0.24834437086092714 0.015625
0 0.36341059602649006 0.26785714285714285 0.004966887417218543 0.004464285714285714
0 0.26490066225165565 0.265625 0.10596026490066225 0.008928571428571428
0 0.1456953642384106 0.26004464285714285 0.12582781456953643 0.011160714285714286
0 0.36341059602649006 0.2544642857142857 0.011589403973509934 0.008928571428571428
0 0.20281456953642385 0.24888392857142858 0.23344370860927152 0.015625
0 0.36341059602649006 0.24107142857142858 0.004966887417218543 0.004464285714285714
0 0.27566225165562913 0.23883928571428573 0.08443708609271523 0.008928571428571428
0 0.34602649006622516 0.22767857142857142 0.006622516556291391 0.004464285714285714
0 0.33278145695364236 0.2265625 0.0033112582781456954 0.002232142857142857
0 0.3609271523178808 0.22767857142857142 0.019867549668874173 0.008928571428571428
0 0.5082781456953642 0.14397321428571427 0.9834437086092715 0.18973214285714285
0 0.554635761589404 0.033482142857142856 0.016556291390728478 0.017857142857142856
0 0.5380794701986755 0.016741071428571428 0.0033112582781456954 0.006696428571428571
0 0.4693708609271523 0.015625 0.014900662251655629 0.03125
0 0.4445364238410596 0.014508928571428572 0.011589403973509934 0.029017857142857144
0 0.4246688741721854 0.014508928571428572 0.008278145695364239 0.029017857142857144
0 0.40066225165562913 0.013392857142857142 0.006622516556291391 0.026785714285714284
