0 0.2131782945736434 0.8598326359832636 0.010852713178294573 0.0041841004184100415
0 0.21705426356589147 0.8368200836820083 0.006201550387596899 0.0041841004184100415
0 0.22015503875968992 0.8117154811715481 0.006201550387596899 0.0041841004184100415
0 0.21705426356589147 0.8023012552301255 0.012403100775193798 0.006276150627615063
0 0.15968992248062017 0.7405857740585774 0.0031007751937984496 0.0041841004184100415
0 0.17131782945736435 0.7228033472803347 0.0015503875968992248 0.0020920502092050207
0 0.3511627906976744 0.26778242677824265 0.0015503875968992248 0.0041841004184100415
0 0.3511627906976744 0.24476987447698745 0.0015503875968992248 0.0041841004184100415
0 0.45813953488372094 0.19769874476987448 0.013953488372093023 0.010460251046025104
0 0.9899224806201551 0.18828451882845187 0.004651162790697674 0.0041841004184100415
0 0.45813953488372094 0.18723849372384938 0.010852713178294573 0.006276150627615063
0 0.9868217054263566 0.11715481171548117 0.004651162790697674 0.0041841004184100415
0 0.986046511627907 0.10251046025104603 0.006201550387596899 0.0041841004184100415
0 0.4992248062015504 0.50418410041841 0.9984496124031008 0.9916317991631799
