0 0.47792494481236203 0.9394812680115274 0.9161147902869757 0.12103746397694524
0 0.6909492273730684 0.7723342939481268 0.004415011037527594 0.005763688760806916
0 0.6931567328918322 0.7579250720461095 0.008830022075055188 0.011527377521613832
0 0.6986754966887417 0.7449567723342939 0.006622516556291391 0.008645533141210375
0 0.7119205298013245 0.7406340057636888 0.006622516556291391 0.005763688760806916
0 0.03200883002207505 0.7319884726224783 0.02869757174392936 0.005763688760806916
0 0.6997792494481236 0.7276657060518732 0.004415011037527594 0.002881844380403458
0 0.760485651214128 0.723342939481268 0.011037527593818985 0.005763688760806916
0 0.6986754966887417 0.7132564841498559 0.006622516556291391 0.008645533141210375
0 0.7814569536423841 0.7031700288184438 0.02207505518763797 0.023054755043227664
0 0.6766004415011038 0.6945244956772334 0.01545253863134658 0.01729106628242075
0 0.7792494481236203 0.6556195965417867 0.008830022075055188 0.008645533141210375
0 0.6931567328918322 0.6469740634005764 0.004415011037527594 0.002881844380403458
0 0.7483443708609272 0.6786743515850144 0.09713024282560706 0.13544668587896252
0 0.6490066225165563 0.5504322766570605 0.004415011037527594 0.005763688760806916
0 0.6622516556291391 0.5331412103746398 0.008830022075055188 0.005763688760806916
0 0.4735099337748344 0.6772334293948127 0.9470198675496688 0.4092219020172911
0 0.8035320088300221 0.4610951008645533 0.013245033112582781 0.011527377521613832
0 0.5121412803532008 0.22622478386167147 0.008830022075055188 0.002881844380403458
0 0.9944812362030905 0.23054755043227665 0.011037527593818985 0.04610951008645533
0 0.5761589403973509 0.207492795389049 0.013245033112582781 0.005763688760806916
0 0.5805739514348786 0.19164265129682997 0.008830022075055188 0.002881844380403458
0 0.5474613686534217 0.1930835734870317 0.004415011037527594 0.005763688760806916
0 0.8123620309050773 0.18011527377521613 0.008830022075055188 0.002881844380403458
0 0.5684326710816777 0.17579250720461095 0.024282560706401765 0.005763688760806916
0 0.9161147902869757 0.15561959654178675 0.05739514348785872 0.05187319884726225
0 0.4746136865342163 0.29250720461095103 0.9448123620309051 0.34870317002881845
0 0.2052980132450331 0.10951008645533142 0.013245033112582781 0.005763688760806916
0 0.9955849889624724 0.008645533141210375 0.008830022075055188 0.01729106628242075
0 0.48344370860927155 0.05763688760806916 0.9359823399558499 0.11527377521613832
0 0.40618101545253865 0.001440922190201729 0.004415011037527594 0.002881844380403458
