0 0.5772251308900523 0.9942307692307693 0.007853403141361256 0.011538461538461539
0 0.4096858638743455 0.9846153846153847 0.028795811518324606 0.03076923076923077
0 0.36518324607329844 0.9846153846153847 0.01832460732984293 0.03076923076923077
0 0.3089005235602094 0.9846153846153847 0.05759162303664921 0.03076923076923077
0 0.5222513089005235 0.9826923076923076 0.01832460732984293 0.03461538461538462
0 0.5 0.48653846153846153 1.0 0.8576923076923076
0 0.5523560209424084 0.023076923076923078 0.010471204188481676 0.007692307692307693
0 0.6020942408376964 0.015384615384615385 0.005235602094240838 0.007692307692307693
0 0.5261780104712042 0.015384615384615385 0.010471204188481676 0.015384615384615385
0 0.6636125654450262 0.019230769230769232 0.028795811518324606 0.038461538461538464
0 0.6361256544502618 0.021153846153846155 0.020942408376963352 0.04230769230769231
0 0.5772251308900523 0.0057692307692307696 0.007853403141361256 0.011538461538461539
0 0.5392670157068062 0.007692307692307693 0.010471204188481676 0.015384615384615385
0 0.41492146596858637 0.007692307692307693 0.013089005235602094 0.015384615384615385
0 0.35209424083769636 0.011538461538461539 0.03926701570680628 0.023076923076923078
0 0.3036649214659686 0.011538461538461539 0.041884816753926704 0.023076923076923078
0 0.36649214659685864 0.028846153846153848 0.2774869109947644 0.057692307692307696
