0 0.5504424778761062 0.9594059405940594 0.024778761061946902 0.02574257425742574
0 0.5292035398230088 0.9594059405940594 0.021238938053097345 0.041584158415841586
0 0.5371681415929204 0.9396039603960396 0.005309734513274336 0.005940594059405941
0 0.5132743362831859 0.9554455445544554 0.9628318584070796 0.0891089108910891
0 0.7716814159292036 0.7782178217821782 0.010619469026548672 0.0039603960396039604
0 0.7601769911504425 0.7772277227722773 0.0017699115044247787 0.0019801980198019802
0 0.6920353982300885 0.7782178217821782 0.0035398230088495575 0.0039603960396039604
0 0.5061946902654867 0.7752475247524753 0.010619469026548672 0.0019801980198019802
0 0.49557522123893805 0.7752475247524753 0.0035398230088495575 0.0019801980198019802
0 0.8070796460176991 0.7693069306930693 0.0035398230088495575 0.0019801980198019802
0 0.5053097345132743 0.8366336633663366 0.9752212389380531 0.14455445544554454
0 0.8309734513274336 0.7594059405940594 0.0017699115044247787 0.0019801980198019802
0 0.9035398230088496 0.7603960396039604 0.008849557522123894 0.007920792079207921
0 0.8823008849557522 0.7594059405940594 0.005309734513274336 0.005940594059405941
0 0.8469026548672567 0.7594059405940594 0.008849557522123894 0.005940594059405941
0 0.7557522123893805 0.7584158415841584 0.010619469026548672 0.0039603960396039604
0 0.7920353982300885 0.7574257425742574 0.033628318584070796 0.005940594059405941
0 0.41061946902654867 0.7514851485148515 0.007079646017699115 0.0019801980198019802
0 0.46371681415929206 0.7504950495049505 0.01415929203539823 0.0039603960396039604
0 0.4336283185840708 0.7504950495049505 0.03185840707964602 0.0039603960396039604
0 0.8008849557522124 0.7475247524752475 0.019469026548672566 0.009900990099009901
0 0.4672566371681416 0.7415841584158416 0.01415929203539823 0.005940594059405941
0 0.4451327433628319 0.7405940594059406 0.008849557522123894 0.0039603960396039604
0 0.6752212389380531 0.696039603960396 0.0017699115044247787 0.0019801980198019802
0 0.9017699115044248 0.6742574257425743 0.005309734513274336 0.005940594059405941
0 0.28407079646017697 0.6564356435643565 0.005309734513274336 0.0019801980198019802
0 0.1168141592920354 0.6514851485148515 0.007079646017699115 0.0039603960396039604
0 0.8876106194690265 0.6524752475247525 0.033628318584070796 0.033663366336633666
0 0.8619469026548673 0.6613861386138614 0.017699115044247787 0.05148514851485148
0 0.27079646017699116 0.6326732673267327 0.0035398230088495575 0.0019801980198019802
0 0.28584070796460176 0.6316831683168317 0.01592920353982301 0.0039603960396039604
0 0.12035398230088495 0.6287128712871287 0.0035398230088495575 0.0019801980198019802
0 0.09646017699115045 0.6287128712871287 0.005309734513274336 0.0019801980198019802
0 0.5601769911504425 0.5841584158415841 0.023008849557522124 0.031683168316831684
0 0.9389380530973451 0.5613861386138614 0.0017699115044247787 0.0019801980198019802
0 0.915929203539823 0.5603960396039604 0.033628318584070796 0.0039603960396039604
0 0.8840707964601769 0.5603960396039604 0.023008849557522124 0.0039603960396039604
0 0.5300884955752212 0.5564356435643565 0.012389380530973451 0.007920792079207921
0 0.5123893805309735 0.5564356435643565 0.01592920353982301 0.007920792079207921
0 0.2610619469026549 0.5514851485148515 0.005309734513274336 0.0019801980198019802
0 0.21238938053097345 0.5495049504950495 0.05309734513274336 0.005940594059405941
0 0.17964601769911503 0.5475247524752476 0.0017699115044247787 0.0019801980198019802
0 0.17079646017699116 0.5475247524752476 0.0017699115044247787 0.0019801980198019802
0 0.09823008849557523 0.5455445544554456 0.008849557522123894 0.005940594059405941
0 0.9035398230088496 0.5396039603960396 0.0017699115044247787 0.0019801980198019802
0 0.9221238938053097 0.5386138613861386 0.024778761061946902 0.0039603960396039604
0 0.9486725663716814 0.5396039603960396 0.024778761061946902 0.009900990099009901
0 0.531858407079646 0.5366336633663367 0.005309734513274336 0.0039603960396039604
0 0.49911504424778763 0.5366336633663367 0.007079646017699115 0.007920792079207921
0 0.7433628318584071 0.5386138613861386 0.13451327433628318 0.015841584158415842
0 0.6150442477876106 0.5386138613861386 0.11504424778761062 0.015841584158415842
0 0.48053097345132745 0.5376237623762377 0.023008849557522124 0.013861386138613862
0 0.5079646017699115 0.6148514851485148 0.984070796460177 0.17227722772277226
0 0.10353982300884956 0.5267326732673268 0.008849557522123894 0.0039603960396039604
0 0.7946902654867256 0.5227722772277228 0.007079646017699115 0.0039603960396039604
0 0.7026548672566372 0.5227722772277228 0.021238938053097345 0.0039603960396039604
0 0.6274336283185841 0.5207920792079208 0.08672566371681416 0.007920792079207921
0 0.48053097345132745 0.5198019801980198 0.01592920353982301 0.009900990099009901
0 0.37168141592920356 0.5178217821782178 0.184070796460177 0.013861386138613862
0 0.10619469026548672 0.5079207920792079 0.0035398230088495575 0.0019801980198019802
0 0.9265486725663716 0.505940594059406 0.008849557522123894 0.0019801980198019802
0 0.9123893805309734 0.505940594059406 0.005309734513274336 0.0019801980198019802
0 0.5690265486725664 0.503960396039604 0.008849557522123894 0.005940594059405941
0 0.5495575221238939 0.503960396039604 0.005309734513274336 0.005940594059405941
0 0.5168141592920354 0.503960396039604 0.007079646017699115 0.005940594059405941
0 0.7486725663716814 0.505940594059406 0.12035398230088495 0.013861386138613862
0 0.6238938053097345 0.504950495049505 0.09734513274336283 0.015841584158415842
0 0.2920353982300885 0.497029702970297 0.3893805309734513 0.019801980198019802
0 0.6088495575221239 0.4861386138613861 0.12743362831858407 0.01782178217821782
0 0.511504424778761 0.48316831683168315 0.035398230088495575 0.011881188118811881
0 0.7460176991150442 0.48514851485148514 0.11858407079646018 0.019801980198019802
0 0.2150442477876106 0.47425742574257423 0.0017699115044247787 0.0019801980198019802
0 0.19823008849557522 0.47425742574257423 0.017699115044247787 0.0019801980198019802
0 0.1654867256637168 0.47227722772277225 0.008849557522123894 0.0019801980198019802
0 0.12920353982300886 0.47029702970297027 0.0035398230088495575 0.0019801980198019802
0 0.11504424778761062 0.47128712871287126 0.007079646017699115 0.0039603960396039604
0 0.5238938053097345 0.4623762376237624 0.024778761061946902 0.009900990099009901
0 0.7451327433628319 0.4643564356435644 0.12035398230088495 0.01782178217821782
0 0.6176991150442478 0.4633663366336634 0.10973451327433628 0.015841584158415842
0 0.48584070796460177 0.4613861386138614 0.033628318584070796 0.011881188118811881
0 0.35221238938053095 0.47128712871287126 0.2761061946902655 0.039603960396039604
0 0.15575221238938053 0.4524752475247525 0.09911504424778761 0.005940594059405941
0 0.515929203539823 0.43663366336633663 0.0017699115044247787 0.0019801980198019802
0 0.6911504424778762 0.44356435643564357 0.22831858407079647 0.019801980198019802
0 0.5309734513274337 0.4396039603960396 0.010619469026548672 0.011881188118811881
0 0.4920353982300885 0.4396039603960396 0.021238938053097345 0.015841584158415842
0 0.13716814159292035 0.4316831683168317 0.05132743362831858 0.007920792079207921
0 0.6141592920353982 0.42475247524752474 0.0035398230088495575 0.0019801980198019802
0 0.24690265486725663 0.41188118811881186 0.01592920353982301 0.0039603960396039604
0 0.13716814159292035 0.4089108910891089 0.1256637168141593 0.009900990099009901
0 0.8504424778761062 0.2900990099009901 0.0017699115044247787 0.0019801980198019802
0 0.38141592920353984 0.2871287128712871 0.02654867256637168 0.007920792079207921
0 0.8212389380530973 0.27821782178217824 0.0035398230088495575 0.0019801980198019802
0 0.9230088495575222 0.27623762376237626 0.008849557522123894 0.0019801980198019802
0 0.9061946902654867 0.27623762376237626 0.0035398230088495575 0.0019801980198019802
0 0.33008849557522124 0.27524752475247527 0.005309734513274336 0.0039603960396039604
0 0.9345132743362832 0.26534653465346536 0.010619469026548672 0.0039603960396039604
0 0.8840707964601769 0.26732673267326734 0.0831858407079646 0.007920792079207921
0 0.9548672566371681 0.3415841584158416 0.07964601769911504 0.1603960396039604
0 0.1504424778761062 0.2613861386138614 0.007079646017699115 0.0039603960396039604
0 0.9513274336283186 0.25544554455445545 0.012389380530973451 0.007920792079207921
0 0.18495575221238938 0.20297029702970298 0.005309734513274336 0.0019801980198019802
0 0.13185840707964602 0.200990099009901 0.02654867256637168 0.0019801980198019802
0 0.07345132743362832 0.200990099009901 0.0017699115044247787 0.0019801980198019802
0 0.1592920353982301 0.200990099009901 0.01415929203539823 0.005940594059405941
0 0.2743362831858407 0.18316831683168316 0.007079646017699115 0.0019801980198019802
0 0.23716814159292035 0.18217821782178217 0.05663716814159292 0.0039603960396039604
0 0.18141592920353983 0.18217821782178217 0.047787610619469026 0.0039603960396039604
0 0.11150442477876106 0.1792079207920792 0.03185840707964602 0.0019801980198019802
0 0.0752212389380531 0.1782178217821782 0.023008849557522124 0.0039603960396039604
0 0.24867256637168142 0.16237623762376238 0.008849557522123894 0.0039603960396039604
0 0.2327433628318584 0.1613861386138614 0.005309734513274336 0.0019801980198019802
0 0.2088495575221239 0.1603960396039604 0.03185840707964602 0.0039603960396039604
0 0.17345132743362832 0.1594059405940594 0.017699115044247787 0.0019801980198019802
0 0.1407079646017699 0.1594059405940594 0.0017699115044247787 0.0019801980198019802
0 0.12389380530973451 0.1594059405940594 0.0035398230088495575 0.0019801980198019802
0 0.5053097345132743 0.2386138613861386 0.9716814159292035 0.42178217821782177
0 0.5601769911504425 0.013861386138613862 0.005309734513274336 0.0039603960396039604
0 0.5283185840707965 0.015841584158415842 0.005309734513274336 0.011881188118811881
0 0.4300884955752212 0.013861386138613862 0.007079646017699115 0.007920792079207921
0 0.5469026548672566 0.0019801980198019802 0.0035398230088495575 0.0039603960396039604
0 0.45309734513274336 0.00891089108910891 0.007079646017699115 0.01782178217821782
0 0.4097345132743363 0.007920792079207921 0.012389380530973451 0.015841584158415842
0 0.38761061946902653 0.007920792079207921 0.007079646017699115 0.015841584158415842
