0 0.4990494296577947 0.9967948717948718 0.0019011406844106464 0.00641025641025641
0 0.532319391634981 0.9887820512820513 0.019011406844106463 0.022435897435897436
0 0.5209125475285171 0.969551282051282 0.011406844106463879 0.009615384615384616
0 0.5532319391634981 0.9423076923076923 0.0038022813688212928 0.00641025641025641
0 0.5019011406844106 0.9519230769230769 0.011406844106463879 0.057692307692307696
0 0.41825095057034223 0.9615384615384616 0.019011406844106463 0.07692307692307693
0 0.37072243346007605 0.9583333333333334 0.03802281368821293 0.07051282051282051
0 0.3269961977186312 0.9567307692307693 0.019011406844106463 0.07371794871794872
0 0.5389733840304183 0.9391025641025641 0.017110266159695818 0.04487179487179487
0 0.5218631178707225 0.9230769230769231 0.009505703422053232 0.01282051282051282
0 0.9904942965779467 0.844551282051282 0.019011406844106463 0.041666666666666664
0 0.7813688212927756 0.7836538461538461 0.015209125475285171 0.009615384615384616
0 0.9534220532319392 0.5448717948717948 0.028517110266159697 0.01282051282051282
0 0.9220532319391636 0.5432692307692307 0.030418250950570342 0.009615384615384616
0 0.8887832699619772 0.5432692307692307 0.028517110266159697 0.009615384615384616
0 0.7015209125475285 0.5416666666666666 0.0076045627376425855 0.00641025641025641
0 0.6901140684410646 0.5416666666666666 0.0076045627376425855 0.00641025641025641
0 0.9629277566539924 0.5272435897435898 0.0019011406844106464 0.003205128205128205
0 0.9619771863117871 0.5096153846153846 0.0038022813688212928 0.00641025641025641
0 0.9106463878326996 0.5080128205128205 0.0076045627376425855 0.003205128205128205
0 0.8859315589353612 0.5096153846153846 0.015209125475285171 0.00641025641025641
0 0.7975285171102662 0.5080128205128205 0.005703422053231939 0.003205128205128205
0 0.7642585551330798 0.5064102564102564 0.045627376425855515 0.01282051282051282
0 0.7271863117870723 0.5064102564102564 0.009505703422053232 0.01282051282051282
0 0.8830798479087453 0.4935897435897436 0.009505703422053232 0.00641025641025641
0 0.5541825095057035 0.07051282051282051 0.017110266159695818 0.01282051282051282
0 0.5 0.47435897435897434 1.0 0.8397435897435898
0 0.5560836501901141 0.04487179487179487 0.013307984790874524 0.01282051282051282
0 0.9515209125475285 0.04326923076923077 0.028517110266159697 0.022435897435897436
0 0.5503802281368821 0.014423076923076924 0.024714828897338403 0.028846153846153848
0 0.5275665399239544 0.00641025641025641 0.013307984790874524 0.01282051282051282
0 0.5209125475285171 0.038461538461538464 0.03802281368821293 0.07692307692307693
0 0.42490494296577946 0.03365384615384615 0.02091254752851711 0.0673076923076923
0 0.38022813688212925 0.03205128205128205 0.011406844106463879 0.0641025641025641
0 0.34980988593155893 0.03205128205128205 0.022813688212927757 0.0641025641025641
