0 0.5403645833333334 0.9942965779467681 0.0026041666666666665 0.011406844106463879
0 0.48828125 0.9885931558935361 0.0234375 0.022813688212927757
0 0.4348958333333333 0.9771863117870723 0.005208333333333333 0.0076045627376425855
0 0.3294270833333333 0.9828897338403042 0.028645833333333332 0.034220532319391636
0 0.265625 0.9828897338403042 0.036458333333333336 0.034220532319391636
0 0.21484375 0.9809885931558935 0.0390625 0.03802281368821293
0 0.57421875 0.967680608365019 0.013020833333333334 0.06463878326996197
0 0.5403645833333334 0.9391634980988594 0.0026041666666666665 0.0076045627376425855
0 0.2760416666666667 0.9562737642585551 0.2708333333333333 0.08745247148288973
0 0.057291666666666664 0.8726235741444867 0.03125 0.0038022813688212928
0 0.006510416666666667 0.8726235741444867 0.013020833333333334 0.0038022813688212928
0 0.9791666666666666 0.46387832699619774 0.041666666666666664 0.7984790874524715
0 0.4778645833333333 0.4752851711026616 0.9557291666666666 0.8365019011406845
0 0.6158854166666666 0.024714828897338403 0.013020833333333334 0.019011406844106463
0 0.6484375 0.017110266159695818 0.015625 0.034220532319391636
0 0.5729166666666666 0.009505703422053232 0.026041666666666668 0.019011406844106463
0 0.5377604166666666 0.009505703422053232 0.018229166666666668 0.019011406844106463
0 0.5065104166666666 0.005703422053231939 0.0026041666666666665 0.011406844106463879
0 0.3528645833333333 0.019011406844106463 0.2682291666666667 0.03802281368821293
