0 0.42857142857142855 0.997134670487106 0.017582417582417582 0.0057306590257879654
0 0.5164835164835165 0.995702005730659 0.017582417582417582 0.008595988538681949
0 0.4758241758241758 0.995702005730659 0.02857142857142857 0.008595988538681949
0 0.7230769230769231 0.9914040114613181 0.004395604395604396 0.017191977077363897
0 0.6296703296703297 0.9899713467048711 0.06813186813186813 0.02005730659025788
0 0.08461538461538462 0.7292263610315186 0.024175824175824177 0.025787965616045846
0 0.15714285714285714 0.667621776504298 0.3142857142857143 0.166189111747851
0 0.29120879120879123 0.5845272206303725 0.002197802197802198 0.0057306590257879654
0 0.34175824175824177 0.5830945558739254 0.01098901098901099 0.014326647564469915
0 0.15164835164835164 0.5787965616045845 0.004395604395604396 0.0057306590257879654
0 0.16593406593406593 0.5787965616045845 0.01098901098901099 0.017191977077363897
0 0.13736263736263737 0.5759312320916905 0.01098901098901099 0.017191977077363897
0 0.0989010989010989 0.5730659025787965 0.013186813186813187 0.017191977077363897
0 0.004395604395604396 0.5673352435530086 0.008791208791208791 0.022922636103151862
0 0.14615384615384616 0.5472779369627507 0.006593406593406593 0.011461318051575931
0 0.0956043956043956 0.5444126074498568 0.002197802197802198 0.0057306590257879654
0 0.16043956043956045 0.5472779369627507 0.008791208791208791 0.017191977077363897
0 0.13296703296703297 0.5458452722063037 0.01098901098901099 0.014326647564469915
0 0.6505494505494506 0.5415472779369628 0.017582417582417582 0.011461318051575931
0 0.9967032967032967 0.48567335243553006 0.006593406593406593 0.0028653295128939827
0 0.9835164835164835 0.4871060171919771 0.01098901098901099 0.0057306590257879654
0 0.3098901098901099 0.4512893982808023 0.03076923076923077 0.025787965616045846
0 0.3065934065934066 0.42263610315186245 0.03736263736263736 0.02005730659025788
0 0.5 0.48567335243553006 1.0 0.9083094555873925
0 0.6142857142857143 0.014326647564469915 0.006593406593406593 0.0057306590257879654
0 0.6461538461538462 0.0071633237822349575 0.013186813186813187 0.014326647564469915
0 0.6131868131868132 0.0014326647564469914 0.004395604395604396 0.0028653295128939827
0 0.5912087912087912 0.0071633237822349575 0.004395604395604396 0.014326647564469915
0 0.5076923076923077 0.004297994269340974 0.008791208791208791 0.008595988538681949
0 0.46483516483516485 0.0057306590257879654 0.03296703296703297 0.011461318051575931
0 0.421978021978022 0.0057306590257879654 0.026373626373626374 0.011461318051575931
