0 0.4584199584199584 0.9051490514905149 0.031185031185031187 0.037940379403794036
0 0.498960498960499 0.8997289972899729 0.04158004158004158 0.037940379403794036
0 0.7037422037422038 0.8807588075880759 0.002079002079002079 0.005420054200542005
0 0.5405405405405406 0.8956639566395664 0.02079002079002079 0.03523035230352303
0 0.9896049896049897 0.8658536585365854 0.02079002079002079 0.008130081300813009
0 0.5 0.926829268292683 1.0 0.14634146341463414
0 0.8201663201663202 0.8455284552845529 0.02702702702702703 0.016260162601626018
0 0.38253638253638256 0.7046070460704607 0.016632016632016633 0.01084010840108401
0 0.3711018711018711 0.6463414634146342 0.006237006237006237 0.0027100271002710027
0 0.38357588357588357 0.6449864498644986 0.010395010395010396 0.005420054200542005
0 0.38565488565488565 0.6178861788617886 0.010395010395010396 0.01084010840108401
0 0.3783783783783784 0.516260162601626 0.02079002079002079 0.018970189701897018
0 0.9937629937629938 0.4878048780487805 0.012474012474012475 0.005420054200542005
0 0.36694386694386694 0.46070460704607047 0.010395010395010396 0.016260162601626018
0 0.38565488565488565 0.44308943089430897 0.010395010395010396 0.008130081300813009
0 0.36382536382536385 0.43089430894308944 0.004158004158004158 0.005420054200542005
0 0.37525987525987525 0.39295392953929537 0.02702702702702703 0.02710027100271003
0 0.37525987525987525 0.35501355013550134 0.018711018711018712 0.01084010840108401
0 0.9875259875259875 0.3170731707317073 0.02494802494802495 0.016260162601626018
0 0.3731808731808732 0.3008130081300813 0.02702702702702703 0.04878048780487805
0 0.367983367983368 0.26287262872628725 0.02079002079002079 0.016260162601626018
0 0.369022869022869 0.22764227642276422 0.02286902286902287 0.037940379403794036
0 0.36486486486486486 0.18157181571815717 0.014553014553014554 0.016260162601626018
0 0.9968814968814969 0.15040650406504066 0.006237006237006237 0.0027100271002710027
0 0.8814968814968815 0.14905149051490515 0.004158004158004158 0.005420054200542005
0 0.9677754677754677 0.14363143631436315 0.006237006237006237 0.005420054200542005
0 0.8804573804573804 0.13550135501355012 0.006237006237006237 0.01084010840108401
0 0.9656964656964657 0.12872628726287264 0.006237006237006237 0.008130081300813009
0 0.9667359667359667 0.11788617886178862 0.004158004158004158 0.0027100271002710027
0 0.8814968814968815 0.1111111111111111 0.004158004158004158 0.005420054200542005
0 0.998960498960499 0.1016260162601626 0.002079002079002079 0.0027100271002710027
0 0.9677754677754677 0.08943089430894309 0.006237006237006237 0.005420054200542005
0 0.036382536382536385 0.08807588075880758 0.002079002079002079 0.0027100271002710027
0 0.8825363825363826 0.08536585365853659 0.002079002079002079 0.0027100271002710027
0 0.9667359667359667 0.07859078590785908 0.004158004158004158 0.005420054200542005
0 0.5883575883575883 0.08672086720867209 0.012474012474012475 0.02710027100271003
0 0.501039501039501 0.023035230352303523 0.008316008316008316 0.0027100271002710027
0 0.9594594594594594 0.024390243902439025 0.018711018711018712 0.01084010840108401
0 0.6746361746361746 0.013550135501355014 0.07692307692307693 0.01084010840108401
0 0.9636174636174636 0.009485094850948509 0.006237006237006237 0.008130081300813009
0 0.8835758835758836 0.017615176151761516 0.008316008316008316 0.03523035230352303
0 0.735966735966736 0.028455284552845527 0.02079002079002079 0.056910569105691054
0 0.5 0.4241192411924119 1.0 0.8482384823848238
