0 0.4749498997995992 0.839425587467363 0.028056112224448898 0.0391644908616188
0 0.5130260521042084 0.8315926892950392 0.04008016032064128 0.0391644908616188
0 0.5531062124248497 0.825065274151436 0.02004008016032064 0.031331592689295036
0 0.7074148296593187 0.8028720626631853 0.004008016032064128 0.007832898172323759
0 0.7595190380761523 0.7689295039164491 0.008016032064128256 0.018276762402088774
0 0.5 0.8785900783289817 1.0 0.24281984334203655
0 0.812625250501002 0.762402088772846 0.03006012024048096 0.020887728459530026
0 0.9799599198396793 0.7441253263707572 0.04008016032064128 0.05221932114882506
0 0.9979959919839679 0.7023498694516971 0.004008016032064128 0.020887728459530026
0 0.4619238476953908 0.6279373368146214 0.006012024048096192 0.0026109660574412533
0 0.4709418837675351 0.5704960835509139 0.004008016032064128 0.0026109660574412533
0 0.47995991983967934 0.5691906005221932 0.002004008016032064 0.005221932114882507
0 0.47394789579158314 0.54177545691906 0.018036072144288578 0.018276762402088774
0 0.46993987975951906 0.49477806788511747 0.006012024048096192 0.0026109660574412533
0 0.4709418837675351 0.4699738903394256 0.004008016032064128 0.005221932114882507
0 0.996993987975952 0.45430809399477806 0.006012024048096192 0.005221932114882507
0 0.4849699398797595 0.44778067885117495 0.01603206412825651 0.007832898172323759
0 0.4849699398797595 0.4112271540469974 0.02004008016032064 0.007832898172323759
0 0.9879759519038076 0.40339425587467365 0.008016032064128256 0.0026109660574412533
0 0.996993987975952 0.402088772845953 0.006012024048096192 0.005221932114882507
0 0.9859719438877755 0.370757180156658 0.008016032064128256 0.005221932114882507
0 0.9959919839679359 0.36945169712793735 0.008016032064128256 0.007832898172323759
0 0.49899799599198397 0.36945169712793735 0.012024048096192385 0.007832898172323759
0 0.49599198396793587 0.3368146214099217 0.01002004008016032 0.005221932114882507
0 0.4969939879759519 0.31201044386422977 0.008016032064128256 0.0026109660574412533
0 0.501002004008016 0.2845953002610966 0.012024048096192385 0.005221932114882507
0 0.9839679358717435 0.26240208877284593 0.03206412825651302 0.07049608355091384
0 0.5070140280561122 0.2310704960835509 0.028056112224448898 0.04960835509138381
0 0.5060120240480962 0.20496083550913838 0.002004008016032064 0.0026109660574412533
0 0.5080160320641283 0.19321148825065274 0.018036072144288578 0.010443864229765013
0 0.5100200400801603 0.1671018276762402 0.018036072144288578 0.015665796344647518
0 0.5180360721442886 0.14360313315926893 0.018036072144288578 0.015665796344647518
0 0.5150300601202404 0.11096605744125326 0.01603206412825651 0.018276762402088774
0 0.9589178356713427 0.06527415143603134 0.006012024048096192 0.010443864229765013
0 0.9589178356713427 0.05483028720626632 0.002004008016032064 0.005221932114882507
0 0.8717434869739479 0.050913838120104436 0.004008016032064128 0.0026109660574412533
0 0.996993987975952 0.05352480417754569 0.006012024048096192 0.018276762402088774
0 0.9589178356713427 0.015665796344647518 0.002004008016032064 0.005221932114882507
0 0.7304609218436874 0.018276762402088774 0.014028056112224449 0.010443864229765013
0 0.9589178356713427 0.0026109660574412533 0.01002004008016032 0.005221932114882507
0 0.5831663326653307 0.010443864229765013 0.012024048096192385 0.020887728459530026
0 0.5 0.40992167101827676 1.0 0.8198433420365535
