0 0.6413857677902621 0.9968454258675079 0.0056179775280898875 0.006309148264984227
0 0.6666666666666666 0.9936908517350158 0.026217228464419477 0.012618296529968454
0 0.008426966292134831 0.8485804416403786 0.016853932584269662 0.012618296529968454
0 0.009363295880149813 0.8170347003154574 0.018726591760299626 0.012618296529968454
0 0.009363295880149813 0.7823343848580442 0.018726591760299626 0.01892744479495268
0 0.010299625468164793 0.7429022082018928 0.020599250936329586 0.022082018927444796
0 0.010299625468164793 0.7034700315457413 0.020599250936329586 0.01892744479495268
0 0.011235955056179775 0.6640378548895899 0.02247191011235955 0.022082018927444796
0 0.24625468164794007 0.5126182965299685 0.0018726591760299626 0.0031545741324921135
0 0.3136704119850187 0.5520504731861199 0.11797752808988764 0.08832807570977919
0 0.012172284644194757 0.5425867507886435 0.024344569288389514 0.20189274447949526
0 0.0009363295880149813 0.361198738170347 0.0018726591760299626 0.0031545741324921135
0 0.0056179775280898875 0.3249211356466877 0.011235955056179775 0.006309148264984227
0 0.6638576779026217 0.14037854889589904 0.0018726591760299626 0.0031545741324921135
0 0.6114232209737828 0.13564668769716087 0.0056179775280898875 0.012618296529968454
0 0.013108614232209739 0.14353312302839116 0.026217228464419477 0.08517350157728706
0 0.6563670411985019 0.10883280757097792 0.028089887640449437 0.04100946372239748
0 0.5065543071161048 0.5157728706624606 0.9456928838951311 0.8548895899053628
0 0.6245318352059925 0.11041009463722397 0.031835205992509365 0.0694006309148265
0 0.6357677902621723 0.07886435331230283 0.013108614232209739 0.012618296529968454
0 0.5337078651685393 0.10094637223974763 0.018726591760299626 0.056782334384858045
0 0.5 0.09936908517350158 0.0149812734082397 0.05993690851735016
0 0.45880149812734083 0.09621451104100946 0.04119850187265917 0.05993690851735016
0 0.44756554307116103 0.07255520504731862 0.011235955056179775 0.012618296529968454
0 0.7294007490636704 0.015772870662460567 0.03932584269662921 0.031545741324921134
0 0.5383895131086143 0.00473186119873817 0.054307116104868915 0.00946372239747634
