0 0.642512077294686 0.9947183098591549 0.004830917874396135 0.01056338028169014
0 0.36594202898550726 0.9894366197183099 0.016908212560386472 0.02112676056338028
0 0.463768115942029 0.9859154929577465 0.01932367149758454 0.028169014084507043
0 0.6618357487922706 0.9753521126760564 0.024154589371980676 0.04929577464788732
0 0.606280193236715 0.971830985915493 0.014492753623188406 0.056338028169014086
0 0.49879227053140096 0.9700704225352113 0.026570048309178744 0.05985915492957746
0 0.4420289855072464 0.9665492957746479 0.057971014492753624 0.06690140845070422
0 0.3804347826086957 0.9647887323943662 0.036231884057971016 0.07042253521126761
0 0.7318840579710145 0.9559859154929577 0.057971014492753624 0.0880281690140845
0 0.4468599033816425 0.9383802816901409 0.2898550724637681 0.12323943661971831
0 0.9855072463768116 0.7588028169014085 0.028985507246376812 0.03873239436619718
0 0.9698067632850241 0.7306338028169014 0.0024154589371980675 0.0035211267605633804
0 0.5229468599033816 0.7288732394366197 0.016908212560386472 0.014084507042253521
0 0.7306763285024155 0.7147887323943662 0.012077294685990338 0.014084507042253521
0 0.5096618357487923 0.7112676056338029 0.014492753623188406 0.014084507042253521
0 0.6835748792270532 0.6954225352112676 0.004830917874396135 0.0035211267605633804
0 0.6413043478260869 0.6936619718309859 0.012077294685990338 0.007042253521126761
0 0.6268115942028986 0.6919014084507042 0.0024154589371980675 0.0035211267605633804
0 0.5084541062801933 0.6672535211267606 0.050724637681159424 0.017605633802816902
0 0.9951690821256038 0.6056338028169014 0.00966183574879227 0.007042253521126761
0 0.8200483091787439 0.49295774647887325 0.007246376811594203 0.007042253521126761
0 0.8417874396135265 0.4753521126760563 0.012077294685990338 0.007042253521126761
0 0.8152173913043478 0.4753521126760563 0.016908212560386472 0.014084507042253521
0 0.5229468599033816 0.4595070422535211 0.007246376811594203 0.01056338028169014
0 0.8357487922705314 0.45422535211267606 0.01932367149758454 0.014084507042253521
0 0.8019323671497585 0.4524647887323944 0.00966183574879227 0.01056338028169014
0 0.5193236714975845 0.44014084507042256 0.004830917874396135 0.007042253521126761
0 0.8260869565217391 0.43485915492957744 0.014492753623188406 0.01056338028169014
0 0.7958937198067633 0.43309859154929575 0.016908212560386472 0.014084507042253521
0 0.7934782608695652 0.4154929577464789 0.012077294685990338 0.007042253521126761
0 0.5144927536231884 0.4102112676056338 0.014492753623188406 0.03169014084507042
0 0.7801932367149759 0.3961267605633803 0.01932367149758454 0.017605633802816902
0 0.5072463768115942 0.38204225352112675 0.014492753623188406 0.017605633802816902
0 0.6992753623188406 0.3538732394366197 0.05555555555555555 0.01056338028169014
0 0.4975845410628019 0.3362676056338028 0.024154589371980676 0.03873239436619718
0 0.47101449275362317 0.3890845070422535 0.057971014492753624 0.15140845070422534
0 0.45169082125603865 0.301056338028169 0.014492753623188406 0.0035211267605633804
0 0.5 0.4735915492957746 1.0 0.8133802816901409
0 0.6099033816425121 0.02464788732394366 0.012077294685990338 0.014084507042253521
0 0.5760869565217391 0.02640845070422535 0.04106280193236715 0.03169014084507042
0 0.6316425120772947 0.008802816901408451 0.012077294685990338 0.017605633802816902
0 0.5954106280193237 0.01056338028169014 0.016908212560386472 0.02112676056338028
0 0.4492753623188406 0.01056338028169014 0.00966183574879227 0.02112676056338028
0 0.4166666666666667 0.01056338028169014 0.012077294685990338 0.02112676056338028
0 0.37681159420289856 0.008802816901408451 0.00966183574879227 0.017605633802816902
0 0.34541062801932365 0.008802816901408451 0.01932367149758454 0.017605633802816902
0 0.32367149758454106 0.007042253521126761 0.014492753623188406 0.014084507042253521
