0 0.47572815533980584 0.9722222222222222 0.06601941747572816 0.05555555555555555
0 0.23009708737864076 0.954248366013072 0.41359223300970877 0.0915032679738562
0 0.6941747572815534 0.8709150326797386 0.009708737864077669 0.029411764705882353
0 0.8233009708737864 0.8480392156862745 0.011650485436893204 0.06209150326797386
0 0.8242718446601942 0.7761437908496732 0.001941747572815534 0.00980392156862745
0 0.9776699029126213 0.6437908496732027 0.04466019417475728 0.5032679738562091
0 0.9660194174757282 0.35947712418300654 0.005825242718446602 0.006535947712418301
0 0.9718446601941747 0.23039215686274508 0.05631067961165048 0.30392156862745096
0 0.5 0.0032679738562091504 0.017475728155339806 0.006535947712418301
0 0.46990291262135925 0.0032679738562091504 0.019417475728155338 0.006535947712418301
0 0.4640776699029126 0.4477124183006536 0.9281553398058252 0.8954248366013072
