0 0.37800687285223367 0.9936823104693141 0.020618556701030927 0.01263537906137184
0 0.34621993127147765 0.9936823104693141 0.012027491408934709 0.01263537906137184
0 0.30326460481099654 0.9936823104693141 0.02577319587628866 0.01263537906137184
0 0.4536082474226804 0.9891696750902527 0.006872852233676976 0.007220216606498195
0 0.49312714776632305 0.9882671480144405 0.006872852233676976 0.009025270758122744
0 0.4725085910652921 0.9828519855595668 0.006872852233676976 0.005415162454873646
0 0.9853951890034365 0.9187725631768953 0.029209621993127148 0.007220216606498195
0 0.9845360824742269 0.9097472924187726 0.030927835051546393 0.007220216606498195
0 0.9828178694158075 0.8989169675090253 0.03436426116838488 0.007220216606498195
0 0.9853951890034365 0.8898916967509025 0.029209621993127148 0.007220216606498195
0 0.9879725085910653 0.8799638989169675 0.024054982817869417 0.005415162454873646
0 0.9862542955326461 0.8691335740072202 0.027491408934707903 0.005415162454873646
0 0.9922680412371134 0.8583032490974729 0.015463917525773196 0.005415162454873646
0 0.8986254295532646 0.8574007220216606 0.010309278350515464 0.007220216606498195
0 0.988831615120275 0.8465703971119134 0.022336769759450172 0.0036101083032490976
0 0.8943298969072165 0.8465703971119134 0.012027491408934709 0.0036101083032490976
0 0.9785223367697594 0.8357400722021661 0.005154639175257732 0.0036101083032490976
0 0.9922680412371134 0.8348375451263538 0.015463917525773196 0.005415162454873646
0 0.9029209621993127 0.8140794223826715 0.012027491408934709 0.0036101083032490976
0 0.988831615120275 0.8131768953068592 0.022336769759450172 0.005415162454873646
0 0.9252577319587629 0.8131768953068592 0.012027491408934709 0.005415162454873646
0 0.9965635738831615 0.7906137184115524 0.006872852233676976 0.0036101083032490976
0 0.915807560137457 0.7951263537906137 0.044673539518900345 0.019855595667870037
0 0.6194158075601375 0.76985559566787 0.005154639175257732 0.0018050541516245488
0 0.9819587628865979 0.76985559566787 0.03608247422680412 0.005415162454873646
0 0.6065292096219931 0.7572202166064982 0.01718213058419244 0.005415162454873646
0 0.9226804123711341 0.7554151624548736 0.03436426116838488 0.009025270758122744
0 0.9819587628865979 0.7527075812274369 0.03608247422680412 0.010830324909747292
0 0.9054982817869416 0.7445848375451264 0.006872852233676976 0.005415162454873646
0 0.9338487972508591 0.7355595667870036 0.005154639175257732 0.0018050541516245488
0 0.9329896907216495 0.7247292418772563 0.01718213058419244 0.005415162454873646
0 0.9381443298969072 0.703971119133574 0.003436426116838488 0.0036101083032490976
0 0.9381443298969072 0.694043321299639 0.006872852233676976 0.005415162454873646
0 0.9269759450171822 0.6832129963898917 0.00859106529209622 0.005415162454873646
0 0.6752577319587629 0.6714801444043321 0.003436426116838488 0.0036101083032490976
0 0.9054982817869416 0.6489169675090253 0.006872852233676976 0.0018050541516245488
0 0.48109965635738833 0.7888086642599278 0.9209621993127147 0.3104693140794224
0 0.8969072164948454 0.6299638989169675 0.006872852233676976 0.0036101083032490976
0 0.9261168384879725 0.644404332129964 0.037800687285223365 0.039711191335740074
0 0.6202749140893471 0.6200361010830325 0.037800687285223365 0.005415162454873646
0 0.8865979381443299 0.605595667870036 0.003436426116838488 0.0018050541516245488
0 0.6426116838487973 0.605595667870036 0.006872852233676976 0.005415162454873646
0 0.6185567010309279 0.605595667870036 0.010309278350515464 0.005415162454873646
0 0.6735395189003437 0.605595667870036 0.01718213058419244 0.009025270758122744
0 0.9415807560137457 0.5324909747292419 0.01718213058419244 0.02527075812274368
0 0.9209621993127147 0.49097472924187724 0.010309278350515464 0.04332129963898917
0 0.8960481099656358 0.4566787003610108 0.001718213058419244 0.0036101083032490976
0 0.8883161512027491 0.4395306859205776 0.006872852233676976 0.009025270758122744
0 0.8694158075601375 0.4232851985559567 0.01718213058419244 0.016245487364620937
0 0.904639175257732 0.37454873646209386 0.001718213058419244 0.0018050541516245488
0 0.9819587628865979 0.47021660649819497 0.03608247422680412 0.26173285198555957
0 0.9810996563573883 0.3276173285198556 0.003436426116838488 0.009025270758122744
0 0.9896907216494846 0.2870036101083033 0.006872852233676976 0.010830324909747292
0 0.9432989690721649 0.259927797833935 0.030927835051546393 0.010830324909747292
0 0.37628865979381443 0.22202166064981949 0.003436426116838488 0.0036101083032490976
0 0.010309278350515464 0.22292418772563177 0.020618556701030927 0.019855595667870037
0 0.3857388316151203 0.033393501805054154 0.13917525773195877 0.019855595667870037
0 0.4853951890034364 0.3348375451263538 0.9707903780068728 0.644404332129964
