0 0.6572700296735905 0.9791183294663574 0.09198813056379822 0.04176334106728538
0 0.5014836795252225 0.9698375870069605 0.3560830860534125 0.060324825986078884
0 0.7329376854599406 0.968677494199536 0.08902077151335312 0.06264501160092807
0 0.5 0.4965197215777262 1.0 0.8491879350348028
0 0.7151335311572701 0.04756380510440835 0.017804154302670624 0.016241299303944315
0 0.6780415430267063 0.04640371229698376 0.04451038575667656 0.018561484918793503
0 0.4391691394658754 0.027842227378190254 0.04154302670623145 0.04640371229698376
0 0.5504451038575667 0.024361948955916472 0.026706231454005934 0.04408352668213457
0 0.6661721068249258 0.016241299303944315 0.020771513353115726 0.03248259860788863
0 0.49851632047477745 0.025522041763341066 0.05341246290801187 0.05104408352668213
