0 0.6479591836734694 0.998003992015968 0.01020408163265306 0.003992015968063872
0 0.48214285714285715 0.9950099800399201 0.025510204081632654 0.00998003992015968
0 0.610969387755102 0.9930139720558883 0.05357142857142857 0.013972055888223553
0 0.42857142857142855 0.9930139720558883 0.05612244897959184 0.013972055888223553
0 0.3673469387755102 0.9920159680638723 0.04591836734693878 0.015968063872255488
0 0.7168367346938775 0.9860279441117764 0.0663265306122449 0.027944111776447105
0 0.43112244897959184 0.9780439121756487 0.29591836734693877 0.043912175648702596
0 0.5 0.49800399201596807 1.0 0.9161676646706587
0 0.701530612244898 0.0249500998003992 0.00510204081632653 0.001996007984031936
0 0.6530612244897959 0.023952095808383235 0.030612244897959183 0.007984031936127744
0 0.6823979591836735 0.01996007984031936 0.017857142857142856 0.015968063872255488
0 0.6313775510204082 0.017964071856287425 0.017857142857142856 0.015968063872255488
0 0.6670918367346939 0.001996007984031936 0.002551020408163265 0.003992015968063872
0 0.625 0.001996007984031936 0.00510204081632653 0.003992015968063872
0 0.5127551020408163 0.006986027944111776 0.01020408163265306 0.013972055888223553
0 0.4604591836734694 0.007984031936127744 0.05357142857142857 0.015968063872255488
0 0.3979591836734694 0.006986027944111776 0.04081632653061224 0.013972055888223553
