0 0.5411899313501144 0.9982142857142857 0.002288329519450801 0.0035714285714285713
0 0.2608695652173913 0.9901785714285715 0.009153318077803204 0.005357142857142857
0 0.38329519450800914 0.9928571428571429 0.020594965675057208 0.014285714285714285
0 0.3352402745995423 0.9928571428571429 0.006864988558352402 0.014285714285714285
0 0.2837528604118993 0.9928571428571429 0.013729977116704805 0.014285714285714285
0 0.28604118993135014 0.9705357142857143 0.004576659038901602 0.0017857142857142857
0 0.43135011441647597 0.9741071428571428 0.07093821510297482 0.01607142857142857
0 0.3352402745995423 0.96875 0.08009153318077804 0.005357142857142857
0 0.7311212814645309 0.9232142857142858 0.016018306636155607 0.007142857142857143
0 0.9530892448512586 0.9214285714285714 0.011441647597254004 0.007142857142857143
0 0.7356979405034325 0.9107142857142857 0.006864988558352402 0.0035714285714285713
0 0.988558352402746 0.9098214285714286 0.02288329519450801 0.048214285714285716
0 0.988558352402746 0.8571428571428571 0.02288329519450801 0.007142857142857143
0 0.9897025171624714 0.84375 0.020594965675057208 0.005357142857142857
0 0.9897025171624714 0.8339285714285715 0.020594965675057208 0.007142857142857143
0 0.9897025171624714 0.8214285714285714 0.020594965675057208 0.007142857142857143
0 0.9874141876430206 0.8107142857142857 0.02517162471395881 0.007142857142857143
0 0.988558352402746 0.8 0.02288329519450801 0.007142857142857143
0 0.948512585812357 0.7339285714285714 0.002288329519450801 0.0035714285714285713
0 0.9473684210526315 0.7125 0.009153318077803204 0.007142857142857143
0 0.7391304347826086 0.36428571428571427 0.009153318077803204 0.007142857142857143
0 0.4759725400457666 0.5580357142857143 0.9519450800915332 0.7660714285714286
0 0.9782608695652174 0.4714285714285714 0.043478260869565216 0.6428571428571429
0 0.010297482837528604 0.16071428571428573 0.020594965675057208 0.02857142857142857
0 0.971395881006865 0.0008928571428571428 0.006864988558352402 0.0017857142857142857
