0 0.6900726392251816 0.9946996466431095 0.004842615012106538 0.01060070671378092
0 0.39709443099273606 0.9929328621908127 0.009685230024213076 0.014134275618374558
0 0.48789346246973364 0.9840989399293286 0.021791767554479417 0.03180212014134275
0 0.6476997578692494 0.9522968197879859 0.002421307506053269 0.0035335689045936395
0 0.6937046004842615 0.9363957597173145 0.007263922518159807 0.007067137809187279
0 0.5230024213075061 0.9646643109540636 0.024213075060532687 0.0706713780918728
0 0.4128329297820823 0.9646643109540636 0.03631961259079903 0.0706713780918728
0 0.46973365617433416 0.9628975265017667 0.053268765133171914 0.07420494699646643
0 0.6464891041162227 0.9611307420494699 0.048426150121065374 0.07773851590106007
0 0.6598062953995157 0.9240282685512368 0.007263922518159807 0.01060070671378092
0 0.7578692493946732 0.941696113074205 0.05811138014527845 0.1166077738515901
0 0.47578692493946734 0.9399293286219081 0.2736077481840194 0.12014134275618374
0 0.002421307506053269 0.7473498233215548 0.004842615012106538 0.01060070671378092
0 0.0012106537530266344 0.726148409893993 0.002421307506053269 0.0035335689045936395
0 0.0012106537530266344 0.598939929328622 0.002421307506053269 0.0035335689045936395
0 0.0012106537530266344 0.5777385159010601 0.002421307506053269 0.0035335689045936395
0 0.0012106537530266344 0.558303886925795 0.002421307506053269 0.007067137809187279
0 0.0012106537530266344 0.24028268551236748 0.002421307506053269 0.007067137809187279
0 0.5072639225181598 0.4469964664310954 0.9854721549636803 0.8445229681978799
