0 0.06631762652705062 0.9970760233918129 0.020942408376963352 0.005847953216374269
0 0.5698080279232112 0.9200779727095516 0.008726003490401396 0.05847953216374269
0 0.47643979057591623 0.9415204678362573 0.9458987783595113 0.11695906432748537
0 0.4851657940663176 0.8050682261208577 0.9598603839441536 0.10916179337231968
0 0.7146596858638743 0.7407407407407407 0.005235602094240838 0.003898635477582846
0 0.794066317626527 0.7300194931773879 0.010471204188481676 0.017543859649122806
0 0.5802792321116929 0.6949317738791423 0.0017452006980802793 0.001949317738791423
0 0.8577661431064573 0.7076023391812866 0.0506108202443281 0.06627680311890838
0 0.6631762652705061 0.6608187134502924 0.010471204188481676 0.007797270955165692
0 0.08987783595113438 0.6442495126705653 0.005235602094240838 0.005847953216374269
0 0.15095986038394416 0.6198830409356725 0.0017452006980802793 0.003898635477582846
0 0.4860383944153578 0.6364522417153996 0.9720767888307156 0.21637426900584794
0 0.8298429319371727 0.52046783625731 0.09598603839441536 0.011695906432748537
0 0.912739965095986 0.52046783625731 0.020942408376963352 0.015594541910331383
0 0.680628272251309 0.5185185185185185 0.09773123909249563 0.011695906432748537
0 0.5418848167539267 0.5175438596491229 0.029668411867364748 0.009746588693957114
0 0.8717277486910995 0.5009746588693957 0.019197207678883072 0.003898635477582846
0 0.8507853403141361 0.5009746588693957 0.012216404886561954 0.003898635477582846
0 0.8272251308900523 0.49902534113060426 0.017452006980802792 0.003898635477582846
0 0.7155322862129145 0.4980506822612086 0.017452006980802792 0.005847953216374269
0 0.6509598603839442 0.49707602339181284 0.02443280977312391 0.003898635477582846
0 0.912739965095986 0.5019493177387915 0.020942408376963352 0.017543859649122806
0 0.5427574171029669 0.49610136452241715 0.027923211169284468 0.009746588693957114
0 0.8150087260034904 0.45321637426900585 0.010471204188481676 0.005847953216374269
0 0.5977312390924956 0.45321637426900585 0.019197207678883072 0.009746588693957114
0 0.699825479930192 0.4522417153996101 0.13612565445026178 0.011695906432748537
0 0.5462478184991274 0.45321637426900585 0.041884816753926704 0.01364522417153996
0 0.6003490401396161 0.43079922027290446 0.020942408376963352 0.011695906432748537
0 0.7085514834205934 0.43079922027290446 0.16055846422338568 0.015594541910331383
0 0.543630017452007 0.4298245614035088 0.03315881326352531 0.01364522417153996
0 0.3795811518324607 0.40350877192982454 0.019197207678883072 0.011695906432748537
0 0.8263525305410122 0.3391812865497076 0.04363001745200698 0.04678362573099415
0 0.712914485165794 0.3586744639376218 0.17277486910994763 0.12085769980506822
0 0.3106457242582897 0.35477582846003897 0.6073298429319371 0.12475633528265107
0 0.6003490401396161 0.2826510721247563 0.006980802792321117 0.007797270955165692
0 0.7181500872600349 0.28460038986354774 0.029668411867364748 0.015594541910331383
0 0.5471204188481675 0.28362573099415206 0.012216404886561954 0.01364522417153996
0 0.7181500872600349 0.26900584795321636 0.02617801047120419 0.011695906432748537
0 0.599476439790576 0.26608187134502925 0.008726003490401396 0.005847953216374269
0 0.5514834205933682 0.2680311890838207 0.013961605584642234 0.009746588693957114
0 0.849912739965096 0.22709551656920077 0.017452006980802792 0.005847953216374269
0 0.5794066317626527 0.21929824561403508 0.08027923211169284 0.025341130604288498
0 0.4912739965095986 0.23684210526315788 0.9616055846422339 0.4502923976608187
