0 0.4482456140350877 0.9940828402366864 0.008771929824561403 0.011834319526627219
0 0.6149122807017544 0.992603550295858 0.005263157894736842 0.014792899408284023
0 0.637719298245614 0.9881656804733728 0.01929824561403509 0.023668639053254437
0 0.6675438596491228 0.9866863905325444 0.015789473684210527 0.026627218934911243
0 0.656140350877193 0.9674556213017751 0.0035087719298245615 0.005917159763313609
0 0.6403508771929824 0.9615384615384616 0.010526315789473684 0.01775147928994083
0 0.6912280701754386 0.9748520710059172 0.0035087719298245615 0.05029585798816568
0 0.6605263157894737 0.9452662721893491 0.005263157894736842 0.008875739644970414
0 0.65 0.9497041420118343 0.008771929824561403 0.023668639053254437
0 0.45964912280701753 0.9689349112426036 0.031578947368421054 0.0621301775147929
0 0.6701754385964912 0.9378698224852071 0.0035087719298245615 0.005917159763313609
0 0.49736842105263157 0.9674556213017751 0.02982456140350877 0.0650887573964497
0 0.537719298245614 0.9659763313609467 0.02280701754385965 0.06804733727810651
0 0.6192982456140351 0.9497041420118343 0.017543859649122806 0.05917159763313609
0 0.6885964912280702 0.9260355029585798 0.0017543859649122807 0.01775147928994083
0 0.6368421052631579 0.9201183431952663 0.007017543859649123 0.011834319526627219
0 0.6578947368421053 0.9215976331360947 0.021052631578947368 0.020710059171597635
0 0.47543859649122805 0.9097633136094675 0.007017543859649123 0.008875739644970414
0 0.5157894736842106 0.9053254437869822 0.04912280701754386 0.011834319526627219
0 0.5736842105263158 0.9467455621301775 0.05263157894736842 0.10650887573964497
0 0.7149122807017544 0.9408284023668639 0.01929824561403509 0.11834319526627218
0 0.6885964912280702 0.8890532544378699 0.005263157894736842 0.014792899408284023
0 0.193859649122807 0.650887573964497 0.012280701754385965 0.011834319526627219
0 0.9763157894736842 0.5754437869822485 0.005263157894736842 0.008875739644970414
0 0.980701754385965 0.5621301775147929 0.014035087719298246 0.011834319526627219
0 0.06403508771929825 0.4896449704142012 0.008771929824561403 0.008875739644970414
0 0.0956140350877193 0.46597633136094674 0.012280701754385965 0.020710059171597635
0 0.08508771929824561 0.45710059171597633 0.0017543859649122807 0.0029585798816568047
0 0.09035087719298246 0.4423076923076923 0.01929824561403509 0.008875739644970414
0 0.060526315789473685 0.4423076923076923 0.008771929824561403 0.014792899408284023
0 0.9964912280701754 0.378698224852071 0.007017543859649123 0.005917159763313609
0 0.9780701754385965 0.3772189349112426 0.0017543859649122807 0.0029585798816568047
0 0.2026315789473684 0.2943786982248521 0.008771929824561403 0.014792899408284023
0 0.20350877192982456 0.2781065088757396 0.010526315789473684 0.011834319526627219
0 0.30087719298245613 0.2440828402366864 0.0017543859649122807 0.0029585798816568047
0 0.9859649122807017 0.2440828402366864 0.007017543859649123 0.008875739644970414
0 0.9754385964912281 0.24260355029585798 0.0035087719298245615 0.005917159763313609
0 0.06315789473684211 0.3180473372781065 0.02456140350877193 0.17455621301775148
0 0.2964912280701754 0.22485207100591717 0.0035087719298245615 0.005917159763313609
0 0.05526315789473684 0.22041420118343194 0.008771929824561403 0.014792899408284023
0 0.3482456140350877 0.20857988165680474 0.005263157894736842 0.008875739644970414
0 0.29473684210526313 0.20562130177514792 0.0035087719298245615 0.008875739644970414
0 0.05526315789473684 0.20266272189349113 0.005263157894736842 0.008875739644970414
0 0.2929824561403509 0.1878698224852071 0.007017543859649123 0.008875739644970414
0 0.05526315789473684 0.1849112426035503 0.0017543859649122807 0.0029585798816568047
0 0.2894736842105263 0.17011834319526628 0.0035087719298245615 0.0029585798816568047
0 0.11929824561403508 0.16715976331360946 0.0035087719298245615 0.0029585798816568047
0 0.05350877192982456 0.16568047337278108 0.0017543859649122807 0.005917159763313609
0 0.6552631578947369 0.15680473372781065 0.005263157894736842 0.011834319526627219
0 0.2885964912280702 0.15384615384615385 0.005263157894736842 0.005917159763313609
0 0.11491228070175438 0.14940828402366865 0.005263157894736842 0.008875739644970414
0 0.6517543859649123 0.13313609467455623 0.005263157894736842 0.011834319526627219
0 0.05350877192982456 0.128698224852071 0.0017543859649122807 0.0029585798816568047
0 0.9912280701754386 0.128698224852071 0.017543859649122806 0.008875739644970414
0 0.7315789473684211 0.14053254437869822 0.017543859649122806 0.03254437869822485
0 0.6736842105263158 0.128698224852071 0.0035087719298245615 0.008875739644970414
0 0.6991228070175438 0.1301775147928994 0.015789473684210527 0.01775147928994083
0 0.6008771929824561 0.128698224852071 0.005263157894736842 0.014792899408284023
0 0.5149122807017544 0.12721893491124261 0.005263157894736842 0.011834319526627219
0 0.054385964912280704 0.11242603550295859 0.007017543859649123 0.011834319526627219
0 0.5087719298245614 0.10059171597633136 0.014035087719298246 0.023668639053254437
0 0.6763157894736842 0.08875739644970414 0.0017543859649122807 0.005917159763313609
0 0.1280701754385965 0.08727810650887574 0.007017543859649123 0.008875739644970414
0 0.10789473684210527 0.08875739644970414 0.005263157894736842 0.011834319526627219
0 0.7271929824561404 0.09467455621301775 0.015789473684210527 0.029585798816568046
0 0.5719298245614035 0.08431952662721894 0.0035087719298245615 0.008875739644970414
0 0.5956140350877193 0.09319526627218935 0.008771929824561403 0.038461538461538464
0 0.6456140350877193 0.08727810650887574 0.010526315789473684 0.038461538461538464
0 0.5008771929824561 0.07396449704142012 0.005263157894736842 0.011834319526627219
0 0.6666666666666666 0.06656804733727811 0.0035087719298245615 0.008875739644970414
0 0.05964912280701754 0.08136094674556213 0.021052631578947368 0.038461538461538464
0 0.08070175438596491 0.0621301775147929 0.014035087719298246 0.005917159763313609
0 0.5675438596491228 0.051775147928994084 0.005263157894736842 0.014792899408284023
0 0.6114035087719298 0.07396449704142012 0.01929824561403509 0.07100591715976332
0 0.55 0.11834319526627218 0.03333333333333333 0.15976331360946747
0 0.6921052631578948 0.06656804733727811 0.01929824561403509 0.0621301775147929
0 0.7228070175438597 0.05029585798816568 0.014035087719298246 0.03550295857988166
0 0.4850877192982456 0.4718934911242604 0.9701754385964912 0.8964497041420119
0 0.5517543859649123 0.010355029585798817 0.3175438596491228 0.020710059171597635
