0 0.6714285714285714 0.9866920152091255 0.023376623376623377 0.026615969581749048
0 0.6155844155844156 0.9866920152091255 0.015584415584415584 0.026615969581749048
0 0.5025974025974026 0.9866920152091255 0.02857142857142857 0.026615969581749048
0 0.45714285714285713 0.9847908745247148 0.015584415584415584 0.030418250950570342
0 0.3987012987012987 0.9847908745247148 0.04935064935064935 0.030418250950570342
0 0.5 0.4828897338403042 1.0 0.8136882129277566
0 0.6779220779220779 0.06463878326996197 0.015584415584415584 0.0076045627376425855
0 0.6753246753246753 0.024714828897338403 0.01038961038961039 0.019011406844106463
0 0.7337662337662337 0.04752851711026616 0.05454545454545454 0.09505703422053231
0 0.6675324675324675 0.005703422053231939 0.005194805194805195 0.011406844106463879
0 0.6467532467532467 0.009505703422053232 0.01038961038961039 0.019011406844106463
0 0.6272727272727273 0.03612167300380228 0.05454545454545454 0.07224334600760456
0 0.4948051948051948 0.028517110266159697 0.023376623376623377 0.057034220532319393
0 0.43116883116883115 0.030418250950570342 0.04155844155844156 0.060836501901140684
0 0.38441558441558443 0.030418250950570342 0.04155844155844156 0.060836501901140684
0 0.44805194805194803 0.051330798479087454 0.2779220779220779 0.10266159695817491
