0 0.6675257731958762 0.9811320754716981 0.020618556701030927 0.03773584905660377
0 0.6095360824742269 0.9716981132075472 0.01288659793814433 0.026415094339622643
0 0.49742268041237114 0.9792452830188679 0.02577319587628866 0.04150943396226415
0 0.452319587628866 0.9773584905660377 0.01804123711340206 0.045283018867924525
0 0.3956185567010309 0.9773584905660377 0.04896907216494845 0.045283018867924525
0 0.002577319587628866 0.6566037735849056 0.005154639175257732 0.007547169811320755
0 0.5 0.46037735849056605 1.0 0.8301886792452831
0 0.6752577319587629 0.04150943396226415 0.015463917525773196 0.007547169811320755
0 0.6481958762886598 0.013207547169811321 0.007731958762886598 0.011320754716981131
0 0.729381443298969 0.035849056603773584 0.05154639175257732 0.07169811320754717
0 0.6752577319587629 0.0037735849056603774 0.010309278350515464 0.007547169811320755
0 0.6211340206185567 0.024528301886792454 0.04639175257731959 0.04905660377358491
0 0.4961340206185567 0.01509433962264151 0.01288659793814433 0.03018867924528302
0 0.43041237113402064 0.016981132075471698 0.041237113402061855 0.033962264150943396
0 0.38402061855670105 0.016981132075471698 0.041237113402061855 0.033962264150943396
0 0.44716494845360827 0.03962264150943396 0.2757731958762887 0.07924528301886792
