0 0.5269953051643192 0.9827586206896551 0.035211267605633804 0.034482758620689655
0 0.35563380281690143 0.9758620689655172 0.025821596244131457 0.04827586206896552
0 0.2546948356807512 0.9758620689655172 0.0539906103286385 0.04827586206896552
0 0.30985915492957744 0.9741379310344828 0.014084507042253521 0.05172413793103448
0 0.47417840375586856 0.9724137931034482 0.014084507042253521 0.05517241379310345
0 0.1960093896713615 0.4844827586206897 0.002347417840375587 0.0034482758620689655
0 0.6514084507042254 0.03103448275862069 0.02112676056338028 0.06206896551724138
0 0.6173708920187794 0.03103448275862069 0.009389671361502348 0.06206896551724138
0 0.5469483568075117 0.022413793103448276 0.023474178403755867 0.04482758620689655
0 0.5258215962441315 0.008620689655172414 0.004694835680751174 0.017241379310344827
0 0.5070422535211268 0.005172413793103448 0.004694835680751174 0.010344827586206896
0 0.39906103286384975 0.017241379310344827 0.009389671361502348 0.034482758620689655
0 0.33568075117370894 0.020689655172413793 0.03755868544600939 0.041379310344827586
0 0.2863849765258216 0.022413793103448276 0.03755868544600939 0.04482758620689655
0 0.5 0.4396551724137931 1.0 0.8793103448275862
