0 0.5620052770448549 0.9961240310077519 0.005277044854881266 0.007751937984496124
0 0.5804749340369393 0.9941860465116279 0.021108179419525065 0.011627906976744186
0 0.5659630606860159 0.9767441860465116 0.0079155672823219 0.015503875968992248
0 0.40633245382585753 0.9767441860465116 0.026385224274406333 0.046511627906976744
0 0.3034300791556728 0.9767441860465116 0.052770448548812667 0.046511627906976744
0 0.35883905013192613 0.9748062015503876 0.0158311345646438 0.050387596899224806
0 0.5237467018469657 0.9651162790697675 0.013192612137203167 0.03875968992248062
0 0.5804749340369393 0.01744186046511628 0.005277044854881266 0.01937984496124031
0 0.7058047493403694 0.03682170542635659 0.023746701846965697 0.07364341085271318
0 0.6728232189973615 0.03682170542635659 0.010554089709762533 0.07364341085271318
0 0.6068601583113457 0.027131782945736434 0.036939313984168866 0.05426356589147287
0 0.5633245382585752 0.009689922480620155 0.0079155672823219 0.01937984496124031
0 0.45382585751978893 0.01937984496124031 0.010554089709762533 0.03875968992248062
0 0.391820580474934 0.02131782945736434 0.0395778364116095 0.04263565891472868
0 0.3403693931398417 0.023255813953488372 0.036939313984168866 0.046511627906976744
0 0.5 0.4418604651162791 1.0 0.8837209302325582
