0 0.46886446886446886 0.9953703703703703 0.007326007326007326 0.009259259259259259
0 0.42765567765567764 0.9845679012345679 0.01282051282051282 0.030864197530864196
0 0.34706959706959706 0.9845679012345679 0.020146520146520148 0.030864197530864196
0 0.3086080586080586 0.9845679012345679 0.038461538461538464 0.030864197530864196
0 0.26465201465201466 0.9830246913580247 0.020146520146520148 0.033950617283950615
0 0.4441391941391941 0.9691358024691358 0.016483516483516484 0.012345679012345678
0 0.5 0.5077160493827161 1.0 0.8302469135802469
0 0.5402930402930403 0.07407407407407407 0.007326007326007326 0.018518518518518517
0 0.4716117216117216 0.043209876543209874 0.01282051282051282 0.024691358024691357
0 0.4661172161172161 0.05709876543209876 0.06043956043956044 0.07098765432098765
0 0.36538461538461536 0.046296296296296294 0.020146520146520148 0.06172839506172839
0 0.45604395604395603 0.015432098765432098 0.01098901098901099 0.006172839506172839
0 0.3333333333333333 0.044753086419753084 0.014652014652014652 0.06481481481481481
0 0.29120879120879123 0.044753086419753084 0.029304029304029304 0.06481481481481481
