0 0.3741496598639456 0.9964349376114082 0.03741496598639456 0.0071301247771836
0 0.4141156462585034 0.9955436720142602 0.011904761904761904 0.008912655971479501
0 0.4481292517006803 0.9946524064171123 0.01870748299319728 0.0106951871657754
0 0.5748299319727891 0.9901960784313726 0.01020408163265306 0.008912655971479501
0 0.532312925170068 0.9893048128342246 0.01020408163265306 0.0142602495543672
0 0.5501700680272109 0.9803921568627451 0.011904761904761904 0.0071301247771836
0 0.43452380952380953 0.8244206773618539 0.01870748299319728 0.008912655971479501
0 0.4736394557823129 0.8119429590017825 0.011904761904761904 0.008912655971479501
0 0.4481292517006803 0.7620320855614974 0.025510204081632654 0.012477718360071301
0 0.5102040816326531 0.7611408199643493 0.047619047619047616 0.0142602495543672
0 0.48299319727891155 0.8493761140819964 0.9659863945578231 0.20499108734402852
0 0.9685374149659864 0.7281639928698752 0.00510204081632653 0.0017825311942959
0 0.9965986394557823 0.7272727272727273 0.006802721088435374 0.0035650623885918
0 0.39880952380952384 0.7201426024955436 0.008503401360544218 0.0071301247771836
0 0.3307823129251701 0.7237076648841355 0.04251700680272109 0.0142602495543672
0 0.5102040816326531 0.7174688057040999 0.006802721088435374 0.0053475935828877
0 0.375 0.7219251336898396 0.022108843537414966 0.0142602495543672
0 0.6258503401360545 0.713903743315508 0.030612244897959183 0.008912655971479501
0 0.44387755102040816 0.7023172905525846 0.003401360544217687 0.0035650623885918
0 0.320578231292517 0.7049910873440285 0.01870748299319728 0.008912655971479501
0 0.5170068027210885 0.6996434937611408 0.006802721088435374 0.0053475935828877
0 0.39965986394557823 0.7032085561497327 0.01020408163265306 0.012477718360071301
0 0.9931972789115646 0.6898395721925134 0.006802721088435374 0.0035650623885918
0 0.4005102040816326 0.6827094474153298 0.00510204081632653 0.0106951871657754
0 0.6471088435374149 0.6755793226381461 0.0017006802721088435 0.0035650623885918
0 0.6377551020408163 0.6746880570409982 0.003401360544217687 0.0017825311942959
0 0.5187074829931972 0.660427807486631 0.003401360544217687 0.0017825311942959
0 0.4965986394557823 0.661319073083779 0.006802721088435374 0.0035650623885918
0 0.4744897959183674 0.6595365418894831 0.013605442176870748 0.0071301247771836
0 0.44387755102040816 0.660427807486631 0.013605442176870748 0.008912655971479501
0 0.4005102040816326 0.661319073083779 0.015306122448979591 0.0142602495543672
0 0.9727891156462585 0.6479500891265597 0.006802721088435374 0.0053475935828877
0 0.5204081632653061 0.6417112299465241 0.003401360544217687 0.0035650623885918
0 0.4013605442176871 0.6399286987522281 0.006802721088435374 0.0106951871657754
0 0.5144557823129252 0.6185383244206774 0.0017006802721088435 0.0035650623885918
0 0.42091836734693877 0.6194295900178253 0.00510204081632653 0.0053475935828877
0 0.4931972789115646 0.6176470588235294 0.003401360544217687 0.0053475935828877
0 0.4421768707482993 0.6194295900178253 0.02040816326530612 0.008912655971479501
0 0.40221088435374147 0.6203208556149733 0.011904761904761904 0.0142602495543672
0 0.42091836734693877 0.6024955436720143 0.008503401360544218 0.0071301247771836
0 0.4923469387755102 0.6016042780748663 0.011904761904761904 0.012477718360071301
0 0.477891156462585 0.5926916221033868 0.01020408163265306 0.012477718360071301
0 0.5943877551020408 0.5926916221033868 0.03571428571428571 0.062388591800356503
0 0.5170068027210885 0.5730837789661319 0.023809523809523808 0.023172905525846704
0 0.4532312925170068 0.5846702317290553 0.04931972789115646 0.04634581105169341
0 0.608843537414966 0.5632798573975044 0.023809523809523808 0.017825311942959002
0 0.49489795918367346 0.5614973262032086 0.02040816326530612 0.0213903743315508
0 0.6232993197278912 0.5481283422459893 0.022108843537414966 0.016042780748663103
0 0.4812925170068027 0.5463458110516934 0.023809523809523808 0.016042780748663103
0 0.37329931972789115 0.5285204991087344 0.011904761904761904 0.008912655971479501
0 0.6377551020408163 0.5276292335115864 0.017006802721088437 0.017825311942959002
0 0.40476190476190477 0.5632798573975044 0.017006802721088437 0.09269162210338681
0 0.6437074829931972 0.5080213903743316 0.015306122448979591 0.0142602495543672
0 0.4642857142857143 0.516042780748663 0.023809523809523808 0.0374331550802139
0 0.6445578231292517 0.483065953654189 0.013605442176870748 0.0142602495543672
0 0.4642857142857143 0.4803921568627451 0.02040816326530612 0.016042780748663103
0 0.37329931972789115 0.4893048128342246 0.015306122448979591 0.044563279857397504
0 0.6386054421768708 0.4625668449197861 0.011904761904761904 0.012477718360071301
0 0.46938775510204084 0.46167557932263814 0.02040816326530612 0.0213903743315508
0 0.2763605442176871 0.45454545454545453 0.0017006802721088435 0.0071301247771836
0 0.35374149659863946 0.4483065953654189 0.006802721088435374 0.0053475935828877
0 0.6258503401360545 0.4411764705882353 0.017006802721088437 0.008912655971479501
0 0.48299319727891155 0.4411764705882353 0.02040816326530612 0.016042780748663103
0 0.33503401360544216 0.4385026737967914 0.02040816326530612 0.0213903743315508
0 0.27721088435374147 0.43493761140819964 0.003401360544217687 0.017825311942959002
0 0.6105442176870748 0.42602495543672014 0.017006802721088437 0.0142602495543672
0 0.49829931972789115 0.42602495543672014 0.017006802721088437 0.017825311942959002
0 0.5892857142857143 0.41622103386809267 0.015306122448979591 0.016042780748663103
0 0.5195578231292517 0.41711229946524064 0.01870748299319728 0.017825311942959002
0 0.5671768707482994 0.410873440285205 0.015306122448979591 0.016042780748663103
0 0.5416666666666666 0.4117647058823529 0.015306122448979591 0.017825311942959002
0 0.4685374149659864 0.4028520499108734 0.0017006802721088435 0.0035650623885918
0 0.375 0.4304812834224599 0.015306122448979591 0.062388591800356503
0 0.342687074829932 0.40998217468805703 0.03571428571428571 0.0213903743315508
0 0.352891156462585 0.36185383244206776 0.011904761904761904 0.0071301247771836
0 0.3435374149659864 0.37433155080213903 0.030612244897959183 0.03208556149732621
0 0.35459183673469385 0.34759358288770054 0.00510204081632653 0.0035650623885918
0 0.407312925170068 0.4180035650623886 0.011904761904761904 0.17647058823529413
0 0.3784013605442177 0.3609625668449198 0.015306122448979591 0.0659536541889483
0 0.34523809523809523 0.33778966131907306 0.027210884353741496 0.023172905525846704
0 0.34778911564625853 0.31105169340463457 0.022108843537414966 0.012477718360071301
0 0.33843537414965985 0.3003565062388592 0.01020408163265306 0.012477718360071301
0 0.35459183673469385 0.2896613190730838 0.011904761904761904 0.008912655971479501
0 0.34098639455782315 0.28609625668449196 0.00510204081632653 0.0017825311942959
0 0.41156462585034015 0.29233511586452765 0.003401360544217687 0.0213903743315508
0 0.3554421768707483 0.2727272727272727 0.003401360544217687 0.0035650623885918
0 0.413265306122449 0.26559714795008915 0.003401360544217687 0.0142602495543672
0 0.35714285714285715 0.25668449197860965 0.006802721088435374 0.0035650623885918
0 0.38095238095238093 0.28520499108734404 0.013605442176870748 0.07130124777183601
0 0.4141156462585034 0.24064171122994651 0.0017006802721088435 0.0071301247771836
0 0.48639455782312924 0.24420677361853832 0.01020408163265306 0.017825311942959002
0 0.4710884353741497 0.23707664884135474 0.006802721088435374 0.0071301247771836
0 0.6802721088435374 0.22014260249554368 0.006802721088435374 0.008912655971479501
0 0.5612244897959183 0.20588235294117646 0.047619047619047616 0.008912655971479501
0 0.5255102040816326 0.20231729055258468 0.003401360544217687 0.0017825311942959
0 0.4931972789115646 0.20944741532976827 0.01020408163265306 0.0196078431372549
0 0.8792517006802721 0.0677361853832442 0.006802721088435374 0.0035650623885918
0 0.9013605442176871 0.059714795008912656 0.003401360544217687 0.0053475935828877
0 0.8324829931972789 0.04634581105169341 0.0017006802721088435 0.0035650623885918
0 0.5 0.3716577540106952 1.0 0.7433155080213903
