0 0.41875 0.996996996996997 0.005357142857142857 0.006006006006006006
0 0.6491071428571429 0.9954954954954955 0.005357142857142857 0.009009009009009009
0 0.6258928571428571 0.993993993993994 0.0125 0.012012012012012012
0 0.6401785714285714 0.9654654654654654 0.0017857142857142857 0.003003003003003003
0 0.6285714285714286 0.9624624624624625 0.010714285714285714 0.021021021021021023
0 0.5142857142857142 0.9744744744744744 0.02142857142857143 0.05105105105105105
0 0.46964285714285714 0.9744744744744744 0.02857142857142857 0.05105105105105105
0 0.43214285714285716 0.9744744744744744 0.02857142857142857 0.05105105105105105
0 0.5982142857142857 0.9714714714714715 0.017857142857142856 0.057057057057057055
0 0.6133928571428572 0.9444444444444444 0.01607142857142857 0.015015015015015015
0 0.3892857142857143 0.9669669669669669 0.02142857142857143 0.06606606606606606
0 0.47767857142857145 0.9279279279279279 0.026785714285714284 0.006006006006006006
0 0.5357142857142857 0.960960960960961 0.07857142857142857 0.07807807807807808
0 0.6964285714285714 0.9579579579579579 0.010714285714285714 0.08408408408408409
0 0.005357142857142857 0.8528528528528528 0.010714285714285714 0.036036036036036036
0 0.0017857142857142857 0.8078078078078078 0.0035714285714285713 0.006006006006006006
0 0.0008928571428571428 0.7912912912912913 0.0017857142857142857 0.003003003003003003
0 0.0017857142857142857 0.7732732732732732 0.0035714285714285713 0.003003003003003003
0 0.0026785714285714286 0.7372372372372372 0.005357142857142857 0.009009009009009009
0 0.0017857142857142857 0.7192192192192193 0.0035714285714285713 0.009009009009009009
0 0.0026785714285714286 0.7012012012012012 0.005357142857142857 0.009009009009009009
0 0.0017857142857142857 0.6816816816816816 0.0035714285714285713 0.006006006006006006
0 0.0026785714285714286 0.6636636636636637 0.005357142857142857 0.012012012012012012
0 0.0017857142857142857 0.6441441441441441 0.0035714285714285713 0.009009009009009009
0 0.0026785714285714286 0.6276276276276276 0.005357142857142857 0.006006006006006006
0 0.0017857142857142857 0.6081081081081081 0.0035714285714285713 0.009009009009009009
0 0.0017857142857142857 0.5915915915915916 0.0035714285714285713 0.006006006006006006
0 0.9973214285714286 0.3993993993993994 0.005357142857142857 0.036036036036036036
0 0.0035714285714285713 0.4744744744744745 0.007142857142857143 0.21021021021021022
0 0.0017857142857142857 0.36036036036036034 0.0035714285714285713 0.006006006006006006
0 0.0017857142857142857 0.34384384384384387 0.0035714285714285713 0.009009009009009009
0 0.0017857142857142857 0.30930930930930933 0.0035714285714285713 0.006006006006006006
0 0.0026785714285714286 0.2747747747747748 0.005357142857142857 0.009009009009009009
0 0.0026785714285714286 0.23723723723723725 0.005357142857142857 0.012012012012012012
0 0.0017857142857142857 0.21771771771771772 0.0035714285714285713 0.009009009009009009
0 0.0026785714285714286 0.20270270270270271 0.005357142857142857 0.015015015015015015
0 0.0017857142857142857 0.1831831831831832 0.0035714285714285713 0.012012012012012012
0 0.0026785714285714286 0.16666666666666666 0.005357142857142857 0.009009009009009009
0 0.0017857142857142857 0.14714714714714713 0.0035714285714285713 0.006006006006006006
0 0.9973214285714286 0.13363363363363365 0.005357142857142857 0.009009009009009009
0 0.0026785714285714286 0.13063063063063063 0.005357142857142857 0.009009009009009009
0 0.0035714285714285713 0.11411411411411411 0.007142857142857143 0.012012012012012012
0 0.9955357142857143 0.10960960960960961 0.008928571428571428 0.03303303303303303
0 0.004464285714285714 0.09309309309309309 0.008928571428571428 0.024024024024024024
0 0.5482142857142858 0.03753753753753754 0.0035714285714285713 0.003003003003003003
0 0.5598214285714286 0.03753753753753754 0.008928571428571428 0.009009009009009009
0 0.5883928571428572 0.021021021021021023 0.01607142857142857 0.042042042042042045
0 0.5651785714285714 0.016516516516516516 0.023214285714285715 0.03303303303303303
0 0.5392857142857143 0.01951951951951952 0.007142857142857143 0.03903903903903904
0 0.45982142857142855 0.013513513513513514 0.008928571428571428 0.02702702702702703
0 0.42142857142857143 0.013513513513513514 0.04285714285714286 0.02702702702702703
0 0.3776785714285714 0.013513513513513514 0.030357142857142857 0.02702702702702703
0 0.4919642857142857 0.44144144144144143 0.9375 0.8828828828828829
