0 0.6233766233766234 0.9938144329896907 0.008658008658008658 0.012371134020618556
0 0.11147186147186147 0.9907216494845361 0.22294372294372294 0.018556701030927835
0 0.5541125541125541 0.9742268041237113 0.012987012987012988 0.02268041237113402
0 0.6461038961038961 0.9618556701030928 0.015151515151515152 0.07628865979381444
0 0.4318181818181818 0.9608247422680413 0.2012987012987013 0.07835051546391752
0 0.9956709956709957 0.8835051546391752 0.008658008658008658 0.02268041237113402
0 0.9989177489177489 0.8257731958762886 0.0021645021645021645 0.002061855670103093
0 0.9967532467532467 0.7958762886597938 0.006493506493506494 0.020618556701030927
0 0.9967532467532467 0.743298969072165 0.006493506493506494 0.02268041237113402
0 0.9967532467532467 0.5247422680412371 0.006493506493506494 0.04742268041237113
0 0.9967532467532467 0.4690721649484536 0.006493506493506494 0.04329896907216495
0 0.9956709956709957 0.3711340206185567 0.008658008658008658 0.09072164948453608
0 0.9978354978354979 0.1515463917525773 0.004329004329004329 0.06804123711340206
0 0.9978354978354979 0.08453608247422681 0.004329004329004329 0.0577319587628866
0 0.5 0.4670103092783505 1.0 0.8680412371134021
