0 0.4728171334431631 0.9935587761674718 0.19110378912685339 0.01288244766505636
0 0.6705107084019769 0.9903381642512077 0.036243822075782535 0.01932367149758454
0 0.7108731466227347 0.9597423510466989 0.014827018121911038 0.00322061191626409
0 0.30971993410214166 0.9605475040257649 0.019769357495881382 0.004830917874396135
0 0.5238879736408567 0.9637681159420289 0.3525535420098847 0.014492753623188406
0 0.027182866556836903 0.962157809983897 0.008237232289950576 0.011272141706924315
0 0.004118616144975288 0.9581320450885669 0.008237232289950576 0.00644122383252818
0 0.40774299835255357 0.9452495974235104 0.03459637561779242 0.00322061191626409
0 0.6836902800658978 0.9468599033816425 0.4975288303130148 0.00966183574879227
0 0.14250411861614498 0.9444444444444444 0.24217462932454695 0.008051529790660225
0 0.006589785831960461 0.9444444444444444 0.013179571663920923 0.011272141706924315
0 0.30724876441515653 0.9235104669887279 0.0016474464579901153 0.001610305958132045
0 0.20922570016474465 0.9243156199677939 0.1416803953871499 0.00644122383252818
0 0.07825370675453047 0.9243156199677939 0.11367380560131796 0.00644122383252818
0 0.6260296540362438 0.9299516908212561 0.6062602965403624 0.020933977455716585
0 0.006589785831960461 0.9243156199677939 0.013179571663920923 0.00966183574879227
0 0.8319604612850082 0.9162640901771336 0.19110378912685339 0.00644122383252818
0 0.43739703459637563 0.9138486312399355 0.0016474464579901153 0.001610305958132045
0 0.4868204283360791 0.9138486312399355 0.07742998352553541 0.004830917874396135
0 0.006589785831960461 0.9033816425120773 0.013179571663920923 0.00966183574879227
0 0.17380560131795716 0.9025764895330113 0.30807248764415157 0.011272141706924315
0 0.9258649093904449 0.8969404186795491 0.006589785831960461 0.00322061191626409
0 0.757001647446458 0.895330112721417 0.03130148270181219 0.00322061191626409
0 0.8451400329489291 0.8961352657004831 0.1416803953871499 0.008051529790660225
0 0.5321252059308073 0.892914653784219 0.0032948929159802307 0.001610305958132045
0 0.33772652388797364 0.8832528180354268 0.0032948929159802307 0.001610305958132045
0 0.30724876441515653 0.8840579710144928 0.011532125205930808 0.00322061191626409
0 0.2940691927512356 0.8832528180354268 0.004942339373970346 0.001610305958132045
0 0.14909390444810544 0.8840579710144928 0.26194398682042835 0.00966183574879227
0 0.006589785831960461 0.8832528180354268 0.013179571663920923 0.008051529790660225
0 0.4085667215815486 0.8760064412238325 0.006589785831960461 0.00322061191626409
0 0.3673805601317957 0.8760064412238325 0.006589785831960461 0.00322061191626409
0 0.35337726523887975 0.8752012882447665 0.004942339373970346 0.001610305958132045
0 0.45057660626029655 0.8679549114331723 0.011532125205930808 0.00322061191626409
0 0.4341021416803954 0.8687600644122383 0.014827018121911038 0.004830917874396135
0 0.2990115321252059 0.8671497584541062 0.008237232289950576 0.001610305958132045
0 0.9176276771004942 0.8719806763285024 0.039538714991762765 0.014492753623188406
0 0.6663920922570017 0.8679549114331723 0.2685337726523888 0.00644122383252818
0 0.36079077429983525 0.8679549114331723 0.10214168039538715 0.00644122383252818
0 0.006589785831960461 0.8655394524959742 0.013179571663920923 0.008051529790660225
0 0.15403624382207579 0.8655394524959742 0.27182866556836904 0.011272141706924315
0 0.8270181219110379 0.8494363929146538 0.006589785831960461 0.004830917874396135
0 0.9168039538714992 0.8542673107890499 0.03459637561779242 0.017713365539452495
0 0.8525535420098846 0.8494363929146538 0.02800658978583196 0.008051529790660225
0 0.007413509060955519 0.8462157809983897 0.014827018121911038 0.011272141706924315
0 0.47528830313014825 0.8752012882447665 0.9176276771004942 0.07246376811594203
0 0.3731466227347611 0.8381642512077294 0.004942339373970346 0.001610305958132045
0 0.35831960461285006 0.8381642512077294 0.004942339373970346 0.001610305958132045
0 0.8533772652388797 0.8397745571658615 0.029654036243822075 0.008051529790660225
0 0.8130148270181219 0.8301127214170693 0.0016474464579901153 0.001610305958132045
0 0.8772652388797364 0.8301127214170693 0.004942339373970346 0.004830917874396135
0 0.8278418451400329 0.8293075684380032 0.008237232289950576 0.00322061191626409
0 0.8533772652388797 0.8285024154589372 0.023064250411861616 0.004830917874396135
0 0.9159802306425041 0.8325281803542673 0.032948929159802305 0.01932367149758454
0 0.007413509060955519 0.8252818035426731 0.014827018121911038 0.011272141706924315
0 0.8624382207578254 0.8188405797101449 0.004942339373970346 0.001610305958132045
0 0.38797364085667213 0.8172302737520128 0.0016474464579901153 0.001610305958132045
0 0.3640856672158155 0.8172302737520128 0.016474464579901153 0.001610305958132045
0 0.44481054365733114 0.8172302737520128 0.032948929159802305 0.004830917874396135
0 0.8780889621087314 0.8107890499194848 0.006589785831960461 0.004830917874396135
0 0.8607907742998353 0.8083735909822867 0.011532125205930808 0.00322061191626409
0 0.8278418451400329 0.8091787439613527 0.004942339373970346 0.004830917874396135
0 0.8780889621087314 0.7930756843800322 0.006589785831960461 0.011272141706924315
0 0.814662273476112 0.7922705314009661 0.004942339373970346 0.00966183574879227
0 0.8278418451400329 0.789049919484702 0.008237232289950576 0.02576489533011272
0 0.8550247116968699 0.785829307568438 0.032948929159802305 0.0322061191626409
0 0.8789126853377265 0.7737520128824477 0.004942339373970346 0.014492753623188406
0 0.20840197693574958 0.7286634460547504 0.008237232289950576 0.004830917874396135
0 0.007413509060955519 0.7673107890499195 0.014827018121911038 0.08856682769726248
0 0.43739703459637563 0.7198067632850241 0.0642504118616145 0.00644122383252818
0 0.8879736408566722 0.715780998389694 0.009884678747940691 0.001610305958132045
0 0.24958813838550248 0.7190016103059581 0.018121911037891267 0.008051529790660225
0 0.20181219110378912 0.717391304347826 0.008237232289950576 0.004830917874396135
0 0.16392092257001648 0.717391304347826 0.04118616144975288 0.008051529790660225
0 0.005766062602965404 0.71658615136876 0.011532125205930808 0.00644122383252818
0 0.3369028006589786 0.7085346215780999 0.014827018121911038 0.00322061191626409
0 0.2883031301482702 0.7085346215780999 0.0032948929159802307 0.00322061191626409
0 0.8838550247116969 0.7061191626409018 0.004942339373970346 0.001610305958132045
0 0.41762767710049425 0.7093397745571659 0.09390444810543658 0.008051529790660225
0 0.004942339373970346 0.7061191626409018 0.009884678747940691 0.004830917874396135
0 0.46046128500823724 0.7012882447665056 0.0016474464579901153 0.001610305958132045
0 0.4489291598023064 0.6996779388083736 0.0016474464579901153 0.001610305958132045
0 0.3830313014827018 0.6996779388083736 0.060955518945634266 0.004830917874396135
0 0.3467874794069193 0.6988727858293076 0.004942339373970346 0.00322061191626409
0 0.25370675453047775 0.6988727858293076 0.006589785831960461 0.00322061191626409
0 0.19192751235584843 0.6980676328502415 0.004942339373970346 0.001610305958132045
0 0.2990115321252059 0.6996779388083736 0.057660626029654036 0.008051529790660225
0 0.17545304777594728 0.6980676328502415 0.018121911037891267 0.004830917874396135
0 0.0032948929159802307 0.6964573268921095 0.006589785831960461 0.004830917874396135
0 0.4382207578253707 0.6900161030595813 0.006589785831960461 0.001610305958132045
0 0.4514003294892916 0.6900161030595813 0.013179571663920923 0.004830917874396135
0 0.4233937397034596 0.6900161030595813 0.013179571663920923 0.004830917874396135
0 0.3698517298187809 0.6892109500805152 0.018121911037891267 0.00322061191626409
0 0.3500823723228995 0.6892109500805152 0.014827018121911038 0.00322061191626409
0 0.33278418451400327 0.6892109500805152 0.006589785831960461 0.00322061191626409
0 0.4925864909390445 0.6908212560386473 0.029654036243822075 0.00966183574879227
0 0.28747940691927515 0.6884057971014492 0.03459637561779242 0.004830917874396135
0 0.004942339373970346 0.6867954911433173 0.009884678747940691 0.004830917874396135
0 0.4925864909390445 0.6811594202898551 0.026359143327841845 0.00644122383252818
0 0.31219110378912684 0.679549114331723 0.011532125205930808 0.00322061191626409
0 0.16392092257001648 0.678743961352657 0.004942339373970346 0.001610305958132045
0 0.2800658978583196 0.678743961352657 0.016474464579901153 0.004830917874396135
0 0.4917627677100494 0.6714975845410628 0.03130148270181219 0.00644122383252818
0 0.38220757825370677 0.6706924315619968 0.05271828665568369 0.004830917874396135
0 0.3154859967051071 0.6698872785829307 0.004942339373970346 0.00322061191626409
0 0.8912685337726524 0.6674718196457327 0.009884678747940691 0.001610305958132045
0 0.2907742998352554 0.6698872785829307 0.04118616144975288 0.00644122383252818
0 0.14744645799011533 0.6682769726247987 0.004942339373970346 0.00322061191626409
0 0.13756177924217464 0.6682769726247987 0.008237232289950576 0.00322061191626409
0 0.004942339373970346 0.6674718196457327 0.009884678747940691 0.004830917874396135
0 0.942339373970346 0.7415458937198067 0.11532125205930807 0.15619967793880837
0 0.4917627677100494 0.6626409017713365 0.02471169686985173 0.004830917874396135
0 0.2800658978583196 0.6602254428341385 0.006589785831960461 0.00322061191626409
0 0.1243822075782537 0.6586151368760065 0.004942339373970346 0.00322061191626409
0 0.44233937397034595 0.6521739130434783 0.008237232289950576 0.00322061191626409
0 0.3443163097199341 0.6513687600644122 0.023064250411861616 0.004830917874396135
0 0.1400329489291598 0.6497584541062802 0.009884678747940691 0.001610305958132045
0 0.8772652388797364 0.6481481481481481 0.008237232289950576 0.001610305958132045
0 0.15238879736408567 0.6497584541062802 0.011532125205930808 0.004830917874396135
0 0.12520593080724876 0.6489533011272142 0.006589785831960461 0.00322061191626409
0 0.0032948929159802307 0.6481481481481481 0.006589785831960461 0.004830917874396135
0 0.44069192751235586 0.644122383252818 0.004942339373970346 0.00322061191626409
0 0.37067545304777594 0.643317230273752 0.006589785831960461 0.001610305958132045
0 0.17792421746293247 0.6417069243156199 0.032948929159802305 0.004830917874396135
0 0.002471169686985173 0.6409017713365539 0.004942339373970346 0.00322061191626409
0 0.12026359143327842 0.644927536231884 0.07907742998352553 0.014492753623188406
0 0.20675453047775946 0.6320450885668277 0.0016474464579901153 0.001610305958132045
0 0.19357495881383854 0.6320450885668277 0.0016474464579901153 0.001610305958132045
0 0.11367380560131796 0.6320450885668277 0.006589785831960461 0.004830917874396135
0 0.8887973640856672 0.6288244766505636 0.008237232289950576 0.001610305958132045
0 0.8756177924217463 0.6288244766505636 0.008237232289950576 0.001610305958132045
0 0.8599670510708401 0.6288244766505636 0.0032948929159802307 0.001610305958132045
0 0.14991762767710048 0.6320450885668277 0.05930807248764415 0.008051529790660225
0 0.0032948929159802307 0.6312399355877617 0.006589785831960461 0.00644122383252818
0 0.25205930807248766 0.6239935587761675 0.0032948929159802307 0.001610305958132045
0 0.48599670510708404 0.6384863123993558 0.036243822075782535 0.033816425120772944
0 0.1515650741350906 0.6231884057971014 0.006589785831960461 0.00322061191626409
0 0.1985172981878089 0.6223832528180354 0.004942339373970346 0.004830917874396135
0 0.17545304777594728 0.6223832528180354 0.03130148270181219 0.004830917874396135
0 0.30065897858319607 0.6360708534621579 0.0642504118616145 0.03542673107890499
0 0.12520593080724876 0.6223832528180354 0.039538714991762765 0.008051529790660225
0 0.005766062602965404 0.6215780998389694 0.011532125205930808 0.00644122383252818
0 0.1787479406919275 0.6127214170692431 0.004942339373970346 0.001610305958132045
0 0.27924217462932455 0.6135265700483091 0.014827018121911038 0.00644122383252818
0 0.19110378912685339 0.6119162640901772 0.006589785831960461 0.00322061191626409
0 0.15650741350906094 0.6119162640901772 0.0032948929159802307 0.00322061191626409
0 0.13344316309719934 0.6119162640901772 0.0032948929159802307 0.00322061191626409
0 0.12108731466227347 0.6111111111111112 0.0016474464579901153 0.001610305958132045
0 0.10873146622734761 0.6111111111111112 0.009884678747940691 0.004830917874396135
0 0.002471169686985173 0.6103059581320451 0.004942339373970346 0.00322061191626409
0 0.841845140032949 0.6086956521739131 0.032948929159802305 0.00322061191626409
0 0.7833607907742999 0.6086956521739131 0.004942339373970346 0.00322061191626409
0 0.7660626029654036 0.6086956521739131 0.009884678747940691 0.00322061191626409
0 0.7413509060955519 0.6078904991948471 0.0032948929159802307 0.001610305958132045
0 0.7265238879736409 0.6078904991948471 0.0032948929159802307 0.001610305958132045
0 0.7108731466227347 0.6086956521739131 0.011532125205930808 0.00322061191626409
0 0.3245469522240527 0.6038647342995169 0.013179571663920923 0.00322061191626409
0 0.8797364085667215 0.5998389694041868 0.009884678747940691 0.001610305958132045
0 0.8665568369028006 0.5998389694041868 0.0032948929159802307 0.001610305958132045
0 0.20757825370675453 0.6022544283413849 0.036243822075782535 0.00644122383252818
0 0.1614497528830313 0.6022544283413849 0.009884678747940691 0.00644122383252818
0 0.005766062602965404 0.6006441223832528 0.011532125205930808 0.00644122383252818
0 0.7775947281713345 0.5966183574879227 0.009884678747940691 0.004830917874396135
0 0.0016474464579901153 0.5909822866344605 0.0032948929159802307 0.00322061191626409
0 0.004942339373970346 0.5845410628019324 0.009884678747940691 0.00644122383252818
0 0.007413509060955519 0.35507246376811596 0.014827018121911038 0.4138486312399356
0 0.5090609555189456 0.4476650563607085 0.9818780889621087 0.789049919484702
0 0.11037891268533773 0.00966183574879227 0.006589785831960461 0.00644122383252818
