0 0.529639175257732 0.9981060606060606 0.002577319587628866 0.003787878787878788
0 0.5940721649484536 0.9829545454545454 0.002577319587628866 0.003787878787878788
0 0.5257731958762887 0.9848484848484849 0.005154639175257732 0.015151515151515152
0 0.4110824742268041 0.9867424242424242 0.028350515463917526 0.026515151515151516
0 0.36597938144329895 0.9848484848484849 0.015463917525773196 0.030303030303030304
0 0.3079896907216495 0.9829545454545454 0.05412371134020619 0.03409090909090909
0 0.5128865979381443 0.8560606060606061 0.010309278350515464 0.007575757575757576
0 0.8376288659793815 0.8541666666666666 0.05670103092783505 0.011363636363636364
0 0.6778350515463918 0.8484848484848485 0.05670103092783505 0.022727272727272728
0 0.7422680412371134 0.8465909090909091 0.041237113402061855 0.026515151515151516
0 0.5824742268041238 0.8465909090909091 0.06701030927835051 0.03409090909090909
0 0.45103092783505155 0.8371212121212122 0.02577319587628866 0.015151515151515152
0 0.3801546391752577 0.8352272727272727 0.01288659793814433 0.011363636363636364
0 0.970360824742268 0.8276515151515151 0.059278350515463915 0.026515151515151516
0 0.38273195876288657 0.8162878787878788 0.002577319587628866 0.003787878787878788
0 0.9974226804123711 0.7973484848484849 0.005154639175257732 0.003787878787878788
0 0.9819587628865979 0.7954545454545454 0.010309278350515464 0.007575757575757576
0 0.5115979381443299 0.7518939393939394 0.023195876288659795 0.011363636363636364
0 0.3402061855670103 0.7291666666666666 0.010309278350515464 0.01893939393939394
0 0.34149484536082475 0.7083333333333334 0.007731958762886598 0.015151515151515152
0 0.3427835051546392 0.6647727272727273 0.005154639175257732 0.003787878787878788
0 0.5 0.4943181818181818 1.0 0.821969696969697
0 0.6701030927835051 0.03977272727272727 0.005154639175257732 0.026515151515151516
0 0.7036082474226805 0.026515151515151516 0.015463917525773196 0.05303030303030303
0 0.6121134020618557 0.017045454545454544 0.03350515463917526 0.03409090909090909
0 0.5786082474226805 0.017045454545454544 0.03865979381443299 0.03409090909090909
0 0.4536082474226804 0.00946969696969697 0.010309278350515464 0.01893939393939394
0 0.38917525773195877 0.011363636363636364 0.03608247422680412 0.022727272727272728
0 0.3402061855670103 0.011363636363636364 0.03608247422680412 0.022727272727272728
0 0.4020618556701031 0.032196969696969696 0.27319587628865977 0.06439393939393939
