0 0.38333333333333336 0.9135338345864662 0.04358974358974359 0.03007518796992481
0 0.5679487179487179 0.8270676691729323 0.017948717948717947 0.007518796992481203
0 0.5076923076923077 0.5733082706766918 0.010256410256410256 0.0037593984962406013
0 0.8333333333333334 0.5150375939849624 0.005128205128205128 0.007518796992481203
0 0.7192307692307692 0.4868421052631579 0.2076923076923077 0.10150375939849623
0 0.023076923076923078 0.40601503759398494 0.046153846153846156 0.3233082706766917
0 0.5487179487179488 0.518796992481203 0.8615384615384616 0.849624060150376
0 0.5269230769230769 0.06203007518796992 0.017948717948717947 0.0037593984962406013
0 0.4987179487179487 0.06203007518796992 0.007692307692307693 0.0037593984962406013
0 0.44743589743589746 0.05827067669172932 0.002564102564102564 0.0037593984962406013
0 0.8333333333333334 0.03383458646616541 0.010256410256410256 0.06766917293233082
0 0.7012820512820512 0.016917293233082706 0.007692307692307693 0.03383458646616541
0 0.6256410256410256 0.03383458646616541 0.09743589743589744 0.06766917293233082
0 0.5974358974358974 0.013157894736842105 0.005128205128205128 0.02631578947368421
0 0.5371794871794872 0.016917293233082706 0.03333333333333333 0.03383458646616541
0 0.49743589743589745 0.013157894736842105 0.015384615384615385 0.02631578947368421
0 0.4756410256410256 0.005639097744360902 0.01282051282051282 0.011278195488721804
