0 0.7588028169014085 0.9177449168207024 0.0035211267605633804 0.0018484288354898336
0 0.7174295774647887 0.9177449168207024 0.00528169014084507 0.0018484288354898336
0 0.363556338028169 0.9195933456561922 0.00528169014084507 0.005545286506469501
0 0.3477112676056338 0.9177449168207024 0.00528169014084507 0.005545286506469501
0 0.2596830985915493 0.9177449168207024 0.008802816901408451 0.005545286506469501
0 0.3125 0.9177449168207024 0.051056338028169015 0.009242144177449169
0 0.3248239436619718 0.899260628465804 0.01232394366197183 0.005545286506469501
0 0.31161971830985913 0.899260628465804 0.007042253521126761 0.005545286506469501
0 0.2975352112676056 0.899260628465804 0.0035211267605633804 0.005545286506469501
0 0.28257042253521125 0.899260628465804 0.00528169014084507 0.005545286506469501
0 0.2605633802816901 0.8974121996303143 0.028169014084507043 0.009242144177449169
0 0.6267605633802817 0.8983364140480592 0.4894366197183099 0.014787430683918669
0 0.7359154929577465 0.8909426987060998 0.0035211267605633804 0.0036968576709796672
0 0.7200704225352113 0.8909426987060998 0.014084507042253521 0.0036968576709796672
0 0.9973591549295775 0.8807763401109058 0.00528169014084507 0.0018484288354898336
0 0.3345070422535211 0.878003696857671 0.0035211267605633804 0.0036968576709796672
0 0.2887323943661972 0.878003696857671 0.0035211267605633804 0.0036968576709796672
0 0.3494718309859155 0.8770794824399261 0.00528169014084507 0.005545286506469501
0 0.31778169014084506 0.8770794824399261 0.008802816901408451 0.005545286506469501
0 0.26672535211267606 0.8761552680221811 0.01584507042253521 0.0073937153419593345
0 0.9762323943661971 0.8696857670979667 0.0017605633802816902 0.0018484288354898336
0 0.5572183098591549 0.8696857670979667 0.0017605633802816902 0.0018484288354898336
0 0.5660211267605634 0.8687615526802218 0.00528169014084507 0.0036968576709796672
0 0.7640845070422535 0.8687615526802218 0.3732394366197183 0.0073937153419593345
0 0.977112676056338 0.8585951940850277 0.014084507042253521 0.005545286506469501
0 0.2984154929577465 0.8576709796672828 0.008802816901408451 0.0036968576709796672
0 0.3089788732394366 0.8567467652495379 0.008802816901408451 0.005545286506469501
0 0.2834507042253521 0.8567467652495379 0.007042253521126761 0.005545286506469501
0 0.25264084507042256 0.8558225508317929 0.03697183098591549 0.0073937153419593345
0 0.2227112676056338 0.8558225508317929 0.00528169014084507 0.0073937153419593345
0 0.9744718309859155 0.8475046210720887 0.01232394366197183 0.005545286506469501
0 0.3882042253521127 0.8465804066543438 0.00528169014084507 0.0036968576709796672
0 0.8829225352112676 0.8475046210720887 0.13556338028169015 0.009242144177449169
0 0.9727112676056338 0.8354898336414048 0.008802816901408451 0.0036968576709796672
0 0.335387323943662 0.8354898336414048 0.00528169014084507 0.0036968576709796672
0 0.8934859154929577 0.8354898336414048 0.1073943661971831 0.0073937153419593345
0 0.3494718309859155 0.8345656192236599 0.00528169014084507 0.005545286506469501
0 0.28257042253521125 0.8345656192236599 0.01936619718309859 0.005545286506469501
0 0.2596830985915493 0.8345656192236599 0.00528169014084507 0.005545286506469501
0 0.2306338028169014 0.833641404805915 0.0035211267605633804 0.0036968576709796672
0 0.31161971830985913 0.833641404805915 0.017605633802816902 0.0073937153419593345
0 0.24295774647887325 0.833641404805915 0.01056338028169014 0.0073937153419593345
0 0.21566901408450703 0.83271719038817 0.00528169014084507 0.005545286506469501
0 0.9762323943661971 0.8243992606284658 0.01232394366197183 0.0036968576709796672
0 0.7693661971830986 0.8243992606284658 0.03169014084507042 0.0036968576709796672
0 0.3767605633802817 0.8253234750462107 0.017605633802816902 0.005545286506469501
0 0.9102112676056338 0.8243992606284658 0.07394366197183098 0.0073937153419593345
0 0.9744718309859155 0.8133086876155268 0.008802816901408451 0.0036968576709796672
0 0.920774647887324 0.8142329020332717 0.04929577464788732 0.005545286506469501
0 0.3230633802816901 0.8133086876155268 0.00528169014084507 0.0036968576709796672
0 0.3107394366197183 0.8142329020332717 0.008802816901408451 0.005545286506469501
0 0.22095070422535212 0.8133086876155268 0.00528169014084507 0.0036968576709796672
0 0.20950704225352113 0.8133086876155268 0.0035211267605633804 0.0036968576709796672
0 0.289612676056338 0.8123844731977818 0.01936619718309859 0.005545286506469501
0 0.3336267605633803 0.7929759704251387 0.00528169014084507 0.0036968576709796672
0 0.30369718309859156 0.7929759704251387 0.0017605633802816902 0.0036968576709796672
0 0.21742957746478872 0.7920517560073937 0.0017605633802816902 0.0018484288354898336
0 0.7544014084507042 0.7911275415896488 0.008802816901408451 0.0036968576709796672
0 0.7147887323943662 0.7920517560073937 0.017605633802816902 0.005545286506469501
0 0.6910211267605634 0.7902033271719039 0.01584507042253521 0.0018484288354898336
0 0.2746478873239437 0.7920517560073937 0.007042253521126761 0.005545286506469501
0 0.2596830985915493 0.7920517560073937 0.00528169014084507 0.005545286506469501
0 0.238556338028169 0.7929759704251387 0.01936619718309859 0.0073937153419593345
0 0.5730633802816901 0.7809611829944547 0.00528169014084507 0.0018484288354898336
0 0.7403169014084507 0.7800369685767098 0.01584507042253521 0.0036968576709796672
0 0.5977112676056338 0.7809611829944547 0.040492957746478875 0.005545286506469501
0 0.3257042253521127 0.7717190388170055 0.007042253521126761 0.005545286506469501
0 0.31161971830985913 0.7717190388170055 0.007042253521126761 0.005545286506469501
0 0.5994718309859155 0.7707948243992606 0.06866197183098592 0.0073937153419593345
0 0.2737676056338028 0.7717190388170055 0.05457746478873239 0.009242144177449169
0 0.7420774647887324 0.7689463955637708 0.04401408450704225 0.0073937153419593345
0 0.9788732394366197 0.755083179297597 0.0035211267605633804 0.0018484288354898336
0 0.988556338028169 0.7541589648798521 0.008802816901408451 0.0036968576709796672
0 0.31866197183098594 0.755083179297597 0.007042253521126761 0.005545286506469501
0 0.2913732394366197 0.755083179297597 0.03345070422535211 0.012939001848428836
0 0.31514084507042256 0.743992606284658 0.0035211267605633804 0.0018484288354898336
0 0.3028169014084507 0.7421441774491682 0.007042253521126761 0.005545286506469501
0 0.27816901408450706 0.744916820702403 0.02112676056338028 0.014787430683918669
0 0.7253521126760564 0.7495378927911276 0.08098591549295775 0.027726432532347505
0 0.25704225352112675 0.7365988909426987 0.007042253521126761 0.0018484288354898336
0 0.3107394366197183 0.732902033271719 0.00528169014084507 0.0018484288354898336
0 0.22095070422535212 0.7532347504621072 0.0897887323943662 0.04251386321626617
0 0.2420774647887324 0.732902033271719 0.008802816901408451 0.005545286506469501
0 0.2227112676056338 0.7319778188539742 0.00528169014084507 0.0036968576709796672
0 0.2992957746478873 0.7301293900184843 0.0035211267605633804 0.0036968576709796672
0 0.27992957746478875 0.7282809611829945 0.007042253521126761 0.0036968576709796672
0 0.21038732394366197 0.7282809611829945 0.00528169014084507 0.0036968576709796672
0 0.1954225352112676 0.7273567467652495 0.007042253521126761 0.005545286506469501
0 0.25088028169014087 0.7245841035120147 0.00528169014084507 0.0036968576709796672
0 0.23327464788732394 0.7218114602587801 0.0017605633802816902 0.0018484288354898336
0 0.17517605633802816 0.7236598890942699 0.00528169014084507 0.005545286506469501
0 0.3089788732394366 0.7218114602587801 0.00528169014084507 0.005545286506469501
0 0.29225352112676056 0.7190388170055453 0.007042253521126761 0.0036968576709796672
0 0.21830985915492956 0.7199630314232902 0.007042253521126761 0.005545286506469501
0 0.2772887323943662 0.7181146025878004 0.00528169014084507 0.005545286506469501
0 0.1892605633802817 0.7144177449168208 0.00528169014084507 0.005545286506469501
0 0.25088028169014087 0.7134935304990758 0.01232394366197183 0.0073937153419593345
0 0.3019366197183099 0.7097966728280961 0.00528169014084507 0.0036968576709796672
0 0.22887323943661972 0.7097966728280961 0.007042253521126761 0.0036968576709796672
0 0.21830985915492956 0.7088724584103512 0.007042253521126761 0.005545286506469501
0 0.2764084507042254 0.7060998151571165 0.007042253521126761 0.0036968576709796672
0 0.17693661971830985 0.7033271719038817 0.01936619718309859 0.005545286506469501
0 0.22711267605633803 0.699630314232902 0.0035211267605633804 0.0018484288354898336
0 0.29401408450704225 0.6977818853974121 0.014084507042253521 0.005545286506469501
0 0.26848591549295775 0.6940850277264325 0.00528169014084507 0.005545286506469501
0 0.20158450704225353 0.6940850277264325 0.01232394366197183 0.005545286506469501
0 0.1813380281690141 0.6922365988909427 0.0035211267605633804 0.0018484288354898336
0 0.2535211267605634 0.6913123844731978 0.007042253521126761 0.0036968576709796672
0 0.24119718309859156 0.6913123844731978 0.007042253521126761 0.0036968576709796672
0 0.22007042253521128 0.6876155268022182 0.01056338028169014 0.0036968576709796672
0 0.2834507042253521 0.6848428835489834 0.01056338028169014 0.005545286506469501
0 0.18838028169014084 0.6839186691312384 0.007042253521126761 0.0036968576709796672
0 0.2623239436619718 0.6829944547134935 0.01056338028169014 0.005545286506469501
0 0.17693661971830985 0.6811460258780037 0.008802816901408451 0.005545286506469501
0 0.1637323943661972 0.6792975970425139 0.007042253521126761 0.005545286506469501
0 0.29313380281690143 0.677449168207024 0.00528169014084507 0.005545286506469501
0 0.18838028169014084 0.6728280961182994 0.0035211267605633804 0.0036968576709796672
0 0.2658450704225352 0.6728280961182994 0.01056338028169014 0.0073937153419593345
0 0.24647887323943662 0.6700554528650647 0.0035211267605633804 0.005545286506469501
0 0.17341549295774647 0.6700554528650647 0.008802816901408451 0.005545286506469501
0 0.2147887323943662 0.6654343807763401 0.0035211267605633804 0.0036968576709796672
0 0.2623239436619718 0.6626617375231053 0.007042253521126761 0.005545286506469501
0 0.19454225352112675 0.6635859519408502 0.01936619718309859 0.0073937153419593345
0 0.22975352112676056 0.6571164510166358 0.00528169014084507 0.0018484288354898336
0 0.17077464788732394 0.6589648798521257 0.007042253521126761 0.005545286506469501
0 0.15580985915492956 0.6571164510166358 0.00528169014084507 0.005545286506469501
0 0.19806338028169015 0.6524953789279113 0.00528169014084507 0.0036968576709796672
0 0.23943661971830985 0.6487985212569316 0.0035211267605633804 0.0036968576709796672
0 0.16637323943661972 0.6478743068391867 0.00528169014084507 0.005545286506469501
0 0.22359154929577466 0.6460258780036968 0.007042253521126761 0.005545286506469501
0 0.20950704225352113 0.6441774491682071 0.007042253521126761 0.005545286506469501
0 0.12940140845070422 0.6423290203327172 0.0017605633802816902 0.0018484288354898336
0 0.19630281690140844 0.6423290203327172 0.01232394366197183 0.005545286506469501
0 0.17869718309859156 0.6395563770794824 0.008802816901408451 0.0073937153419593345
0 0.1619718309859155 0.6367837338262476 0.007042253521126761 0.005545286506469501
0 0.14788732394366197 0.6349353049907579 0.007042253521126761 0.005545286506469501
0 0.2051056338028169 0.633086876155268 0.00528169014084507 0.005545286506469501
0 0.19014084507042253 0.6303142329020333 0.007042253521126761 0.0036968576709796672
0 0.12764084507042253 0.6312384473197782 0.01232394366197183 0.005545286506469501
0 0.1742957746478873 0.6284658040665434 0.0035211267605633804 0.0036968576709796672
0 0.15757042253521128 0.6266173752310537 0.00528169014084507 0.0036968576709796672
0 0.261443661971831 0.6238447319778189 0.00528169014084507 0.005545286506469501
0 0.1443661971830986 0.6238447319778189 0.007042253521126761 0.005545286506469501
0 0.25 0.6210720887245841 0.007042253521126761 0.0036968576709796672
0 0.12147887323943662 0.6192236598890942 0.0035211267605633804 0.0036968576709796672
0 0.19278169014084506 0.6201478743068392 0.02640845070422535 0.009242144177449169
0 0.17077464788732394 0.6173752310536045 0.007042253521126761 0.0073937153419593345
0 0.15316901408450703 0.6146025878003697 0.0035211267605633804 0.0018484288354898336
0 0.19718309859154928 0.6118299445471349 0.007042253521126761 0.0036968576709796672
0 0.18397887323943662 0.609981515711645 0.008802816901408451 0.0073937153419593345
0 0.16725352112676056 0.6062846580406654 0.0035211267605633804 0.0036968576709796672
0 0.11883802816901408 0.6081330868761553 0.01584507042253521 0.0073937153419593345
0 0.14964788732394366 0.6035120147874307 0.0035211267605633804 0.0018484288354898336
0 0.19278169014084506 0.600739371534196 0.00528169014084507 0.0036968576709796672
0 0.136443661971831 0.6053604436229205 0.01584507042253521 0.0166358595194085
0 0.11443661971830986 0.5979667282809612 0.007042253521126761 0.005545286506469501
0 0.14964788732394366 0.5924214417744916 0.007042253521126761 0.005545286506469501
0 0.5818661971830986 0.266173752310536 0.07922535211267606 0.09611829944547134
0 0.007042253521126761 0.21626617375231053 0.014084507042253521 0.0036968576709796672
0 0.0035211267605633804 0.17929759704251386 0.007042253521126761 0.011090573012939002
0 0.9621478873239436 0.35489833641404805 0.07570422535211267 0.7097966728280961
0 0.664612676056338 0.3585951940850277 0.5475352112676056 0.7171903881700554
0 0.4753521126760563 0.4898336414048059 0.9507042253521126 0.9796672828096118
