0 0.501984126984127 0.9419847328244275 0.003968253968253968 0.0030534351145038168
0 0.5486111111111112 0.9389312977099237 0.017857142857142856 0.012213740458015267
0 0.5327380952380952 0.9282442748091603 0.017857142857142856 0.0183206106870229
0 0.5029761904761905 0.9244274809160306 0.013888888888888888 0.016793893129770993
0 0.5208333333333334 0.9152671755725191 0.00992063492063492 0.004580152671755725
0 0.3869047619047619 0.9305343511450381 0.20238095238095238 0.05343511450381679
0 0.5902777777777778 0.9274809160305344 0.041666666666666664 0.050381679389312976
0 0.998015873015873 0.8648854961832061 0.003968253968253968 0.007633587786259542
0 0.8660714285714286 0.8465648854961833 0.00992063492063492 0.007633587786259542
0 0.9057539682539683 0.8312977099236641 0.00992063492063492 0.0015267175572519084
0 0.8670634920634921 0.832824427480916 0.007936507936507936 0.010687022900763359
0 0.8630952380952381 0.815267175572519 0.007936507936507936 0.0030534351145038168
0 0.8978174603174603 0.8045801526717558 0.017857142857142856 0.0030534351145038168
0 0.5873015873015873 0.7961832061068702 0.003968253968253968 0.004580152671755725
0 0.7301587301587301 0.8404580152671756 0.20634920634920634 0.09618320610687023
0 0.9474206349206349 0.7923664122137405 0.005952380952380952 0.0030534351145038168
0 0.9384920634920635 0.7916030534351145 0.003968253968253968 0.0015267175572519084
0 0.8958333333333334 0.7931297709923664 0.013888888888888888 0.004580152671755725
0 0.8680555555555556 0.7992366412213741 0.017857142857142856 0.016793893129770993
0 0.9801587301587301 0.8320610687022901 0.03968253968253968 0.08549618320610687
0 0.9861111111111112 0.7687022900763358 0.007936507936507936 0.0015267175572519084
0 0.24801587301587302 0.7595419847328244 0.011904761904761904 0.0015267175572519084
0 0.9216269841269841 0.7648854961832061 0.061507936507936505 0.015267175572519083
0 0.9880952380952381 0.7519083969465649 0.011904761904761904 0.004580152671755725
0 0.8968253968253969 0.7519083969465649 0.007936507936507936 0.004580152671755725
0 0.871031746031746 0.7442748091603053 0.003968253968253968 0.0015267175572519084
0 0.9871031746031746 0.7374045801526717 0.00992063492063492 0.0030534351145038168
0 0.9226190476190477 0.7412213740458016 0.05952380952380952 0.013740458015267175
0 0.746031746031746 0.7374045801526717 0.031746031746031744 0.0061068702290076335
0 0.9474206349206349 0.7290076335877863 0.005952380952380952 0.0015267175572519084
0 0.9871031746031746 0.7282442748091603 0.005952380952380952 0.0030534351145038168
0 0.9910714285714286 0.7206106870229008 0.017857142857142856 0.0061068702290076335
0 0.75 0.7175572519083969 0.03571428571428571 0.012213740458015267
0 0.9871031746031746 0.7114503816793893 0.017857142857142856 0.0030534351145038168
0 0.9861111111111112 0.7038167938931298 0.027777777777777776 0.0061068702290076335
0 0.7658730158730159 0.7030534351145038 0.007936507936507936 0.004580152671755725
0 0.9950396825396826 0.6954198473282442 0.00992063492063492 0.0015267175572519084
0 0.8095238095238095 0.6954198473282442 0.003968253968253968 0.0015267175572519084
0 0.7658730158730159 0.6961832061068702 0.003968253968253968 0.0030534351145038168
0 0.9781746031746031 0.6954198473282442 0.007936507936507936 0.004580152671755725
0 0.6984126984126984 0.6954198473282442 0.027777777777777776 0.004580152671755725
0 0.6527777777777778 0.7 0.027777777777777776 0.013740458015267175
0 0.8075396825396826 0.6877862595419847 0.003968253968253968 0.0015267175572519084
0 0.7916666666666666 0.6877862595419847 0.003968253968253968 0.0015267175572519084
0 0.9861111111111112 0.6862595419847328 0.027777777777777776 0.007633587786259542
0 0.9246031746031746 0.7053435114503817 0.06349206349206349 0.051908396946564885
0 0.7093253968253969 0.6801526717557251 0.001984126984126984 0.0015267175572519084
0 0.6527777777777778 0.683969465648855 0.023809523809523808 0.012213740458015267
0 0.09722222222222222 0.6770992366412214 0.003968253968253968 0.0015267175572519084
0 0.07738095238095238 0.6770992366412214 0.007936507936507936 0.0015267175572519084
0 0.06448412698412699 0.6770992366412214 0.001984126984126984 0.0015267175572519084
0 0.996031746031746 0.6717557251908397 0.007936507936507936 0.0030534351145038168
0 0.9275793650793651 0.6725190839694657 0.057539682539682536 0.004580152671755725
0 0.8015873015873016 0.6755725190839694 0.027777777777777776 0.013740458015267175
0 0.9146825396825397 0.6534351145038167 0.06746031746031746 0.015267175572519083
0 0.878968253968254 0.6412213740458015 0.003968253968253968 0.0030534351145038168
0 0.9365079365079365 0.6267175572519084 0.05555555555555555 0.035114503816793895
0 0.8839285714285714 0.6236641221374046 0.03373015873015873 0.02900763358778626
0 0.8075396825396826 0.6351145038167939 0.04365079365079365 0.06412213740458016
0 0.7549603174603174 0.6419847328244275 0.04563492063492063 0.08091603053435115
0 0.7043650793650794 0.6335877862595419 0.04365079365079365 0.06717557251908397
0 0.6547619047619048 0.6366412213740458 0.031746031746031744 0.07633587786259542
0 0.9861111111111112 0.6274809160305344 0.027777777777777776 0.09465648854961832
0 0.7033730158730159 0.5748091603053435 0.021825396825396824 0.016793893129770993
0 0.9940476190476191 0.5564885496183206 0.011904761904761904 0.0015267175572519084
0 0.875 0.5572519083969466 0.007936507936507936 0.0030534351145038168
0 0.1884920634920635 0.5503816793893129 0.011904761904761904 0.004580152671755725
0 0.03373015873015873 0.5557251908396946 0.05952380952380952 0.015267175572519083
0 0.8908730158730159 0.5442748091603054 0.023809523809523808 0.0015267175572519084
0 0.7103174603174603 0.5458015267175572 0.007936507936507936 0.004580152671755725
0 0.8154761904761905 0.5450381679389313 0.01984126984126984 0.0061068702290076335
0 0.7093253968253969 0.5389312977099237 0.00992063492063492 0.0030534351145038168
0 0.6696428571428571 0.5381679389312977 0.001984126984126984 0.0015267175572519084
0 0.933531746031746 0.5366412213740458 0.005952380952380952 0.0015267175572519084
0 0.8184523809523809 0.5381679389312977 0.00992063492063492 0.004580152671755725
0 0.7599206349206349 0.5427480916030535 0.051587301587301584 0.013740458015267175
0 0.9553571428571429 0.5358778625954198 0.00992063492063492 0.0030534351145038168
0 0.9910714285714286 0.5351145038167939 0.017857142857142856 0.004580152671755725
0 0.026785714285714284 0.5381679389312977 0.05357142857142857 0.013740458015267175
0 0.7123015873015873 0.5305343511450382 0.003968253968253968 0.0015267175572519084
0 0.7400793650793651 0.5305343511450382 0.007936507936507936 0.004580152671755725
0 0.9444444444444444 0.5282442748091603 0.023809523809523808 0.0030534351145038168
0 0.8928571428571429 0.5290076335877862 0.027777777777777776 0.004580152671755725
0 0.7767857142857143 0.5221374045801527 0.00992063492063492 0.0030534351145038168
0 0.7103174603174603 0.5221374045801527 0.007936507936507936 0.0030534351145038168
0 0.685515873015873 0.5221374045801527 0.005952380952380952 0.0030534351145038168
0 0.7966269841269841 0.5206106870229008 0.017857142857142856 0.0030534351145038168
0 0.7589285714285714 0.5213740458015267 0.017857142857142856 0.004580152671755725
0 0.9910714285714286 0.5229007633587787 0.017857142857142856 0.013740458015267175
0 0.9454365079365079 0.5190839694656488 0.02976190476190476 0.0061068702290076335
0 0.8948412698412699 0.5190839694656488 0.023809523809523808 0.0061068702290076335
0 0.7123015873015873 0.5145038167938931 0.007936507936507936 0.0030534351145038168
0 0.025793650793650792 0.5206106870229008 0.051587301587301584 0.015267175572519083
0 0.8005952380952381 0.5137404580152671 0.013888888888888888 0.004580152671755725
0 0.8898809523809523 0.5129770992366413 0.03373015873015873 0.0061068702290076335
0 0.9464285714285714 0.5106870229007634 0.023809523809523808 0.004580152671755725
0 0.8859126984126984 0.5045801526717557 0.001984126984126984 0.0015267175572519084
0 0.7113095238095238 0.5061068702290077 0.00992063492063492 0.004580152671755725
0 0.9920634920634921 0.5030534351145038 0.015873015873015872 0.004580152671755725
0 0.9444444444444444 0.5030534351145038 0.027777777777777776 0.004580152671755725
0 0.7132936507936508 0.49770992366412214 0.005952380952380952 0.0030534351145038168
0 0.9900793650793651 0.49389312977099237 0.003968253968253968 0.0015267175572519084
0 0.12103174603174603 0.516793893129771 0.11904761904761904 0.05648854961832061
0 0.7132936507936508 0.48931297709923666 0.00992063492063492 0.004580152671755725
0 0.9424603174603174 0.4870229007633588 0.01984126984126984 0.0030534351145038168
0 0.7688492063492064 0.49236641221374045 0.057539682539682536 0.013740458015267175
0 0.05654761904761905 0.483206106870229 0.00992063492063492 0.004580152671755725
0 0.037698412698412696 0.4961832061068702 0.07539682539682539 0.030534351145038167
0 0.7142857142857143 0.48091603053435117 0.003968253968253968 0.0030534351145038168
0 0.48313492063492064 0.48244274809160304 0.00992063492063492 0.0061068702290076335
0 0.9970238095238095 0.4778625954198473 0.005952380952380952 0.0030534351145038168
0 0.4781746031746032 0.47404580152671755 0.003968253968253968 0.0015267175572519084
0 0.7123015873015873 0.4725190839694656 0.011904761904761904 0.004580152671755725
0 0.8869047619047619 0.47099236641221376 0.011904761904761904 0.004580152671755725
0 0.7698412698412699 0.47557251908396947 0.05952380952380952 0.013740458015267175
0 0.050595238095238096 0.47480916030534354 0.10119047619047619 0.021374045801526718
0 0.7142857142857143 0.46259541984732827 0.007936507936507936 0.0030534351145038168
0 0.9900793650793651 0.46106870229007635 0.007936507936507936 0.0030534351145038168
0 0.9444444444444444 0.46106870229007635 0.031746031746031744 0.0030534351145038168
0 0.7718253968253969 0.46259541984732827 0.05555555555555555 0.0061068702290076335
0 0.15773809523809523 0.4725190839694656 0.08531746031746032 0.025954198473282442
0 0.4384920634920635 0.4587786259541985 0.007936507936507936 0.0015267175572519084
0 0.751984126984127 0.45648854961832064 0.007936507936507936 0.0030534351145038168
0 0.7728174603174603 0.44732824427480916 0.057539682539682536 0.0061068702290076335
0 0.8214285714285714 0.4297709923664122 0.003968253968253968 0.0015267175572519084
0 0.9484126984126984 0.42748091603053434 0.031746031746031744 0.024427480916030534
0 0.7718253968253969 0.41450381679389314 0.06349206349206349 0.05343511450381679
0 0.7430555555555556 0.3763358778625954 0.001984126984126984 0.0015267175572519084
0 0.8214285714285714 0.3732824427480916 0.007936507936507936 0.004580152671755725
0 0.8293650793650794 0.3648854961832061 0.007936507936507936 0.0030534351145038168
0 0.8045634920634921 0.3610687022900763 0.001984126984126984 0.0015267175572519084
0 0.8263888888888888 0.33435114503816793 0.001984126984126984 0.0030534351145038168
0 0.8273809523809523 0.3267175572519084 0.003968253968253968 0.0030534351145038168
0 0.8293650793650794 0.31603053435114503 0.003968253968253968 0.0061068702290076335
0 0.8759920634920635 0.3145038167938931 0.02976190476190476 0.030534351145038167
0 0.36408730158730157 0.5312977099236641 0.7281746031746031 0.47938931297709925
0 0.8869047619047619 0.2916030534351145 0.011904761904761904 0.00916030534351145
0 0.9861111111111112 0.28931297709923665 0.015873015873015872 0.007633587786259542
0 0.9484126984126984 0.3244274809160305 0.10317460317460317 0.07786259541984733
0 0.4027777777777778 0.2885496183206107 0.1111111111111111 0.00916030534351145
0 0.17559523809523808 0.2885496183206107 0.35119047619047616 0.015267175572519083
0 0.9315476190476191 0.2732824427480916 0.12103174603174603 0.00916030534351145
0 0.36507936507936506 0.2717557251908397 0.7301587301587301 0.02748091603053435
0 0.35813492063492064 0.25267175572519085 0.7162698412698413 0.016793893129770993
0 0.35912698412698413 0.2381679389312977 0.7182539682539683 0.015267175572519083
0 0.7341269841269841 0.2152671755725191 0.015873015873015872 0.0030534351145038168
0 0.8035714285714286 0.21374045801526717 0.015873015873015872 0.0030534351145038168
0 0.7708333333333334 0.21450381679389313 0.041666666666666664 0.004580152671755725
0 0.35813492063492064 0.22137404580152673 0.7162698412698413 0.0183206106870229
0 0.9087301587301587 0.21068702290076335 0.17063492063492064 0.00916030534351145
0 0.35119047619047616 0.20381679389312976 0.7023809523809523 0.016793893129770993
0 0.5 0.10763358778625955 1.0 0.17557251908396945
0 0.6011904761904762 0.006870229007633588 0.03571428571428571 0.013740458015267175
0 0.39087301587301587 0.007633587786259542 0.20238095238095238 0.015267175572519083
