0 0.9605809128630706 0.9992025518341308 0.004149377593360996 0.001594896331738437
0 0.991701244813278 0.9984051036682615 0.016597510373443983 0.003189792663476874
0 0.021784232365145227 0.9968102073365231 0.035269709543568464 0.006379585326953748
0 0.9180497925311203 0.9864433811802232 0.002074688796680498 0.004784688995215311
0 0.9180497925311203 0.9728867623604466 0.002074688796680498 0.003189792663476874
0 0.07261410788381743 0.9720893141945773 0.004149377593360996 0.001594896331738437
0 0.05394190871369295 0.9720893141945773 0.012448132780082987 0.001594896331738437
0 0.9159751037344398 0.8891547049441786 0.002074688796680498 0.004784688995215311
0 0.9564315352697096 0.9322169059011164 0.04149377593360996 0.10366826156299841
0 0.5 0.6523125996810207 1.0 0.6953748006379585
0 0.013485477178423237 0.2934609250398724 0.026970954356846474 0.012759170653907496
0 0.013485477178423237 0.2759170653907496 0.026970954356846474 0.012759170653907496
0 0.013485477178423237 0.25996810207336524 0.026970954356846474 0.012759170653907496
0 0.013485477178423237 0.24242424242424243 0.026970954356846474 0.01594896331738437
0 0.013485477178423237 0.22488038277511962 0.026970954356846474 0.01594896331738437
0 0.013485477178423237 0.2065390749601276 0.026970954356846474 0.014354066985645933
0 0.5 0.11722488038277512 1.0 0.15789473684210525
0 0.6109958506224067 0.024720893141945772 0.01037344398340249 0.017543859649122806
0 0.5975103734439834 0.01036682615629984 0.012448132780082987 0.007974481658692184
0 0.6493775933609959 0.0215311004784689 0.04149377593360996 0.0430622009569378
0 0.5663900414937759 0.018341307814992026 0.029045643153526972 0.03668261562998405
0 0.470954356846473 0.01594896331738437 0.02074688796680498 0.03189792663476874
0 0.43983402489626555 0.025518341307814992 0.2157676348547718 0.051036682615629984
