0 0.5825396825396826 0.9914346895074947 0.0031746031746031746 0.004282655246252677
0 0.37063492063492065 0.9925053533190579 0.004761904761904762 0.006423982869379015
0 0.5365079365079365 0.9892933618843683 0.0031746031746031746 0.004282655246252677
0 0.46984126984126984 0.9935760171306209 0.015873015873015872 0.01284796573875803
0 0.42777777777777776 0.9935760171306209 0.014285714285714285 0.01284796573875803
0 0.3976190476190476 0.9935760171306209 0.014285714285714285 0.01284796573875803
0 0.553968253968254 0.9817987152034261 0.0031746031746031746 0.0021413276231263384
0 0.4785714285714286 0.9807280513918629 0.08412698412698413 0.03854389721627409
0 0.4166666666666667 0.9625267665952891 0.011111111111111112 0.006423982869379015
0 0.6817460317460318 0.9346895074946466 0.007936507936507936 0.0021413276231263384
0 0.6587301587301587 0.936830835117773 0.03492063492063492 0.006423982869379015
0 0.3984126984126984 0.9346895074946466 0.009523809523809525 0.0021413276231263384
0 0.32142857142857145 0.9314775160599572 0.014285714285714285 0.008565310492505354
0 0.7206349206349206 0.930406852248394 0.022222222222222223 0.010706638115631691
0 0.8809523809523809 0.917558886509636 0.025396825396825397 0.006423982869379015
0 0.919047619047619 0.9122055674518201 0.015873015873015872 0.008565310492505354
0 0.7944444444444444 0.8758029978586723 0.023809523809523808 0.11563169164882227
0 0.5428571428571428 0.8190578158458244 0.009523809523809525 0.010706638115631691
0 0.7833333333333333 0.8104925053533191 0.0015873015873015873 0.0021413276231263384
0 0.9920634920634921 0.8533190578158458 0.015873015873015872 0.10492505353319058
0 0.7825396825396825 0.7965738758029979 0.0031746031746031746 0.008565310492505354
0 0.7817460317460317 0.7837259100642399 0.0015873015873015873 0.004282655246252677
0 0.476984126984127 0.7815845824411135 0.004761904761904762 0.004282655246252677
0 0.5619047619047619 0.8533190578158458 0.11746031746031746 0.18629550321199143
0 0.19444444444444445 0.7633832976445396 0.011111111111111112 0.014989293361884369
0 0.5658730158730159 0.7462526766595289 0.014285714285714285 0.010706638115631691
0 0.18412698412698414 0.7323340471092077 0.0031746031746031746 0.004282655246252677
0 0.014285714285714285 0.7366167023554604 0.02857142857142857 0.01284796573875803
0 0.9880952380952381 0.7312633832976445 0.011111111111111112 0.006423982869379015
0 0.9857142857142858 0.6970021413276232 0.0031746031746031746 0.0021413276231263384
0 0.7984126984126985 0.6680942184154176 0.009523809523809525 0.008565310492505354
0 0.9833333333333333 0.6445396145610278 0.020634920634920634 0.008565310492505354
0 0.6587301587301587 0.3361884368308351 0.006349206349206349 0.008565310492505354
0 0.8317460317460318 0.3169164882226981 0.006349206349206349 0.008565310492505354
0 0.8317460317460318 0.30728051391862954 0.0031746031746031746 0.006423982869379015
0 0.6833333333333333 0.2890792291220557 0.0015873015873015873 0.004282655246252677
0 0.6634920634920635 0.29336188436830835 0.006349206349206349 0.017130620985010708
0 0.8952380952380953 0.27944325481798715 0.0031746031746031746 0.0021413276231263384
0 0.503968253968254 0.2837259100642398 0.004761904761904762 0.010706638115631691
0 0.9952380952380953 0.2762312633832976 0.006349206349206349 0.004282655246252677
0 0.026984126984126985 0.27301927194860814 0.0031746031746031746 0.0021413276231263384
0 0.5380952380952381 0.27194860813704497 0.0031746031746031746 0.004282655246252677
0 0.21984126984126984 0.34582441113490364 0.0746031746031746 0.15631691648822268
0 0.025396825396825397 0.24839400428265523 0.006349206349206349 0.004282655246252677
0 0.8793650793650793 0.23447537473233404 0.012698412698412698 0.006423982869379015
0 0.8666666666666667 0.23447537473233404 0.009523809523809525 0.006423982869379015
0 0.8269841269841269 0.2334047109207709 0.0031746031746031746 0.004282655246252677
0 0.8507936507936508 0.2334047109207709 0.015873015873015872 0.008565310492505354
0 0.542063492063492 0.22376873661670235 0.004761904761904762 0.006423982869379015
0 0.9444444444444444 0.21841541755888652 0.0031746031746031746 0.004282655246252677
0 0.24682539682539684 0.2259100642398287 0.014285714285714285 0.032119914346895075
0 0.8587301587301587 0.20985010706638116 0.0031746031746031746 0.004282655246252677
0 0.2698412698412698 0.19700214132762311 0.0031746031746031746 0.008565310492505354
0 0.9325396825396826 0.1937901498929336 0.004761904761904762 0.006423982869379015
0 0.9238095238095239 0.19271948608137046 0.006349206349206349 0.004282655246252677
0 0.746031746031746 0.19593147751605997 0.012698412698412698 0.010706638115631691
0 0.7952380952380952 0.18950749464668093 0.009523809523809525 0.006423982869379015
0 0.6793650793650794 0.17987152034261242 0.009523809523809525 0.008565310492505354
0 0.5936507936507937 0.11670235546038545 0.012698412698412698 0.04068522483940043
0 0.5 0.493576017130621 1.0 0.880085653104925
0 0.5833333333333334 0.019271948608137045 0.0015873015873015873 0.004282655246252677
0 0.6134920634920635 0.018201284796573874 0.03333333333333333 0.03640256959314775
0 0.5769841269841269 0.007494646680942184 0.007936507936507936 0.014989293361884369
0 0.5468253968253968 0.011777301927194861 0.023809523809523808 0.023554603854389723
0 0.46984126984126984 0.007494646680942184 0.006349206349206349 0.014989293361884369
0 0.44126984126984126 0.019271948608137045 0.17142857142857143 0.03854389721627409
