0 0.5804498269896193 0.9473684210526315 0.02249134948096886 0.003629764065335753
0 0.7785467128027682 0.9355716878402904 0.0034602076124567475 0.0018148820326678765
0 0.7006920415224913 0.9246823956442831 0.0034602076124567475 0.0018148820326678765
0 0.583044982698962 0.9292196007259528 0.3737024221453287 0.014519056261343012
0 0.9948096885813149 0.8983666061705989 0.010380622837370242 0.007259528130671506
0 0.6825259515570934 0.8502722323049002 0.005190311418685121 0.0018148820326678765
0 0.42560553633217996 0.8457350272232305 0.031141868512110725 0.010889292196007259
0 0.7084775086505191 0.8402903811252269 0.01903114186851211 0.003629764065335753
0 0.0986159169550173 0.8393829401088929 0.010380622837370242 0.012704174228675136
0 0.8209342560553633 0.8321234119782214 0.0017301038062283738 0.0018148820326678765
0 0.9342560553633218 0.8248638838475499 0.0034602076124567475 0.0018148820326678765
0 0.45761245674740486 0.8266787658802178 0.005190311418685121 0.0054446460980036296
0 0.39013840830449825 0.8257713248638838 0.005190311418685121 0.003629764065335753
0 0.9195501730103807 0.8239564428312159 0.005190311418685121 0.003629764065335753
0 0.893598615916955 0.8239564428312159 0.0328719723183391 0.003629764065335753
0 0.870242214532872 0.8239564428312159 0.006920415224913495 0.003629764065335753
0 0.7785467128027682 0.8212341197822142 0.006920415224913495 0.0018148820326678765
0 0.47145328719723184 0.8248638838475499 0.00865051903114187 0.009074410163339383
0 0.48875432525951557 0.8176043557168784 0.0017301038062283738 0.0018148820326678765
0 0.9394463667820069 0.8139745916515426 0.0034602076124567475 0.0018148820326678765
0 0.921280276816609 0.8139745916515426 0.005190311418685121 0.0018148820326678765
0 0.8996539792387543 0.8139745916515426 0.006920415224913495 0.0018148820326678765
0 0.7897923875432526 0.8112522686025408 0.025951557093425604 0.003629764065335753
0 0.6288927335640139 0.7813067150635209 0.012110726643598616 0.012704174228675136
0 0.653114186851211 0.7667876588021778 0.0017301038062283738 0.0018148820326678765
0 0.3460207612456747 0.7622504537205081 0.031141868512110725 0.025408348457350273
0 0.7396193771626297 0.7522686025408348 0.012110726643598616 0.012704174228675136
0 0.6799307958477508 0.7549909255898367 0.03806228373702422 0.018148820326678767
0 0.6505190311418685 0.8330308529945554 0.6055363321799307 0.17422867513611615
0 0.6730103806228374 0.7404718693284936 0.0034602076124567475 0.003629764065335753
0 0.8529411764705882 0.7731397459165155 0.1903114186851211 0.07259528130671507
0 0.722318339100346 0.7377495462794919 0.0017301038062283738 0.0018148820326678765
0 0.49740484429065746 0.7395644283121597 0.005190311418685121 0.0054446460980036296
0 0.43079584775086505 0.7395644283121597 0.04152249134948097 0.0054446460980036296
0 0.3866782006920415 0.7395644283121597 0.01903114186851211 0.0054446460980036296
0 0.8624567474048442 0.7395644283121597 0.012110726643598616 0.009074410163339383
0 0.8408304498269896 0.7395644283121597 0.01384083044982699 0.009074410163339383
0 0.7422145328719724 0.7395644283121597 0.010380622837370242 0.009074410163339383
0 0.8685121107266436 0.7286751361161524 0.0034602076124567475 0.0018148820326678765
0 0.8451557093425606 0.7286751361161524 0.00865051903114187 0.0054446460980036296
0 0.7231833910034602 0.7286751361161524 0.0034602076124567475 0.0054446460980036296
0 0.698961937716263 0.7286751361161524 0.006920415224913495 0.0054446460980036296
0 0.9299307958477508 0.7177858439201452 0.0017301038062283738 0.0018148820326678765
0 0.8512110726643599 0.7186932849364791 0.006920415224913495 0.003629764065335753
0 0.8235294117647058 0.7177858439201452 0.0034602076124567475 0.0018148820326678765
0 0.41522491349480967 0.7177858439201452 0.006920415224913495 0.0018148820326678765
0 0.7517301038062284 0.7168784029038112 0.0017301038062283738 0.003629764065335753
0 0.7275086505190311 0.7177858439201452 0.00865051903114187 0.0054446460980036296
0 0.7015570934256056 0.7177858439201452 0.005190311418685121 0.0054446460980036296
0 0.7283737024221453 0.7078039927404719 0.0034602076124567475 0.003629764065335753
0 0.6115916955017301 0.7068965517241379 0.005190311418685121 0.0018148820326678765
0 0.5916955017301038 0.7068965517241379 0.0034602076124567475 0.0018148820326678765
0 0.870242214532872 0.7068965517241379 0.006920415224913495 0.0054446460980036296
0 0.6816608996539792 0.705989110707804 0.0034602076124567475 0.003629764065335753
0 0.8520761245674741 0.6978221415607986 0.005190311418685121 0.0054446460980036296
0 0.8295847750865052 0.6978221415607986 0.005190311418685121 0.0054446460980036296
0 0.6842560553633218 0.6969147005444646 0.005190311418685121 0.003629764065335753
0 0.00865051903114187 0.690562613430127 0.0034602076124567475 0.0018148820326678765
0 0.8754325259515571 0.6950998185117967 0.010380622837370242 0.014519056261343012
0 0.759515570934256 0.6887477313974592 0.0034602076124567475 0.0018148820326678765
0 0.6868512110726643 0.6887477313974592 0.0034602076124567475 0.0018148820326678765
0 0.8529411764705882 0.6887477313974592 0.006920415224913495 0.0054446460980036296
0 0.8295847750865052 0.6887477313974592 0.005190311418685121 0.0054446460980036296
0 0.7344290657439446 0.6878402903811253 0.005190311418685121 0.003629764065335753
0 0.7102076124567474 0.6887477313974592 0.005190311418685121 0.0054446460980036296
0 0.8823529411764706 0.6678765880217786 0.0034602076124567475 0.003629764065335753
0 0.8589965397923875 0.6687840290381125 0.005190311418685121 0.009074410163339383
0 0.8365051903114187 0.6669691470054446 0.005190311418685121 0.0054446460980036296
0 0.7179930795847751 0.6678765880217786 0.010380622837370242 0.010889292196007259
0 0.6929065743944637 0.6633393829401089 0.005190311418685121 0.0054446460980036296
0 0.8633217993079585 0.6569872958257713 0.006920415224913495 0.003629764065335753
0 0.8858131487889274 0.6560798548094374 0.006920415224913495 0.0054446460980036296
0 0.8416955017301038 0.6560798548094374 0.005190311418685121 0.0054446460980036296
0 0.3235294117647059 0.8266787658802178 0.6470588235294118 0.3466424682395644
0 0.7439446366782007 0.6542649727767695 0.006920415224913495 0.0054446460980036296
0 0.6946366782006921 0.6542649727767695 0.005190311418685121 0.0054446460980036296
0 0.8858131487889274 0.647005444646098 0.006920415224913495 0.0054446460980036296
0 0.7690311418685121 0.6460980036297641 0.00865051903114187 0.003629764065335753
0 0.9757785467128027 0.7658802177858439 0.04844290657439446 0.25045372050816694
0 0.4117647058823529 0.6333938294010889 0.15570934256055363 0.007259528130671506
0 0.6185121107266436 0.6252268602540835 0.039792387543252594 0.009074410163339383
0 0.8520761245674741 0.6125226860254084 0.0017301038062283738 0.0018148820326678765
0 0.7742214532871973 0.6125226860254084 0.005190311418685121 0.0018148820326678765
0 0.7041522491349481 0.6125226860254084 0.006920415224913495 0.0054446460980036296
0 0.596885813148789 0.6116152450090744 0.0034602076124567475 0.003629764065335753
0 0.8062283737024222 0.603448275862069 0.0034602076124567475 0.0018148820326678765
0 0.801038062283737 0.6016333938294011 0.0034602076124567475 0.0018148820326678765
0 0.8754325259515571 0.6061705989110708 0.01384083044982699 0.018148820326678767
0 0.8589965397923875 0.588021778584392 0.01903114186851211 0.043557168784029036
0 0.38321799307958476 0.5698729582577132 0.04671280276816609 0.047186932849364795
0 0.8019031141868512 0.52994555353902 0.012110726643598616 0.021778584392014518
0 0.726643598615917 0.5217785843920145 0.0034602076124567475 0.0054446460980036296
0 0.777681660899654 0.5272232304900182 0.015570934256055362 0.034482758620689655
0 0.7309688581314879 0.5072595281306715 0.0017301038062283738 0.0018148820326678765
0 0.6877162629757786 0.5190562613430127 0.029411764705882353 0.039927404718693285
0 0.513840830449827 0.5099818511796733 0.01730103806228374 0.036297640653357534
0 0.7629757785467128 0.48729582577132485 0.01730103806228374 0.023593466424682397
0 0.5207612456747405 0.48003629764065336 0.010380622837370242 0.02722323049001815
0 0.8088235294117647 0.4863883847549909 0.015570934256055362 0.0544464609800363
0 0.4524221453287197 0.4646098003629764 0.005190311418685121 0.010889292196007259
0 0.7655709342560554 0.46007259528130673 0.005190311418685121 0.0054446460980036296
0 0.6885813148788927 0.4646098003629764 0.006920415224913495 0.018148820326678767
0 0.5640138408304498 0.5045372050816697 0.08996539792387544 0.09800362976406533
0 0.41522491349480967 0.4246823956442831 0.0034602076124567475 0.003629764065335753
0 0.7024221453287197 0.42014519056261346 0.01730103806228374 0.009074410163339383
0 0.7975778546712803 0.42105263157894735 0.01384083044982699 0.014519056261343012
0 0.7283737024221453 0.45099818511796735 0.05190311418685121 0.0780399274047187
0 0.45069204152249137 0.43466424682395643 0.04671280276816609 0.04900181488203267
0 0.754325259515571 0.4010889292196007 0.0034602076124567475 0.007259528130671506
0 0.4671280276816609 0.39473684210526316 0.0034602076124567475 0.0018148820326678765
0 0.8001730103806228 0.40199637023593465 0.012110726643598616 0.019963702359346643
0 0.8192041522491349 0.42105263157894735 0.015570934256055362 0.06533575317604355
0 0.6133217993079585 0.5090744101633394 0.3685121107266436 0.24500907441016334
0 0.777681660899654 0.44101633393829404 0.039792387543252594 0.12341197822141561
0 0.6539792387543253 0.38656987295825773 0.006920415224913495 0.014519056261343012
0 0.46366782006920415 0.382032667876588 0.0034602076124567475 0.0054446460980036296
0 0.8261245674740484 0.37749546279491836 0.012110726643598616 0.014519056261343012
0 0.6842560553633218 0.37295825771324864 0.00865051903114187 0.012704174228675136
0 0.6704152249134948 0.3702359346642468 0.005190311418685121 0.014519056261343012
0 0.8036332179930796 0.3738656987295826 0.015570934256055362 0.029038112522686024
0 0.782871972318339 0.36388384754990927 0.012110726643598616 0.019963702359346643
0 0.7603806228373703 0.36932849364791287 0.012110726643598616 0.038112522686025406
0 0.6410034602076125 0.34754990925589835 0.005190311418685121 0.009074410163339383
0 0.6098615916955017 0.3466424682395644 0.015570934256055362 0.014519056261343012
0 0.6643598615916955 0.3457350272232305 0.010380622837370242 0.019963702359346643
0 0.8295847750865052 0.34936479128856623 0.00865051903114187 0.030852994555353903
0 0.6859861591695502 0.3448275862068966 0.012110726643598616 0.025408348457350273
0 0.8114186851211073 0.3411978221415608 0.010380622837370242 0.021778584392014518
0 0.7897923875432526 0.33756805807622503 0.015570934256055362 0.018148820326678767
0 0.643598615916955 0.33030852994555354 0.006920415224913495 0.014519056261343012
0 0.42474048442906576 0.323956442831216 0.0017301038062283738 0.0018148820326678765
0 0.6946366782006921 0.3221415607985481 0.00865051903114187 0.009074410163339383
0 0.833044982698962 0.31669691470054445 0.005190311418685121 0.012704174228675136
0 0.8140138408304498 0.3176043557168784 0.00865051903114187 0.014519056261343012
0 0.6487889273356401 0.3121597096188748 0.0034602076124567475 0.007259528130671506
0 0.7941176470588235 0.31488203266787657 0.010380622837370242 0.019963702359346643
0 0.671280276816609 0.3176043557168784 0.02422145328719723 0.025408348457350273
0 0.6998269896193772 0.3039927404718693 0.00865051903114187 0.012704174228675136
0 0.75 0.30490018148820325 0.012110726643598616 0.018148820326678767
0 0.7690311418685121 0.3157894736842105 0.01903114186851211 0.0544464609800363
0 0.666955017301038 0.29310344827586204 0.005190311418685121 0.009074410163339383
0 0.6851211072664359 0.29310344827586204 0.010380622837370242 0.023593466424682397
0 0.8183391003460208 0.2867513611615245 0.006920415224913495 0.021778584392014518
0 0.75 0.28039927404718695 0.00865051903114187 0.009074410163339383
0 0.3754325259515571 0.28039927404718695 0.0034602076124567475 0.009074410163339383
0 0.8382352941176471 0.2813067150635209 0.00865051903114187 0.014519056261343012
0 0.6643598615916955 0.26678765880217786 0.006920415224913495 0.010889292196007259
0 0.3538062283737024 0.2604355716878403 0.0017301038062283738 0.0018148820326678765
0 0.7750865051903114 0.26860254083484575 0.010380622837370242 0.025408348457350273
0 0.75 0.25226860254083483 0.012110726643598616 0.025408348457350273
0 0.6998269896193772 0.24047186932849365 0.0017301038062283738 0.0018148820326678765
0 0.6885813148788927 0.2540834845735027 0.01384083044982699 0.029038112522686024
0 0.7076124567474048 0.26406533575317603 0.01730103806228374 0.05263157894736842
0 0.7984429065743944 0.2631578947368421 0.012110726643598616 0.06170598911070781
0 0.773356401384083 0.24047186932849365 0.01384083044982699 0.023593466424682397
0 0.717128027681661 0.2250453720508167 0.0017301038062283738 0.003629764065335753
0 0.745674740484429 0.22141560798548093 0.010380622837370242 0.014519056261343012
0 0.7032871972318339 0.2250453720508167 0.00865051903114187 0.025408348457350273
0 0.6608996539792388 0.21415607985480944 0.0034602076124567475 0.003629764065335753
0 0.6790657439446367 0.22232304900181488 0.012110726643598616 0.02722323049001815
0 0.6946366782006921 0.20689655172413793 0.005190311418685121 0.007259528130671506
0 0.7197231833910035 0.20871143375680581 0.010380622837370242 0.025408348457350273
0 0.7439446366782007 0.19782214156079855 0.010380622837370242 0.021778584392014518
0 0.7655709342560554 0.20508166969147004 0.015570934256055362 0.039927404718693285
0 0.8062283737024222 0.18330308529945555 0.006920415224913495 0.010889292196007259
0 0.8252595155709342 0.21960072595281308 0.09342560553633218 0.08348457350272233
0 0.8304498269896193 0.19147005444646098 0.020761245674740483 0.030852994555353903
0 0.8927335640138409 0.3856624319419238 0.06228373702422145 0.44101633393829404
0 0.9359861591695502 0.14337568058076225 0.010380622837370242 0.018148820326678767
0 0.07612456747404844 0.09800362976406533 0.0034602076124567475 0.003629764065335753
0 0.006055363321799308 0.0780399274047187 0.0017301038062283738 0.003629764065335753
0 0.08131487889273356 0.07531760435571688 0.006920415224913495 0.012704174228675136
0 0.02422145328719723 0.06533575317604355 0.0034602076124567475 0.003629764065335753
0 0.07612456747404844 0.032667876588021776 0.0034602076124567475 0.003629764065335753
0 0.012975778546712802 0.043557168784029036 0.025951557093425604 0.032667876588021776
0 0.9593425605536332 0.3221415607985481 0.08131487889273356 0.5970961887477314
0 0.06314878892733564 0.023593466424682397 0.0017301038062283738 0.003629764065335753
0 0.08304498269896193 0.0426497277676951 0.058823529411764705 0.04900181488203267
0 0.3416955017301038 0.015426497277676952 0.005190311418685121 0.0054446460980036296
0 0.11332179930795848 0.013611615245009074 0.0017301038062283738 0.0018148820326678765
0 0.1894463667820069 0.011796733212341199 0.0017301038062283738 0.0018148820326678765
0 0.4264705882352941 0.323956442831216 0.8529411764705882 0.647912885662432
0 0.0025951557093425604 0.004537205081669692 0.005190311418685121 0.009074410163339383
