0 0.7964601769911505 0.9308681672025724 0.017699115044247787 0.01607717041800643
0 0.7522123893805309 0.9292604501607717 0.029498525073746312 0.02572347266881029
0 0.3805309734513274 0.932475884244373 0.696165191740413 0.05144694533762058
0 0.04129793510324484 0.8745980707395499 0.0058997050147492625 0.006430868167202572
0 0.4144542772861357 0.8569131832797428 0.014749262536873156 0.003215434083601286
0 0.3185840707964602 0.8569131832797428 0.02359882005899705 0.003215434083601286
0 0.20353982300884957 0.8585209003215434 0.029498525073746312 0.006430868167202572
0 0.4823008849557522 0.8745980707395499 0.25663716814159293 0.05144694533762058
0 0.415929203539823 0.842443729903537 0.02359882005899705 0.006430868167202572
0 0.5029498525073747 0.8408360128617364 0.04424778761061947 0.00964630225080386
0 0.7109144542772862 0.8215434083601286 0.017699115044247787 0.00964630225080386
0 0.5811209439528023 0.8311897106109325 0.04129793510324484 0.028938906752411574
0 0.5870206489675516 0.7893890675241158 0.017699115044247787 0.00964630225080386
0 0.700589970501475 0.7877813504823151 0.04424778761061947 0.012861736334405145
0 0.5766961651917404 0.7733118971061094 0.038348082595870206 0.00964630225080386
0 0.56047197640118 0.7588424437299035 0.0058997050147492625 0.006430868167202572
0 0.12979351032448377 0.7604501607717041 0.058997050147492625 0.00964630225080386
0 0.5855457227138643 0.7572347266881029 0.02064896755162242 0.00964630225080386
0 0.1415929203539823 0.747588424437299 0.0058997050147492625 0.003215434083601286
0 0.14749262536873156 0.7282958199356914 0.035398230088495575 0.00964630225080386
0 0.13864306784660768 0.7138263665594855 0.04129793510324484 0.006430868167202572
0 0.07227138643067847 0.729903536977492 0.07374631268436578 0.03858520900321544
0 0.5707964601769911 0.72508038585209 0.05014749262536873 0.04180064308681672
0 0.5545722713864307 0.6929260450160771 0.011799410029498525 0.00964630225080386
0 0.038348082595870206 0.5434083601286174 0.0058997050147492625 0.006430868167202572
0 0.49557522123893805 0.5353697749196141 0.0058997050147492625 0.003215434083601286
0 0.04129793510324484 0.5257234726688103 0.0058997050147492625 0.003215434083601286
0 0.7536873156342183 0.5192926045016077 0.008849557522123894 0.003215434083601286
0 0.28761061946902655 0.5144694533762058 0.02654867256637168 0.04501607717041801
0 0.04424778761061947 0.5016077170418006 0.02359882005899705 0.03858520900321544
0 0.588495575221239 0.4694533762057878 0.05604719764011799 0.04501607717041801
0 0.6150442477876106 0.41318327974276525 0.008849557522123894 0.003215434083601286
0 0.4941002949852507 0.5080385852090032 0.9351032448377581 0.842443729903537
0 0.7404129793510325 0.03858520900321544 0.0058997050147492625 0.006430868167202572
0 0.696165191740413 0.03054662379421222 0.058997050147492625 0.04180064308681672
0 0.7182890855457227 0.00482315112540193 0.014749262536873156 0.00964630225080386
0 0.5619469026548672 0.01929260450160772 0.02064896755162242 0.03858520900321544
0 0.5073746312684366 0.01929260450160772 0.058997050147492625 0.03858520900321544
0 0.4410029498525074 0.017684887459807074 0.04424778761061947 0.03536977491961415
