0 0.6778202676864244 0.9544138929088278 0.0057361376673040155 0.001447178002894356
0 0.1367112810707457 0.9319826338639653 0.08986615678776291 0.020260492040520984
0 0.5630975143403442 0.9254703328509407 0.06309751434034416 0.03328509406657019
0 0.4684512428298279 0.9276410998552822 0.37476099426386233 0.06657018813314038
0 0.7045889101338432 0.8733719247467439 0.0019120458891013384 0.001447178002894356
0 0.7160611854684512 0.8683068017366136 0.01338432122370937 0.008683068017366137
0 0.7055449330783938 0.8458755426917511 0.0038240917782026767 0.004341534008683068
0 0.7189292543021033 0.8451519536903039 0.011472275334608031 0.01447178002894356
0 0.734225621414914 0.8444283646888567 0.022944550669216062 0.024602026049204053
0 0.8326959847036329 0.8118668596237337 0.009560229445506692 0.008683068017366137
0 0.8135755258126195 0.8162083936324168 0.017208413001912046 0.017366136034732273
0 0.7982791586998088 0.8198263386396527 0.0248565965583174 0.024602026049204053
0 0.251434034416826 0.784370477568741 0.0057361376673040155 0.002894356005788712
0 0.2418738049713193 0.7590448625180898 0.009560229445506692 0.004341534008683068
0 0.33460803059273425 0.7351664254703328 0.0076481835564053535 0.002894356005788712
0 0.3260038240917782 0.7424023154848046 0.036328871892925434 0.020260492040520984
0 0.3202676864244742 0.7185238784370478 0.009560229445506692 0.001447178002894356
0 0.384321223709369 0.7170767004341534 0.0038240917782026767 0.001447178002894356
0 0.3632887189292543 0.7178002894356006 0.0076481835564053535 0.002894356005788712
0 0.4321223709369025 0.7083936324167872 0.0038240917782026767 0.001447178002894356
0 0.37667304015296366 0.7091172214182344 0.030592734225621414 0.005788712011577424
0 0.42065009560229444 0.6997105643994211 0.03441682600382409 0.004341534008683068
0 0.32122370936902483 0.6939218523878437 0.0076481835564053535 0.004341534008683068
0 0.4225621414913958 0.6917510853835022 0.019120458891013385 0.002894356005788712
0 0.3776290630975143 0.6808972503617945 0.01338432122370937 0.004341534008683068
0 0.3298279158699809 0.683068017366136 0.0248565965583174 0.008683068017366137
0 0.32217973231357555 0.6765557163531114 0.0019120458891013384 0.001447178002894356
0 0.30592734225621415 0.670767004341534 0.0038240917782026767 0.001447178002894356
0 0.2954110898661568 0.6722141823444283 0.01338432122370937 0.004341534008683068
0 0.3231357552581262 0.6693198263386396 0.0076481835564053535 0.004341534008683068
0 0.41395793499043976 0.6729377713458755 0.04780114722753346 0.02604920405209841
0 0.2887189292543021 0.6664254703328509 0.10325047801147227 0.027496382054992764
0 0.4273422562141491 0.6280752532561505 0.009560229445506692 0.01447178002894356
0 0.6491395793499044 0.5622286541244573 0.0019120458891013384 0.001447178002894356
0 0.6988527724665392 0.5615050651230101 0.0057361376673040155 0.002894356005788712
0 0.6759082217973231 0.5615050651230101 0.0057361376673040155 0.002894356005788712
0 0.5822179732313576 0.5629522431259045 0.04780114722753346 0.005788712011577424
0 0.22179732313575526 0.6121562952243126 0.4435946462715105 0.12735166425470332
0 0.8718929254302104 0.5463096960926194 0.0038240917782026767 0.001447178002894356
0 0.5200764818355641 0.5448625180897251 0.0076481835564053535 0.001447178002894356
0 0.0019120458891013384 0.5253256150506512 0.0038240917782026767 0.002894356005788712
0 0.0038240917782026767 0.5086830680173662 0.0076481835564053535 0.004341534008683068
0 0.6625239005736138 0.4971056439942113 0.009560229445506692 0.00723589001447178
0 0.6281070745697896 0.48914616497829233 0.009560229445506692 0.005788712011577424
0 0.7858508604206501 0.4768451519536903 0.0076481835564053535 0.001447178002894356
0 0.8011472275334608 0.467438494934877 0.05353728489483748 0.005788712011577424
0 0.8384321223709369 0.45803183791606367 0.009560229445506692 0.001447178002894356
0 0.8097514340344169 0.45875542691751087 0.036328871892925434 0.002894356005788712
0 0.7810707456978967 0.45875542691751087 0.009560229445506692 0.002894356005788712
0 0.8078393881453155 0.45007235890014474 0.07074569789674952 0.005788712011577424
0 0.9082217973231358 0.44862518089725034 0.0076481835564053535 0.005788712011577424
0 0.9034416826003824 0.4406657018813314 0.0057361376673040155 0.004341534008683068
0 0.05927342256214149 0.4196816208393632 0.011472275334608031 0.008683068017366137
0 0.8030592734225621 0.4153400868306802 0.08030592734225621 0.05788712011577424
0 0.8154875717017208 0.35311143270622286 0.009560229445506692 0.005788712011577424
0 0.8537284894837476 0.32344428364688854 0.009560229445506692 0.00723589001447178
0 0.6405353728489483 0.3125904486251809 0.0038240917782026767 0.002894356005788712
0 0.5745697896749522 0.2670043415340087 0.009560229445506692 0.001447178002894356
0 0.8173996175908221 0.2633863965267728 0.0019120458891013384 0.002894356005788712
0 0.8355640535372849 0.23878437047756873 0.06500956022944551 0.005788712011577424
0 0.5401529636711281 0.21924746743849494 0.0019120458891013384 0.001447178002894356
0 0.494263862332696 0.21924746743849494 0.055449330783938815 0.004341534008683068
0 0.28680688336520077 0.21490593342981187 0.0038240917782026767 0.001447178002894356
0 0.9493307839388145 0.21273516642547033 0.10133843212237094 0.005788712011577424
0 0.5458891013384322 0.20549927641099855 0.01338432122370937 0.005788712011577424
0 0.03154875717017208 0.20043415340086831 0.017208413001912046 0.004341534008683068
0 0.751434034416826 0.19609261939218525 0.0076481835564053535 0.001447178002894356
0 0.8183556405353728 0.19536903039073805 0.06500956022944551 0.005788712011577424
0 0.9282982791586998 0.19319826338639653 0.14340344168260039 0.02170767004341534
0 0.5353728489483748 0.18162083936324167 0.0038240917782026767 0.001447178002894356
0 0.5162523900573613 0.18162083936324167 0.0076481835564053535 0.001447178002894356
0 0.4560229445506692 0.18162083936324167 0.032504780114722756 0.00723589001447178
0 0.8126195028680688 0.18234442836468887 0.05353728489483748 0.01447178002894356
0 0.9273422562141491 0.17655571635311143 0.14531548757170173 0.008683068017366137
0 0.5019120458891013 0.17221418234442837 0.04780114722753346 0.005788712011577424
0 0.4541108986615679 0.17293777134587554 0.032504780114722756 0.00723589001447178
0 0.8011472275334608 0.16931982633863965 0.0076481835564053535 0.002894356005788712
0 0.7858508604206501 0.16931982633863965 0.0038240917782026767 0.002894356005788712
0 0.9321223709369025 0.1671490593342981 0.028680688336520075 0.004341534008683068
0 0.5191204588910134 0.16353111432706222 0.01338432122370937 0.005788712011577424
0 0.4722753346080306 0.16425470332850942 0.06118546845124283 0.00723589001447178
0 0.8116634799235182 0.15991316931982633 0.009560229445506692 0.004341534008683068
0 0.7762906309751434 0.16063675832127353 0.019120458891013385 0.005788712011577424
0 0.6988527724665392 0.1410998552821997 0.0019120458891013384 0.001447178002894356
0 0.7265774378585086 0.14254703328509408 0.015296367112810707 0.00723589001447178
0 0.7265774378585086 0.13314037626628075 0.0038240917782026767 0.002894356005788712
0 0.7065009560229446 0.12735166425470332 0.032504780114722756 0.01447178002894356
0 0.5 0.4507959479015919 1.0 0.9015918958031838
