0 0.9983079526226735 0.7602131438721137 0.00338409475465313 0.010657193605683837
0 0.338409475465313 0.7806394316163411 0.43993231810490696 0.18294849023090587
0 0.23096446700507614 0.6714031971580817 0.011844331641285956 0.014209591474245116
0 0.9864636209813875 0.42984014209591476 0.02707275803722504 0.056838365896980464
0 0.005076142131979695 0.3641207815275311 0.01015228426395939 0.04262877442273535
0 0.10406091370558376 0.3392539964476021 0.001692047377326565 0.003552397868561279
0 0.9983079526226735 0.3117229129662522 0.00338409475465313 0.0017761989342806395
0 0.9822335025380711 0.30905861456483125 0.018612521150592216 0.003552397868561279
0 0.6717428087986463 0.2353463587921847 0.01692047377326565 0.012433392539964476
0 0.9754653130287648 0.23801065719360567 0.03553299492385787 0.04262877442273535
0 0.4906937394247039 0.20959147424511546 0.00338409475465313 0.003552397868561279
0 0.4796954314720812 0.20515097690941386 0.001692047377326565 0.0017761989342806395
0 0.4983079526226734 0.20426287744227353 0.008460236886632826 0.007104795737122558
0 0.005076142131979695 0.2531083481349911 0.01015228426395939 0.15808170515097691
0 0.005076142131979695 0.1447602131438721 0.00338409475465313 0.012433392539964476
0 0.5 0.5079928952042628 1.0 0.9520426287744227
0 0.9746192893401016 0.007104795737122558 0.01353637901861252 0.014209591474245116
