0 0.4612676056338028 0.8678373382624769 0.01056338028169014 0.0166358595194085
0 0.44630281690140844 0.8512014787430684 0.022887323943661973 0.012939001848428836
0 0.4964788732394366 0.8382624768946395 0.007042253521126761 0.005545286506469501
0 0.4709507042253521 0.8410351201478743 0.03697183098591549 0.029574861367837338
0 0.5079225352112676 0.8280961182994455 0.01232394366197183 0.011090573012939002
0 0.49735915492957744 0.8179297597042514 0.00528169014084507 0.005545286506469501
0 0.48327464788732394 0.8243992606284658 0.01936619718309859 0.018484288354898338
0 0.488556338028169 0.8096118299445472 0.00528169014084507 0.0036968576709796672
0 0.528169014084507 0.8086876155268022 0.007042253521126761 0.005545286506469501
0 0.5422535211267606 0.7754158964879853 0.07746478873239436 0.053604436229205174
0 0.738556338028169 0.655268022181146 0.00528169014084507 0.005545286506469501
0 0.9198943661971831 0.47412199630314233 0.06514084507042253 0.053604436229205174
0 0.9595070422535211 0.43807763401109057 0.04225352112676056 0.04066543438077634
0 0.9850352112676056 0.3909426987060998 0.00528169014084507 0.005545286506469501
0 0.5 0.5092421441774492 1.0 0.933456561922366
0 0.020246478873239437 0.0036968576709796672 0.040492957746478875 0.0073937153419593345
