0 0.7237196765498652 0.9535714285714286 0.49865229110512127 0.05357142857142857
0 0.738544474393531 0.9232142857142858 0.01078167115902965 0.007142857142857143
0 0.793800539083558 0.9178571428571428 0.013477088948787063 0.007142857142857143
0 0.784366576819407 0.90625 0.0431266846361186 0.019642857142857142
0 0.7776280323450134 0.89375 0.0026954177897574125 0.0017857142857142857
0 0.7479784366576819 0.9053571428571429 0.03504043126684636 0.039285714285714285
0 0.8018867924528302 0.8875 0.008086253369272238 0.007142857142857143
0 0.7587601078167115 0.8830357142857143 0.018867924528301886 0.005357142857142857
0 0.5902964959568733 0.91875 0.2587601078167116 0.09821428571428571
0 0.8463611859838275 0.8910714285714286 0.05929919137466307 0.075
0 0.05929919137466307 0.8508928571428571 0.11859838274932614 0.10178571428571428
0 0.004043126684636119 0.7928571428571428 0.008086253369272238 0.0035714285714285713
0 0.009433962264150943 0.7714285714285715 0.018867924528301886 0.0035714285714285713
0 0.025606469002695417 0.7508928571428571 0.008086253369272238 0.0017857142857142857
0 0.3221024258760108 0.7383928571428572 0.0673854447439353 0.005357142857142857
0 0.316711590296496 0.7223214285714286 0.05121293800539083 0.01607142857142857
0 0.11994609164420485 0.6017857142857143 0.008086253369272238 0.007142857142857143
0 0.09164420485175202 0.5946428571428571 0.01078167115902965 0.007142857142857143
0 0.12264150943396226 0.6017857142857143 0.24528301886792453 0.09285714285714286
0 0.02830188679245283 0.5544642857142857 0.05660377358490566 0.005357142857142857
0 0.18194070080862534 0.5473214285714286 0.07277628032345014 0.005357142857142857
0 0.07681940700808626 0.5330357142857143 0.013477088948787063 0.0017857142857142857
0 0.01752021563342318 0.5357142857142857 0.03504043126684636 0.007142857142857143
0 0.1725067385444744 0.5294642857142857 0.0431266846361186 0.005357142857142857
0 0.01752021563342318 0.5169642857142858 0.03504043126684636 0.005357142857142857
0 0.1105121293800539 0.5125 0.01078167115902965 0.0035714285714285713
0 0.1765498652291105 0.5098214285714285 0.0026954177897574125 0.0017857142857142857
0 0.5619946091644205 0.7 0.8436657681940701 0.39285714285714285
0 0.016172506738544475 0.5 0.03234501347708895 0.0035714285714285713
0 0.016172506738544475 0.48125 0.03234501347708895 0.005357142857142857
0 0.0215633423180593 0.4625 0.0431266846361186 0.007142857142857143
0 0.01078167115902965 0.45267857142857143 0.0215633423180593 0.005357142857142857
0 0.01752021563342318 0.4419642857142857 0.03504043126684636 0.005357142857142857
0 0.009433962264150943 0.43125 0.008086253369272238 0.0017857142857142857
0 0.0431266846361186 0.41875 0.0862533692722372 0.008928571428571428
0 0.0431266846361186 0.26071428571428573 0.016172506738544475 0.025
0 0.09029649595687332 0.3294642857142857 0.18059299191374664 0.16607142857142856
0 0.9797843665768194 0.06607142857142857 0.013477088948787063 0.025
0 0.9851752021563343 0.04196428571428571 0.0026954177897574125 0.0017857142857142857
0 0.9474393530997305 0.05089285714285714 0.008086253369272238 0.026785714285714284
0 0.931266846361186 0.022321428571428572 0.03504043126684636 0.023214285714285715
0 0.7371967654986523 0.008035714285714285 0.0026954177897574125 0.0017857142857142857
0 0.5121293800539084 0.010714285714285714 0.016172506738544475 0.010714285714285714
0 0.8423180592991913 0.00625 0.04582210242587601 0.0125
0 0.7897574123989218 0.0026785714285714286 0.005390835579514825 0.005357142857142857
0 0.7466307277628033 0.0026785714285714286 0.01078167115902965 0.005357142857142857
0 0.6293800539083558 0.007142857142857143 0.008086253369272238 0.014285714285714285
0 0.5822102425876011 0.009821428571428571 0.04851752021563342 0.019642857142857142
0 0.5336927223719676 0.010714285714285714 0.0215633423180593 0.02142857142857143
0 0.5175202156334232 0.0017857142857142857 0.005390835579514825 0.0035714285714285713
0 0.5822102425876011 0.023214285714285715 0.2587601078167116 0.04642857142857143
0 0.02021563342318059 0.0026785714285714286 0.04043126684636118 0.005357142857142857
