0 0.8706896551724138 0.9952471482889734 0.12643678160919541 0.009505703422053232
0 0.45977011494252873 0.9771863117870723 0.04597701149425287 0.03802281368821293
0 0.5201149425287356 0.973384030418251 0.05747126436781609 0.04182509505703422
0 0.5689655172413793 0.9686311787072244 0.028735632183908046 0.03612167300380228
0 0.7485632183908046 0.9439163498098859 0.014367816091954023 0.009505703422053232
0 0.7112068965517241 0.9619771863117871 0.08333333333333333 0.045627376425855515
0 0.7054597701149425 0.9439163498098859 0.03735632183908046 0.02091254752851711
0 0.5244252873563219 0.9600760456273765 0.27873563218390807 0.07984790874524715
0 0.6896551724137931 0.9192015209125475 0.011494252873563218 0.0019011406844106464
0 0.7385057471264368 0.9153992395437263 0.005747126436781609 0.0019011406844106464
0 0.7931034482758621 0.9486692015209125 0.06896551724137931 0.07984790874524715
0 0.01293103448275862 0.3203422053231939 0.02586206896551724 0.10836501901140684
0 0.7140804597701149 0.01806083650190114 0.0028735632183908046 0.0019011406844106464
0 0.5 0.4752851711026616 1.0 0.9277566539923955
0 0.6968390804597702 0.015209125475285171 0.02586206896551724 0.011406844106463879
0 0.8060344827586207 0.012357414448669201 0.05459770114942529 0.024714828897338403
0 0.7485632183908046 0.0076045627376425855 0.014367816091954023 0.015209125475285171
0 0.6853448275862069 0.0019011406844106464 0.0028735632183908046 0.0038022813688212928
0 0.5761494252873564 0.012357414448669201 0.014367816091954023 0.024714828897338403
0 0.5287356321839081 0.015209125475285171 0.05172413793103448 0.030418250950570342
0 0.46695402298850575 0.016159695817490494 0.04310344827586207 0.03231939163498099
0 0.5287356321839081 0.029467680608365018 0.27586206896551724 0.058935361216730035
