0 0.4913194444444444 0.9954379562043796 0.017361111111111112 0.009124087591240875
0 0.5729166666666666 0.9927007299270073 0.006944444444444444 0.0072992700729927005
0 0.4583333333333333 0.9945255474452555 0.010416666666666666 0.010948905109489052
0 0.4270833333333333 0.9945255474452555 0.013888888888888888 0.010948905109489052
0 0.4036458333333333 0.9917883211678832 0.008680555555555556 0.005474452554744526
0 0.5911458333333334 0.9881386861313869 0.008680555555555556 0.005474452554744526
0 0.4739583333333333 0.8594890510948905 0.9305555555555556 0.17883211678832117
0 0.9904513888888888 0.7536496350364964 0.019097222222222224 0.032846715328467155
0 0.9869791666666666 0.5948905109489051 0.026041666666666668 0.06934306569343066
0 0.003472222222222222 0.5547445255474452 0.006944444444444444 0.12408759124087591
0 0.006076388888888889 0.48083941605839414 0.005208333333333333 0.009124087591240875
0 0.006944444444444444 0.4635036496350365 0.003472222222222222 0.0072992700729927005
0 0.9835069444444444 0.4260948905109489 0.03298611111111111 0.06386861313868614
0 0.006944444444444444 0.3731751824817518 0.013888888888888888 0.15145985401459855
0 0.003472222222222222 0.28375912408759124 0.006944444444444444 0.020072992700729927
0 0.003472222222222222 0.26003649635036497 0.006944444444444444 0.016423357664233577
0 0.0078125 0.23996350364963503 0.005208333333333333 0.016423357664233577
0 0.008680555555555556 0.22262773722627738 0.003472222222222222 0.010948905109489052
0 0.9635416666666666 0.22445255474452555 0.04513888888888889 0.021897810218978103
0 0.001736111111111111 0.16605839416058393 0.003472222222222222 0.01824817518248175
0 0.625 0.1031021897810219 0.010416666666666666 0.009124087591240875
0 0.9565972222222222 0.09945255474452555 0.017361111111111112 0.009124087591240875
0 0.5373263888888888 0.06295620437956205 0.029513888888888888 0.03102189781021898
0 0.5208333333333334 0.04288321167883212 0.003472222222222222 0.005474452554744526
0 0.2717013888888889 0.040145985401459854 0.001736111111111111 0.0036496350364963502
0 0.5069444444444444 0.4051094890510949 0.9861111111111112 0.7481751824817519
0 0.1484375 0.0072992700729927005 0.005208333333333333 0.010948905109489052
