0 0.5482014388489208 0.9970873786407767 0.0028776978417266188 0.005825242718446602
0 0.520863309352518 0.9883495145631068 0.0057553956834532375 0.015533980582524271
0 0.5201438848920863 0.9728155339805825 0.007194244604316547 0.007766990291262136
0 0.5460431654676259 0.9592233009708738 0.012949640287769784 0.011650485436893204
0 0.37194244604316545 0.970873786407767 0.015827338129496403 0.04660194174757282
0 0.4446043165467626 0.9689320388349515 0.014388489208633094 0.04660194174757282
0 0.4093525179856115 0.9699029126213592 0.02446043165467626 0.04854368932038835
0 0.5136690647482014 0.9446601941747573 0.0028776978417266188 0.005825242718446602
0 0.5302158273381294 0.9368932038834952 0.004316546762589928 0.005825242718446602
0 0.6014388489208633 0.9320388349514563 0.0028776978417266188 0.015533980582524271
0 0.4172661870503597 0.9572815533980582 0.16402877697841728 0.0854368932038835
0 0.9877697841726619 0.8106796116504854 0.02446043165467626 0.1145631067961165
0 0.8618705035971223 0.7436893203883496 0.0028776978417266188 0.007766990291262136
0 0.8280575539568346 0.7446601941747573 0.004316546762589928 0.009708737864077669
0 0.8352517985611511 0.7165048543689321 0.012949640287769784 0.003883495145631068
0 0.8597122302158273 0.7048543689320388 0.0014388489208633094 0.003883495145631068
0 0.002158273381294964 0.6893203883495146 0.004316546762589928 0.003883495145631068
0 0.0035971223021582736 0.6631067961165048 0.007194244604316547 0.009708737864077669
0 0.8338129496402877 0.6563106796116505 0.012949640287769784 0.007766990291262136
0 0.002158273381294964 0.6533980582524271 0.004316546762589928 0.001941747572815534
0 0.8525179856115108 0.6485436893203883 0.01870503597122302 0.015533980582524271
0 0.8381294964028777 0.641747572815534 0.0014388489208633094 0.001941747572815534
0 0.002158273381294964 0.6398058252427185 0.004316546762589928 0.001941747572815534
0 0.0035971223021582736 0.625242718446602 0.007194244604316547 0.007766990291262136
0 0.6906474820143885 0.5728155339805825 0.0028776978417266188 0.003883495145631068
0 0.6920863309352518 0.5553398058252427 0.0028776978417266188 0.007766990291262136
0 0.6920863309352518 0.4796116504854369 0.0028776978417266188 0.04271844660194175
0 0.2712230215827338 0.31359223300970873 0.004316546762589928 0.009708737864077669
0 0.9863309352517986 0.4242718446601942 0.02158273381294964 0.2621359223300971
0 0.8136690647482014 0.11359223300970873 0.0014388489208633094 0.001941747572815534
0 0.8165467625899281 0.11165048543689321 0.0014388489208633094 0.001941747572815534
0 0.4949640287769784 0.45436893203883494 0.9899280575539569 0.9087378640776699
