0 0.3413098236775819 0.9723247232472325 0.0327455919395466 0.055350553505535055
0 0.49748110831234255 0.9704797047970479 0.05289672544080604 0.05904059040590406
0 0.4508816120906801 0.9704797047970479 0.020151133501259445 0.05904059040590406
0 0.29848866498740556 0.9704797047970479 0.022670025188916875 0.05904059040590406
0 0.2380352644836272 0.9704797047970479 0.042821158690176324 0.05904059040590406
0 0.9508816120906801 0.4797047970479705 0.0982367758186398 0.7970479704797048
0 0.44710327455919396 0.477859778597786 0.8942065491183879 0.8081180811808119
0 0.5843828715365239 0.04059040590405904 0.055415617128463476 0.08118081180811808
0 0.4987405541561713 0.03136531365313653 0.08564231738035265 0.06273062730627306
0 0.3589420654911839 0.023985239852398525 0.017632241813602016 0.04797047970479705
0 0.25818639798488663 0.025830258302583026 0.017632241813602016 0.05166051660516605
0 0.3123425692695214 0.04428044280442804 0.27204030226700254 0.08856088560885608
