0 0.735897435897436 0.9962546816479401 0.010256410256410256 0.00749063670411985
0 0.7012820512820512 0.9962546816479401 0.007692307692307693 0.00749063670411985
0 0.5089743589743589 0.9101123595505618 0.007692307692307693 0.00749063670411985
0 0.7217948717948718 0.897003745318352 0.01282051282051282 0.018726591760299626
0 0.7525641025641026 0.8707865168539326 0.01282051282051282 0.011235955056179775
0 0.7961538461538461 0.8352059925093633 0.023076923076923078 0.0149812734082397
0 0.5089743589743589 0.8277153558052435 0.023076923076923078 0.0149812734082397
0 0.08076923076923077 0.7902621722846442 0.023076923076923078 0.03745318352059925
0 0.07948717948717948 0.7528089887640449 0.010256410256410256 0.0299625468164794
0 0.08076923076923077 0.7078651685393258 0.007692307692307693 0.02247191011235955
0 0.00641025641025641 0.6985018726591761 0.01282051282051282 0.011235955056179775
0 0.02564102564102564 0.6704119850187266 0.005128205128205128 0.00749063670411985
0 0.00641025641025641 0.6704119850187266 0.01282051282051282 0.0149812734082397
0 0.041025641025641026 0.6629213483146067 0.010256410256410256 0.02247191011235955
0 0.08076923076923077 0.6554307116104869 0.007692307692307693 0.0149812734082397
0 0.04230769230769231 0.6142322097378277 0.08461538461538462 0.02247191011235955
0 0.9961538461538462 0.4756554307116105 0.007692307692307693 0.00749063670411985
0 0.9974358974358974 0.4363295880149813 0.005128205128205128 0.003745318352059925
0 0.9923076923076923 0.37640449438202245 0.015384615384615385 0.04119850187265917
0 0.9948717948717949 0.3389513108614232 0.010256410256410256 0.003745318352059925
0 0.9961538461538462 0.1891385767790262 0.007692307692307693 0.018726591760299626
0 0.5 0.5149812734082397 1.0 0.8801498127340824
0 0.7730769230769231 0.05056179775280899 0.05897435897435897 0.10112359550561797
0 0.7243589743589743 0.009363295880149813 0.023076923076923078 0.018726591760299626
0 0.7012820512820512 0.00749063670411985 0.01282051282051282 0.0149812734082397
0 0.691025641025641 0.03745318352059925 0.07948717948717948 0.0749063670411985
0 0.5576923076923077 0.026217228464419477 0.023076923076923078 0.052434456928838954
0 0.47307692307692306 0.026217228464419477 0.08974358974358974 0.052434456928838954
0 0.5089743589743589 0.04681647940074907 0.258974358974359 0.09363295880149813
