0 0.5954063604240283 0.9972222222222222 0.007067137809187279 0.005555555555555556
0 0.6148409893992933 0.9925925925925926 0.01060070671378092 0.007407407407407408
0 0.024734982332155476 0.9074074074074074 0.007067137809187279 0.003703703703703704
0 0.022968197879858657 0.8851851851851852 0.0035335689045936395 0.003703703703703704
0 0.022968197879858657 0.8731481481481481 0.0035335689045936395 0.001851851851851852
0 0.023851590106007067 0.8629629629629629 0.00530035335689046 0.003703703703703704
0 0.023851590106007067 0.8407407407407408 0.00530035335689046 0.003703703703703704
0 0.022968197879858657 0.8185185185185185 0.0035335689045936395 0.003703703703703704
0 0.024734982332155476 0.7972222222222223 0.007067137809187279 0.005555555555555556
0 0.023851590106007067 0.787962962962963 0.0017667844522968198 0.001851851851851852
0 0.024734982332155476 0.7638888888888888 0.007067137809187279 0.005555555555555556
0 0.7703180212014135 0.6185185185185185 0.007067137809187279 0.003703703703703704
0 0.7544169611307421 0.6185185185185185 0.01060070671378092 0.003703703703703704
0 0.7871024734982333 0.6185185185185185 0.022968197879858657 0.007407407407407408
0 0.7190812720848057 0.6166666666666667 0.0035335689045936395 0.003703703703703704
0 0.00265017667844523 0.1962962962962963 0.00530035335689046 0.07777777777777778
0 0.5 0.5027777777777778 1.0 0.9055555555555556
0 0.9991166077738516 0.026851851851851852 0.0017667844522968198 0.012962962962962963
0 0.9991166077738516 0.003703703703703704 0.0017667844522968198 0.007407407407407408
0 0.052120141342756186 0.008333333333333333 0.10424028268551237 0.016666666666666666
