0 0.6057692307692307 0.9958448753462604 0.00641025641025641 0.008310249307479225
0 0.47435897435897434 0.9958448753462604 0.01282051282051282 0.008310249307479225
0 0.4326923076923077 0.9944598337950139 0.03632478632478633 0.0110803324099723
0 0.5694444444444444 0.9930747922437673 0.0405982905982906 0.013850415512465374
0 0.38995726495726496 0.9930747922437673 0.03205128205128205 0.013850415512465374
0 0.5 0.4930747922437673 1.0 0.9030470914127424
0 0.5918803418803419 0.04016620498614958 0.008547008547008548 0.008310249307479225
0 0.6196581196581197 0.0332409972299169 0.021367521367521368 0.0221606648199446
0 0.5758547008547008 0.02077562326869806 0.019230769230769232 0.04155124653739612
0 0.48717948717948717 0.018005540166204988 0.017094017094017096 0.036011080332409975
0 0.44871794871794873 0.019390581717451522 0.042735042735042736 0.038781163434903045
0 0.4049145299145299 0.019390581717451522 0.03205128205128205 0.038781163434903045
