0 0.7165841584158416 0.9963768115942029 0.007425742574257425 0.007246376811594203
0 0.4863861386138614 0.9963768115942029 0.007425742574257425 0.007246376811594203
0 0.5346534653465347 0.9945652173913043 0.04455445544554455 0.010869565217391304
0 0.754950495049505 0.9927536231884058 0.01485148514851485 0.014492753623188406
0 0.5891089108910891 0.9909420289855072 0.019801980198019802 0.018115942028985508
0 0.6955445544554455 0.9836956521739131 0.01485148514851485 0.03260869565217391
0 0.7673267326732673 0.9818840579710145 0.01485148514851485 0.036231884057971016
0 0.7326732673267327 0.9782608695652174 0.024752475247524754 0.043478260869565216
0 0.03217821782178218 0.8731884057971014 0.06435643564356436 0.10869565217391304
0 0.25123762376237624 0.8043478260869565 0.007425742574257425 0.007246376811594203
0 0.19554455445544555 0.8043478260869565 0.009900990099009901 0.007246376811594203
0 0.15346534653465346 0.8043478260869565 0.01485148514851485 0.014492753623188406
0 0.40717821782178215 0.7971014492753623 0.007425742574257425 0.007246376811594203
0 0.3811881188118812 0.8007246376811594 0.009900990099009901 0.014492753623188406
0 0.3465346534653465 0.7989130434782609 0.019801980198019802 0.010869565217391304
0 0.327970297029703 0.7989130434782609 0.012376237623762377 0.010869565217391304
0 0.27970297029702973 0.802536231884058 0.0297029702970297 0.018115942028985508
0 0.4282178217821782 0.7971014492753623 0.019801980198019802 0.014492753623188406
0 0.4504950495049505 0.7934782608695652 0.01485148514851485 0.021739130434782608
0 0.12128712871287128 0.822463768115942 0.0891089108910891 0.21014492753623187
0 0.9764851485148515 0.6159420289855072 0.007425742574257425 0.007246376811594203
0 0.8452970297029703 0.5996376811594203 0.012376237623762377 0.010869565217391304
0 0.8143564356435643 0.6014492753623188 0.039603960396039604 0.014492753623188406
0 0.5037128712871287 0.5778985507246377 0.0024752475247524753 0.0036231884057971015
0 0.03094059405940594 0.6902173913043478 0.06188118811881188 0.2572463768115942
0 0.017326732673267328 0.5507246376811594 0.0049504950495049506 0.007246376811594203
0 0.04084158415841584 0.5253623188405797 0.017326732673267328 0.007246376811594203
0 0.01485148514851485 0.5253623188405797 0.009900990099009901 0.014492753623188406
0 0.8143564356435643 0.5235507246376812 0.039603960396039604 0.018115942028985508
0 0.7648514851485149 0.5235507246376812 0.04950495049504951 0.018115942028985508
0 0.012376237623762377 0.5072463768115942 0.009900990099009901 0.014492753623188406
0 0.9975247524752475 0.483695652173913 0.0049504950495049506 0.018115942028985508
0 0.7735148514851485 0.4746376811594203 0.012376237623762377 0.007246376811594203
0 0.754950495049505 0.4746376811594203 0.01485148514851485 0.007246376811594203
0 0.849009900990099 0.4692028985507246 0.019801980198019802 0.010869565217391304
0 0.8403465346534653 0.4528985507246377 0.0024752475247524753 0.007246376811594203
0 0.7784653465346535 0.4528985507246377 0.012376237623762377 0.007246376811594203
0 0.823019801980198 0.39855072463768115 0.017326732673267328 0.007246376811594203
0 0.7462871287128713 0.3967391304347826 0.007425742574257425 0.0036231884057971015
0 0.780940594059406 0.3967391304347826 0.03712871287128713 0.010869565217391304
0 0.15346534653465346 0.3967391304347826 0.009900990099009901 0.010869565217391304
0 0.7586633663366337 0.37681159420289856 0.03217821782178218 0.014492753623188406
0 0.0037128712871287127 0.36594202898550726 0.007425742574257425 0.014492753623188406
0 0.14603960396039603 0.3677536231884058 0.06435643564356436 0.03260869565217391
0 0.7772277227722773 0.3532608695652174 0.024752475247524754 0.010869565217391304
0 0.4628712871287129 0.3532608695652174 0.009900990099009901 0.010869565217391304
0 0.0024752475247524753 0.3423913043478261 0.0049504950495049506 0.0036231884057971015
0 0.0037128712871287127 0.3242753623188406 0.007425742574257425 0.018115942028985508
0 0.0012376237623762376 0.3007246376811594 0.0024752475247524753 0.007246376811594203
0 0.7735148514851485 0.3007246376811594 0.06188118811881188 0.014492753623188406
0 0.8378712871287128 0.2971014492753623 0.04702970297029703 0.014492753623188406
0 0.0024752475247524753 0.2826086956521739 0.0049504950495049506 0.007246376811594203
0 0.35396039603960394 0.27355072463768115 0.019801980198019802 0.010869565217391304
0 0.12871287128712872 0.2572463768115942 0.0049504950495049506 0.007246376811594203
0 0.8254950495049505 0.23731884057971014 0.007425742574257425 0.0036231884057971015
0 0.8143564356435643 0.23731884057971014 0.009900990099009901 0.0036231884057971015
0 0.45173267326732675 0.23007246376811594 0.017326732673267328 0.010869565217391304
0 0.17202970297029702 0.2572463768115942 0.10148514851485149 0.07971014492753623
0 0.8106435643564357 0.21557971014492755 0.0024752475247524753 0.0036231884057971015
0 0.8329207920792079 0.213768115942029 0.007425742574257425 0.007246376811594203
0 0.7982673267326733 0.213768115942029 0.007425742574257425 0.007246376811594203
0 0.8725247524752475 0.21195652173913043 0.012376237623762377 0.010869565217391304
0 0.33910891089108913 0.21557971014492755 0.06435643564356436 0.018115942028985508
0 0.879950495049505 0.19021739130434784 0.0024752475247524753 0.0036231884057971015
0 0.33044554455445546 0.18115942028985507 0.08168316831683169 0.021739130434782608
0 0.02103960396039604 0.17753623188405798 0.04207920792079208 0.057971014492753624
0 0.15222772277227722 0.1721014492753623 0.13613861386138615 0.06884057971014493
0 0.027227722772277228 0.1322463768115942 0.0049504950495049506 0.0036231884057971015
0 0.7178217821782178 0.11956521739130435 0.009900990099009901 0.007246376811594203
0 0.5816831683168316 0.49818840579710144 0.8168316831683168 0.8369565217391305
0 0.7933168316831684 0.03260869565217391 0.05198019801980198 0.06521739130434782
0 0.7462871287128713 0.019927536231884056 0.012376237623762377 0.03985507246376811
0 0.6967821782178217 0.0036231884057971015 0.007425742574257425 0.007246376811594203
0 0.7017326732673267 0.02355072463768116 0.06188118811881188 0.04710144927536232
0 0.5668316831683168 0.019927536231884056 0.01485148514851485 0.03985507246376811
0 0.5099009900990099 0.02355072463768116 0.04455445544554455 0.04710144927536232
0 0.452970297029703 0.02355072463768116 0.04455445544554455 0.04710144927536232
0 0.5210396039603961 0.04710144927536232 0.2698019801980198 0.09420289855072464
