0 0.6047008547008547 0.06805555555555555 0.01282051282051282 0.008333333333333333
0 0.5 0.5138888888888888 1.0 0.9
0 0.6175213675213675 0.05694444444444444 0.004273504273504274 0.002777777777777778
0 0.6303418803418803 0.059722222222222225 0.02564102564102564 0.025
0 0.5010683760683761 0.04027777777777778 0.023504273504273504 0.05277777777777778
0 0.46153846153846156 0.04027777777777778 0.042735042735042736 0.05277777777777778
0 0.41773504273504275 0.041666666666666664 0.03205128205128205 0.05555555555555555
0 0.6410256410256411 0.015277777777777777 0.004273504273504274 0.013888888888888888
0 0.5886752136752137 0.03611111111111111 0.019230769230769232 0.06666666666666667
0 0.6239316239316239 0.004166666666666667 0.004273504273504274 0.008333333333333333
0 0.6014957264957265 0.005555555555555556 0.019230769230769232 0.011111111111111112
