0 0.6166328600405679 0.9955436720142602 0.02028397565922921 0.008912655971479501
0 0.6125760649087221 0.9777183600713012 0.028397565922920892 0.016042780748663103
0 0.48782961460446245 0.9848484848484849 0.02231237322515213 0.030303030303030304
0 0.40365111561866124 0.9848484848484849 0.02434077079107505 0.030303030303030304
0 0.45030425963488846 0.983957219251337 0.04056795131845842 0.03208556149732621
0 0.5811359026369168 0.982174688057041 0.034482758620689655 0.035650623885918005
0 0.603448275862069 0.964349376114082 0.010141987829614604 0.0071301247771836
0 0.5862068965517241 0.966131907308378 0.02028397565922921 0.0106951871657754
0 0.5 0.8939393939393939 1.0 0.21212121212121213
0 0.02231237322515213 0.7727272727272727 0.004056795131845842 0.0017825311942959
0 0.9979716024340771 0.7664884135472371 0.004056795131845842 0.0035650623885918
0 0.009127789046653144 0.750445632798574 0.018255578093306288 0.0142602495543672
0 0.014198782961460446 0.731729055258467 0.028397565922920892 0.0196078431372549
0 0.02028397565922921 0.7156862745098039 0.004056795131845842 0.0017825311942959
0 0.7586206896551724 0.713903743315508 0.004056795131845842 0.0053475935828877
0 0.014198782961460446 0.7040998217468806 0.008113590263691683 0.0035650623885918
0 0.005070993914807302 0.6862745098039216 0.010141987829614604 0.0035650623885918
0 0.010141987829614604 0.6684491978609626 0.02028397565922921 0.0035650623885918
0 0.731237322515213 0.6702317290552585 0.010141987829614604 0.0142602495543672
0 0.033468559837728194 0.660427807486631 0.002028397565922921 0.0017825311942959
0 0.7210953346855984 0.6541889483065954 0.010141987829614604 0.0106951871657754
0 0.7109533468559838 0.6399286987522281 0.002028397565922921 0.0035650623885918
0 0.7748478701825557 0.6631016042780749 0.10547667342799188 0.11051693404634581
0 0.014198782961460446 0.624777183600713 0.028397565922920892 0.044563279857397504
0 0.010141987829614604 0.535650623885918 0.008113590263691683 0.016042780748663103
0 0.0030425963488843813 0.4197860962566845 0.006085192697768763 0.016042780748663103
0 0.9290060851926978 0.40998217468805703 0.016227180527383367 0.0071301247771836
0 0.9016227180527383 0.39572192513368987 0.02636916835699797 0.0142602495543672
0 0.8539553752535497 0.39572192513368987 0.056795131845841784 0.017825311942959002
0 0.002028397565922921 0.3894830659536542 0.004056795131845842 0.016042780748663103
0 0.8914807302231237 0.3698752228163993 0.010141987829614604 0.0053475935828877
0 0.8864097363083164 0.3582887700534759 0.008113590263691683 0.0071301247771836
0 0.5273833671399595 0.34759358288770054 0.008113590263691683 0.0035650623885918
0 0.5273833671399595 0.339572192513369 0.016227180527383367 0.0053475935828877
0 0.002028397565922921 0.3155080213903743 0.004056795131845842 0.0035650623885918
0 0.565922920892495 0.2789661319073084 0.004056795131845842 0.0017825311942959
0 0.006085192697768763 0.2620320855614973 0.012170385395537525 0.0106951871657754
0 0.057809330628803245 0.2522281639928699 0.006085192697768763 0.0053475935828877
0 0.6886409736308317 0.4946524064171123 0.6227180527383367 0.5971479500891266
0 0.5121703853955375 0.0427807486631016 0.04259634888438134 0.024955436720142603
0 0.4208924949290061 0.0374331550802139 0.030425963488843813 0.0142602495543672
0 0.8600405679513184 0.05614973262032086 0.2799188640973631 0.05525846702317291
0 0.18356997971602435 0.13101604278074866 0.3671399594320487 0.2192513368983957
0 0.59026369168357 0.006238859180035651 0.008113590263691683 0.0053475935828877
0 0.6075050709939148 0.004456327985739751 0.010141987829614604 0.008912655971479501
0 0.5679513184584178 0.0035650623885918 0.004056795131845842 0.0071301247771836
0 0.44929006085192696 0.0017825311942959 0.014198782961460446 0.0035650623885918
0 0.40872210953346855 0.0017825311942959 0.006085192697768763 0.0035650623885918
