0 0.8912621359223301 0.44607843137254904 0.003883495145631068 0.0032679738562091504
0 0.8660194174757282 0.44607843137254904 0.007766990291262136 0.00980392156862745
0 0.8407766990291262 0.4444444444444444 0.007766990291262136 0.006535947712418301
0 0.9388349514563107 0.4133986928104575 0.001941747572815534 0.0032679738562091504
0 0.9466019417475728 0.4117647058823529 0.005825242718446602 0.006535947712418301
0 0.8174757281553398 0.4117647058823529 0.003883495145631068 0.006535947712418301
0 0.7902912621359224 0.4133986928104575 0.011650485436893204 0.00980392156862745
0 0.816504854368932 0.39869281045751637 0.005825242718446602 0.006535947712418301
0 0.7883495145631068 0.39705882352941174 0.015533980582524271 0.00980392156862745
0 0.816504854368932 0.380718954248366 0.009708737864077669 0.00980392156862745
0 0.8184466019417476 0.36437908496732024 0.001941747572815534 0.0032679738562091504
0 0.9223300970873787 0.3284313725490196 0.007766990291262136 0.0032679738562091504
0 0.8970873786407767 0.3300653594771242 0.003883495145631068 0.006535947712418301
0 0.8728155339805825 0.3284313725490196 0.005825242718446602 0.0032679738562091504
0 0.9475728155339805 0.3284313725490196 0.011650485436893204 0.00980392156862745
0 0.8466019417475729 0.3300653594771242 0.011650485436893204 0.013071895424836602
0 0.8203883495145631 0.3284313725490196 0.017475728155339806 0.016339869281045753
0 0.007766990291262136 0.21241830065359477 0.015533980582524271 0.006535947712418301
0 0.9796116504854369 0.5228758169934641 0.040776699029126215 0.7712418300653595
0 0.9815533980582525 0.12581699346405228 0.001941747572815534 0.0032679738562091504
0 0.48058252427184467 0.511437908496732 0.9611650485436893 0.8529411764705882
0 0.48640776699029126 0.0784313725490196 0.009708737864077669 0.006535947712418301
0 0.4640776699029126 0.07026143790849673 0.003883495145631068 0.00980392156862745
0 0.5067961165048543 0.0457516339869281 0.027184466019417475 0.0784313725490196
0 0.4854368932038835 0.004901960784313725 0.015533980582524271 0.00980392156862745
0 0.4747572815533981 0.032679738562091505 0.02524271844660194 0.06535947712418301
0 0.38543689320388347 0.032679738562091505 0.021359223300970873 0.06535947712418301
0 0.3524271844660194 0.032679738562091505 0.013592233009708738 0.06535947712418301
0 0.30776699029126214 0.03104575163398693 0.02912621359223301 0.06209150326797386
