0 0.8247191011235955 0.9910941475826972 0.01348314606741573 0.017811704834605598
0 0.5674157303370787 0.989821882951654 0.19101123595505617 0.020356234096692113
0 0.449438202247191 0.9809160305343512 0.0044943820224719105 0.002544529262086514
0 0.4258426966292135 0.989821882951654 0.038202247191011236 0.020356234096692113
0 0.19101123595505617 0.9147582697201018 0.04943820224719101 0.007633587786259542
0 0.23258426966292134 0.916030534351145 0.020224719101123594 0.015267175572519083
0 0.24382022471910111 0.9007633587786259 0.011235955056179775 0.010178117048346057
0 0.2550561797752809 0.8842239185750637 0.011235955056179775 0.01272264631043257
0 0.2696629213483146 0.8689567430025446 0.01348314606741573 0.01272264631043257
0 0.051685393258426963 0.8587786259541985 0.03146067415730337 0.089058524173028
0 0.06404494382022471 0.8040712468193384 0.006741573033707865 0.005089058524173028
0 0.5224719101123596 0.7938931297709924 0.011235955056179775 0.010178117048346057
0 0.06404494382022471 0.787531806615776 0.0022471910112359553 0.002544529262086514
0 0.6303370786516854 0.7811704834605598 0.006741573033707865 0.005089058524173028
0 0.06629213483146068 0.7735368956743003 0.006741573033707865 0.005089058524173028
0 0.5393258426966292 0.7633587786259542 0.008988764044943821 0.005089058524173028
0 0.7842696629213484 0.7519083969465649 0.01348314606741573 0.002544529262086514
0 0.6258426966292134 0.8473282442748091 0.748314606741573 0.21374045801526717
0 0.06741573033707865 0.7417302798982188 0.0044943820224719105 0.002544529262086514
0 0.23370786516853934 0.8206106870229007 0.3101123595505618 0.17557251908396945
0 0.7393258426966293 0.4961832061068702 0.02247191011235955 0.02544529262086514
0 0.651685393258427 0.48346055979643765 0.058426966292134834 0.08142493638676845
0 0.6910112359550562 0.42366412213740456 0.011235955056179775 0.017811704834605598
0 0.7044943820224719 0.4071246819338422 0.015730337078651686 0.010178117048346057
0 0.5460674157303371 0.3651399491094148 0.9078651685393259 0.7302798982188295
0 0.058426966292134834 0.34987277353689566 0.11685393258426967 0.6997455470737913
