0 0.5562678062678063 0.9978991596638656 0.007122507122507123 0.004201680672268907
0 0.6225071225071225 0.9921218487394958 0.008547008547008548 0.015756302521008403
0 0.603988603988604 0.9852941176470589 0.005698005698005698 0.004201680672268907
0 0.44515669515669515 0.9915966386554622 0.16096866096866097 0.01680672268907563
0 0.027777777777777776 0.8986344537815126 0.0014245014245014246 0.0010504201680672268
0 0.9907407407407407 0.7925420168067226 0.018518518518518517 0.01995798319327731
0 0.9522792022792023 0.7725840336134454 0.007122507122507123 0.06197478991596639
0 0.007834757834757835 0.7100840336134454 0.004273504273504274 0.0021008403361344537
0 0.002849002849002849 0.6811974789915967 0.005698005698005698 0.0031512605042016808
0 0.002849002849002849 0.6743697478991597 0.005698005698005698 0.0021008403361344537
0 0.9985754985754985 0.6297268907563025 0.002849002849002849 0.007352941176470588
0 0.9537037037037037 0.5430672268907563 0.009971509971509971 0.19327731092436976
0 0.5 0.6848739495798319 1.0 0.5672268907563025
0 0.9544159544159544 0.4227941176470588 0.011396011396011397 0.045168067226890755
0 0.5341880341880342 0.38340336134453784 0.03133903133903134 0.0021008403361344537
0 0.5740740740740741 0.38182773109243695 0.002849002849002849 0.0010504201680672268
0 0.5641025641025641 0.38182773109243695 0.002849002849002849 0.0010504201680672268
0 0.9821937321937322 0.3797268907563025 0.03561253561253561 0.04726890756302521
0 0.5 0.2027310924369748 1.0 0.4054621848739496
