0 0.335632183908046 0.9640718562874252 0.593103448275862 0.0718562874251497
0 0.964367816091954 0.8862275449101796 0.016091954022988506 0.017964071856287425
0 0.9942528735632183 0.8847305389221557 0.011494252873563218 0.05688622754491018
0 0.47011494252873565 0.8023952095808383 0.006896551724137931 0.005988023952095809
0 0.0839080459770115 0.8278443113772455 0.09885057471264368 0.0688622754491018
0 0.5206896551724138 0.7754491017964071 0.011494252873563218 0.011976047904191617
0 0.5827586206896552 0.7305389221556886 0.10344827586206896 0.05389221556886228
0 0.19770114942528735 0.6182634730538922 0.009195402298850575 0.008982035928143712
0 0.9908045977011494 0.6332335329341318 0.01839080459770115 0.05688622754491018
0 0.5172413793103449 0.5883233532934131 0.004597701149425287 0.0029940119760479044
0 0.49195402298850577 0.5898203592814372 0.01839080459770115 0.005988023952095809
0 0.43333333333333335 0.592814371257485 0.07126436781609195 0.017964071856287425
0 0.14942528735632185 0.5838323353293413 0.022988505747126436 0.011976047904191617
0 0.6160919540229886 0.561377245508982 0.01839080459770115 0.008982035928143712
0 0.4379310344827586 0.5658682634730539 0.029885057471264367 0.017964071856287425
0 0.6344827586206897 0.5374251497005988 0.03218390804597701 0.020958083832335328
0 0.14482758620689656 0.5299401197604791 0.05517241379310345 0.017964071856287425
0 0.15402298850574714 0.5014970059880239 0.0367816091954023 0.014970059880239521
0 0.11609195402298851 0.49550898203592814 0.020689655172413793 0.014970059880239521
0 0.15747126436781608 0.47604790419161674 0.03908045977011494 0.011976047904191617
0 0.11379310344827587 0.47155688622754494 0.02528735632183908 0.014970059880239521
0 0.3954022988505747 0.5538922155688623 0.7172413793103448 0.7784431137724551
0 0.1103448275862069 0.014970059880239521 0.1471264367816092 0.029940119760479042
