0 0.6678832116788321 0.975177304964539 0.0413625304136253 0.04964539007092199
0 0.7031630170316302 0.9716312056737588 0.019464720194647202 0.05673758865248227
0 0.7092457420924574 0.925531914893617 0.0024330900243309003 0.0070921985815602835
0 0.681265206812652 0.9290780141843972 0.019464720194647202 0.028368794326241134
0 0.5206812652068127 0.9414893617021277 0.029197080291970802 0.08156028368794327
0 0.46715328467153283 0.9397163120567376 0.058394160583941604 0.0851063829787234
0 0.40632603406326034 0.9397163120567376 0.043795620437956206 0.0851063829787234
0 0.7019464720194647 0.9024822695035462 0.012165450121654502 0.01773049645390071
0 0.6362530413625304 0.9468085106382979 0.021897810218978103 0.10638297872340426
0 0.6666666666666666 0.898936170212766 0.019464720194647202 0.01773049645390071
0 0.5583941605839416 0.925531914893617 0.45498783454987834 0.14893617021276595
0 0.5 0.4397163120567376 1.0 0.7943262411347518
0 0.6630170316301703 0.010638297872340425 0.0851581508515815 0.02127659574468085
