0 0.5789946140035906 0.9929718875502008 0.04129263913824058 0.014056224899598393
0 0.9676840215439856 0.9899598393574297 0.017953321364452424 0.020080321285140562
0 0.8267504488330341 0.9427710843373494 0.0017953321364452424 0.002008032128514056
0 0.9542190305206463 0.8443775100401606 0.005385996409335727 0.002008032128514056
0 0.03859964093357271 0.8463855421686747 0.008976660682226212 0.006024096385542169
0 0.004488330341113106 0.8453815261044176 0.008976660682226212 0.008032128514056224
0 0.9533213644524237 0.8242971887550201 0.017953321364452424 0.006024096385542169
0 0.004488330341113106 0.8242971887550201 0.008976660682226212 0.006024096385542169
0 0.9461400359066428 0.8132530120481928 0.010771992818671455 0.004016064257028112
0 0.9596050269299821 0.8112449799196787 0.005385996409335727 0.004016064257028112
0 0.003590664272890485 0.8112449799196787 0.00718132854578097 0.004016064257028112
0 0.9497307001795332 0.8022088353413654 0.02872531418312388 0.010040160642570281
0 0.9488330341113106 0.785140562248996 0.03052064631956912 0.020080321285140562
0 0.9560143626570916 0.7700803212851406 0.008976660682226212 0.006024096385542169
0 0.03141831238779174 0.6516064257028112 0.0017953321364452424 0.002008032128514056
0 0.9748653500897666 0.42771084337349397 0.010771992818671455 0.004016064257028112
0 0.49461400359066426 0.5170682730923695 0.9892280071813285 0.9658634538152611
0 0.5287253141831239 0.029116465863453816 0.008976660682226212 0.010040160642570281
0 0.5107719928186715 0.03112449799196787 0.008976660682226212 0.018072289156626505
0 0.40484739676840215 0.012048192771084338 0.008976660682226212 0.008032128514056224
0 0.39497307001795334 0.02208835341365462 0.03231597845601436 0.028112449799196786
0 0.3599640933572711 0.02208835341365462 0.01615798922800718 0.028112449799196786
0 0.5430879712746858 0.008032128514056224 0.0017953321364452424 0.004016064257028112
0 0.42908438061041293 0.02108433734939759 0.01436265709156194 0.030120481927710843
0 0.4964093357271095 0.015060240963855422 0.005385996409335727 0.02208835341365462
0 0.5116696588868941 0.002008032128514056 0.010771992818671455 0.004016064257028112
