0 0.6301204819277109 0.9947183098591549 0.007228915662650603 0.01056338028169014
0 0.591566265060241 0.9788732394366197 0.03614457831325301 0.04225352112676056
0 0.6265060240963856 0.9665492957746479 0.014457831325301205 0.03873239436619718
0 0.6036144578313253 0.9348591549295775 0.016867469879518072 0.02464788732394366
0 0.43855421686746987 0.9471830985915493 0.02891566265060241 0.07746478873239436
0 0.3228915662650602 0.948943661971831 0.043373493975903614 0.08098591549295775
0 0.38433734939759034 0.9471830985915493 0.060240963855421686 0.08450704225352113
0 0.6240963855421687 0.9084507042253521 0.00963855421686747 0.014084507042253521
0 0.555421686746988 0.9471830985915493 0.021686746987951807 0.09859154929577464
0 0.5843373493975904 0.9014084507042254 0.012048192771084338 0.014084507042253521
0 0.6096385542168675 0.8609154929577465 0.004819277108433735 0.0035211267605633804
0 0.39156626506024095 0.9295774647887324 0.29156626506024097 0.14084507042253522
0 0.6771084337349398 0.9278169014084507 0.06746987951807229 0.1443661971830986
0 0.5 0.44190140845070425 1.0 0.8133802816901409
0 0.6072289156626506 0.008802816901408451 0.033734939759036145 0.017605633802816902
0 0.563855421686747 0.008802816901408451 0.04819277108433735 0.017605633802816902
