0 0.5 0.5198412698412699 1.0 0.8095238095238095
0 0.6209239130434783 0.08928571428571429 0.035326086956521736 0.01984126984126984
0 0.6684782608695652 0.06746031746031746 0.016304347826086956 0.023809523809523808
0 0.36820652173913043 0.05555555555555555 0.01358695652173913 0.015873015873015872
0 0.6100543478260869 0.051587301587301584 0.019021739130434784 0.031746031746031744
0 0.6779891304347826 0.013888888888888888 0.002717391304347826 0.003968253968253968
0 0.6127717391304348 0.015873015873015872 0.019021739130434784 0.031746031746031744
0 0.49184782608695654 0.03571428571428571 0.021739130434782608 0.07142857142857142
0 0.44565217391304346 0.03571428571428571 0.016304347826086956 0.07142857142857142
0 0.4008152173913043 0.03373015873015873 0.029891304347826088 0.06746031746031746
0 0.3695652173913043 0.001984126984126984 0.005434782608695652 0.003968253968253968
