0 0.5800524934383202 0.9769230769230769 0.031496062992125984 0.046153846153846156
0 0.4068241469816273 0.9769230769230769 0.026246719160104987 0.046153846153846156
0 0.36089238845144356 0.9769230769230769 0.01837270341207349 0.046153846153846156
0 0.30446194225721784 0.9769230769230769 0.05774278215223097 0.046153846153846156
0 0.5196850393700787 0.975 0.015748031496062992 0.05
0 0.5511811023622047 0.95 0.005249343832020997 0.007692307692307693
0 0.5 0.49615384615384617 1.0 0.7692307692307693
0 0.568241469816273 0.046153846153846156 0.007874015748031496 0.023076923076923078
0 0.699475065616798 0.04423076923076923 0.05511811023622047 0.08846153846153847
0 0.6089238845144357 0.03076923076923077 0.08923884514435695 0.06153846153846154
0 0.46062992125984253 0.023076923076923078 0.013123359580052493 0.046153846153846156
0 0.3963254593175853 0.025 0.04199475065616798 0.05
0 0.3464566929133858 0.026923076923076925 0.04199475065616798 0.05384615384615385
0 0.410761154855643 0.046153846153846156 0.28608923884514437 0.09230769230769231
