0 0.5375302663438256 0.9804964539007093 0.014527845036319613 0.03900709219858156
0 0.5581113801452785 0.9627659574468085 0.031476997578692496 0.07446808510638298
0 0.28087167070217917 0.9592198581560284 0.043583535108958835 0.08156028368794327
0 0.39709443099273606 0.9574468085106383 0.029055690072639227 0.0851063829787234
0 0.34382566585956414 0.9556737588652482 0.06295399515738499 0.08865248226950355
0 0.5096852300242131 0.9539007092198581 0.01694915254237288 0.09219858156028368
0 0.5750605326876513 0.9131205673758865 0.012106537530266344 0.01773049645390071
0 0.5387409200968523 0.9095744680851063 0.007263922518159807 0.010638297872340425
0 0.3486682808716707 0.9343971631205674 0.2857142857142857 0.13120567375886524
0 0.6295399515738499 0.9308510638297872 0.05811138014527845 0.13829787234042554
0 0.5 0.450354609929078 1.0 0.8085106382978723
0 0.5980629539951574 0.010638297872340425 0.004842615012106538 0.0070921985815602835
0 0.576271186440678 0.010638297872340425 0.004842615012106538 0.0070921985815602835
0 0.5472154963680388 0.0070921985815602835 0.03389830508474576 0.014184397163120567
0 0.5217917675544794 0.005319148936170213 0.007263922518159807 0.010638297872340425
