0 0.5414572864321608 0.9981549815498155 0.002512562814070352 0.0036900369003690036
0 0.4271356783919598 0.988929889298893 0.02512562814070352 0.02214022140221402
0 0.36809045226130654 0.988929889298893 0.03768844221105527 0.02214022140221402
0 0.314070351758794 0.9870848708487084 0.04020100502512563 0.025830258302583026
0 0.5414572864321608 0.977859778597786 0.007537688442211055 0.014760147601476014
0 0.2613065326633166 0.9797047970479705 0.020100502512562814 0.025830258302583026
0 0.4748743718592965 0.8118081180811808 0.020100502512562814 0.007380073800738007
0 0.9359296482412061 0.7804428044280443 0.01256281407035176 0.0036900369003690036
0 0.9195979899497487 0.7804428044280443 0.010050251256281407 0.0036900369003690036
0 0.9032663316582915 0.7804428044280443 0.002512562814070352 0.0036900369003690036
0 0.9748743718592965 0.7822878228782287 0.05025125628140704 0.014760147601476014
0 0.7864321608040201 0.7767527675276753 0.005025125628140704 0.0036900369003690036
0 0.8492462311557789 0.7785977859778598 0.08542713567839195 0.014760147601476014
0 0.8291457286432161 0.8191881918819188 0.3417085427135678 0.1033210332103321
0 0.9660804020100503 0.7619926199261993 0.0678391959798995 0.01845018450184502
0 0.7889447236180904 0.7546125461254612 0.010050251256281407 0.0036900369003690036
0 0.7675879396984925 0.7546125461254612 0.02763819095477387 0.0036900369003690036
0 0.8618090452261307 0.7583025830258303 0.1306532663316583 0.01845018450184502
0 0.7286432160804021 0.7527675276752768 0.035175879396984924 0.014760147601476014
0 0.49874371859296485 0.7453874538745388 0.017587939698492462 0.007380073800738007
0 0.9912060301507538 0.7416974169741697 0.01256281407035176 0.007380073800738007
0 0.9761306532663316 0.7398523985239852 0.007537688442211055 0.0036900369003690036
0 0.8806532663316583 0.7361623616236163 0.017587939698492462 0.01107011070110701
0 0.7298994974874372 0.7343173431734318 0.01256281407035176 0.007380073800738007
0 0.4685929648241206 0.7269372693726938 0.007537688442211055 0.007380073800738007
0 0.9761306532663316 0.7195571955719557 0.04773869346733668 0.014760147601476014
0 0.8806532663316583 0.7158671586715867 0.017587939698492462 0.014760147601476014
0 0.7336683417085427 0.7103321033210332 0.01507537688442211 0.01107011070110701
0 0.8819095477386935 0.6937269372693727 0.010050251256281407 0.007380073800738007
0 0.5288944723618091 0.6826568265682657 0.002512562814070352 0.007380073800738007
0 0.5037688442211056 0.6826568265682657 0.007537688442211055 0.007380073800738007
0 0.4610552763819096 0.6808118081180812 0.002512562814070352 0.0036900369003690036
0 0.9937185929648241 0.6771217712177122 0.01256281407035176 0.01107011070110701
0 0.8806532663316583 0.6734317343173432 0.01256281407035176 0.01107011070110701
0 0.5012562814070352 0.6660516605166051 0.002512562814070352 0.0036900369003690036
0 0.49120603015075376 0.6605166051660517 0.01256281407035176 0.007380073800738007
0 0.002512562814070352 0.6494464944649446 0.005025125628140704 0.007380073800738007
0 0.46733668341708545 0.6420664206642066 0.005025125628140704 0.007380073800738007
0 0.9962311557788944 0.6346863468634686 0.007537688442211055 0.007380073800738007
0 0.8793969849246231 0.6328413284132841 0.005025125628140704 0.0036900369003690036
0 0.5 0.6199261992619927 0.005025125628140704 0.007380073800738007
0 0.8793969849246231 0.566420664206642 0.010050251256281407 0.01107011070110701
0 0.7449748743718593 0.5645756457564576 0.007537688442211055 0.007380073800738007
0 0.9811557788944724 0.544280442804428 0.03768844221105527 0.033210332103321034
0 0.8806532663316583 0.5387453874538746 0.017587939698492462 0.02952029520295203
0 0.75 0.5350553505535055 0.03768844221105527 0.02214022140221402
0 0.9912060301507538 0.503690036900369 0.017587939698492462 0.01107011070110701
0 0.8806532663316583 0.503690036900369 0.01256281407035176 0.01845018450184502
0 0.7537688442211056 0.503690036900369 0.02512562814070352 0.01845018450184502
0 0.8806532663316583 0.4612546125461255 0.007537688442211055 0.007380073800738007
0 0.7512562814070352 0.4612546125461255 0.010050251256281407 0.007380073800738007
0 0.25753768844221103 0.6512915129151291 0.5150753768844221 0.42435424354243545
0 0.8806532663316583 0.4261992619926199 0.007537688442211055 0.0036900369003690036
0 0.7437185929648241 0.42435424354243545 0.01507537688442211 0.007380073800738007
0 0.4886934673366834 0.42066420664206644 0.01256281407035176 0.007380073800738007
0 0.03768844221105527 0.4188191881918819 0.010050251256281407 0.0036900369003690036
0 0.022613065326633167 0.4188191881918819 0.005025125628140704 0.0036900369003690036
0 0.007537688442211055 0.41697416974169743 0.01507537688442211 0.007380073800738007
0 0.8806532663316583 0.39114391143911437 0.007537688442211055 0.014760147601476014
0 0.9899497487437185 0.35239852398523985 0.020100502512562814 0.01107011070110701
0 0.8806532663316583 0.34870848708487084 0.01256281407035176 0.01845018450184502
0 0.5 0.25092250922509224 1.0 0.36900369003690037
0 0.5653266331658291 0.023985239852398525 0.005025125628140704 0.0036900369003690036
0 0.5326633165829145 0.02214022140221402 0.010050251256281407 0.007380073800738007
0 0.6293969849246231 0.025830258302583026 0.05778894472361809 0.05166051660516605
0 0.34045226130653267 0.0018450184501845018 0.01256281407035176 0.0036900369003690036
0 0.3454773869346734 0.025830258302583026 0.27889447236180903 0.05166051660516605
