0 0.5319148936170213 0.9739413680781759 0.03868471953578337 0.05211726384364821
0 0.49032882011605416 0.9739413680781759 0.029013539651837523 0.05211726384364821
0 0.5725338491295938 0.9723127035830619 0.02321083172147002 0.05537459283387622
0 0.6779497098646035 0.9657980456026058 0.06382978723404255 0.06840390879478828
0 0.9990328820116054 0.8697068403908795 0.0019342359767891683 0.006514657980456026
0 0.027079303675048357 0.021172638436482084 0.01160541586073501 0.016286644951140065
0 0.7050290135396519 0.017915309446254073 0.06382978723404255 0.035830618892508145
0 0.597678916827853 0.011400651465798045 0.01160541586073501 0.02280130293159609
0 0.5647969052224371 0.013029315960912053 0.015473887814313346 0.026058631921824105
0 0.5241779497098646 0.014657980456026058 0.04642166344294004 0.029315960912052116
0 0.5 0.44136807817589574 1.0 0.8827361563517915
