0 0.594559585492228 0.990530303030303 0.012953367875647668 0.01893939393939394
0 0.6075129533678757 0.9715909090909091 0.007772020725388601 0.011363636363636364
0 0.4274611398963731 0.9829545454545454 0.025906735751295335 0.03409090909090909
0 0.32512953367875647 0.9829545454545454 0.054404145077720206 0.03409090909090909
0 0.5401554404145078 0.9715909090909091 0.007772020725388601 0.01893939393939394
0 0.38212435233160624 0.9810606060606061 0.018134715025906734 0.03787878787878788
0 0.2707253886010363 0.8503787878787878 0.10103626943005181 0.03409090909090909
0 0.8406735751295337 0.8314393939393939 0.007772020725388601 0.003787878787878788
0 0.9365284974093264 0.8484848484848485 0.12694300518134716 0.06060606060606061
0 0.2772020725388601 0.8200757575757576 0.02072538860103627 0.011363636363636364
0 0.49740932642487046 0.8143939393939394 0.0051813471502590676 0.007575757575757576
0 0.9922279792746114 0.8068181818181818 0.015544041450777202 0.015151515151515152
0 0.2810880829015544 0.8011363636363636 0.0025906735751295338 0.003787878787878788
0 0.4896373056994819 0.7954545454545454 0.010362694300518135 0.007575757575757576
0 0.5686528497409327 0.8276515151515151 0.24093264248704663 0.07954545454545454
0 0.9896373056994818 0.7859848484848485 0.02072538860103627 0.01893939393939394
0 0.5634715025906736 0.7727272727272727 0.02849740932642487 0.007575757575757576
0 0.9883419689119171 0.7651515151515151 0.023316062176165803 0.015151515151515152
0 0.9844559585492227 0.7424242424242424 0.031088082901554404 0.015151515151515152
0 0.9857512953367875 0.7215909090909091 0.02849740932642487 0.011363636363636364
0 0.3471502590673575 0.7140151515151515 0.0051813471502590676 0.003787878787878788
0 0.4533678756476684 0.7121212121212122 0.0051813471502590676 0.007575757575757576
0 0.9987046632124352 0.7026515151515151 0.0025906735751295338 0.003787878787878788
0 0.9028497409326425 0.5643939393939394 0.012953367875647668 0.007575757575757576
0 0.8886010362694301 0.5625 0.0051813471502590676 0.003787878787878788
0 0.9922279792746114 0.5606060606060606 0.015544041450777202 0.007575757575757576
0 0.8601036269430051 0.5208333333333334 0.0051813471502590676 0.003787878787878788
0 0.9831606217616581 0.5151515151515151 0.03367875647668394 0.015151515151515152
0 0.8160621761658031 0.48863636363636365 0.010362694300518135 0.007575757575757576
0 0.9844559585492227 0.48484848484848486 0.031088082901554404 0.015151515151515152
0 0.8121761658031088 0.4602272727272727 0.007772020725388601 0.003787878787878788
0 0.7590673575129534 0.4621212121212121 0.010362694300518135 0.007575757575757576
0 0.8277202072538861 0.4166666666666667 0.007772020725388601 0.007575757575757576
0 0.4339378238341969 0.3787878787878788 0.023316062176165803 0.007575757575757576
0 0.5207253886010362 0.35795454545454547 0.025906735751295335 0.011363636363636364
0 0.49870466321243523 0.3333333333333333 0.03367875647668394 0.015151515151515152
0 0.5 0.49053030303030304 1.0 0.7689393939393939
0 0.6113989637305699 0.045454545454545456 0.015544041450777202 0.007575757575757576
0 0.6230569948186528 0.022727272727272728 0.007772020725388601 0.022727272727272728
0 0.5997409326424871 0.01893939393939394 0.007772020725388601 0.015151515151515152
0 0.7227979274611399 0.03598484848484849 0.02072538860103627 0.07196969696969698
0 0.6904145077720207 0.03598484848484849 0.012953367875647668 0.07196969696969698
0 0.6476683937823834 0.02462121212121212 0.025906735751295335 0.04924242424242424
0 0.5958549222797928 0.003787878787878788 0.0051813471502590676 0.007575757575757576
0 0.5816062176165803 0.003787878787878788 0.007772020725388601 0.007575757575757576
0 0.4727979274611399 0.017045454545454544 0.012953367875647668 0.03409090909090909
0 0.40803108808290156 0.01893939393939394 0.038860103626943004 0.03787878787878788
0 0.35751295336787564 0.020833333333333332 0.03626943005181347 0.041666666666666664
0 0.42357512953367876 0.03977272727272727 0.2772020725388601 0.07954545454545454
