0 0.5085034013605442 0.9919499105545617 0.07142857142857142 0.008944543828264758
0 0.5892857142857143 0.9892665474060823 0.06292517006802721 0.007155635062611807
0 0.6870748299319728 0.9785330948121646 0.006802721088435374 0.0035778175313059034
0 0.4770408163265306 0.9785330948121646 0.00510204081632653 0.0035778175313059034
0 0.5986394557823129 0.9776386404293381 0.14965986394557823 0.005366726296958855
0 0.4991496598639456 0.9776386404293381 0.02891156462585034 0.005366726296958855
0 0.5671768707482994 0.9669051878354203 0.0017006802721088435 0.0017889087656529517
0 0.4770408163265306 0.9669051878354203 0.0017006802721088435 0.0017889087656529517
0 0.4651360544217687 0.9669051878354203 0.0017006802721088435 0.0017889087656529517
0 0.6496598639455783 0.9570661896243292 0.013605442176870748 0.0035778175313059034
0 0.6326530612244898 0.9570661896243292 0.01020408163265306 0.0035778175313059034
0 0.6198979591836735 0.9570661896243292 0.008503401360544218 0.0035778175313059034
0 0.6011904761904762 0.9570661896243292 0.01870748299319728 0.0035778175313059034
0 0.4328231292517007 0.9570661896243292 0.008503401360544218 0.0035778175313059034
0 0.5136054421768708 0.9570661896243292 0.14965986394557823 0.007155635062611807
0 0.8937074829931972 0.945438282647585 0.00510204081632653 0.0017889087656529517
0 0.5314625850340136 0.9445438282647585 0.01870748299319728 0.0035778175313059034
0 0.49829931972789115 0.945438282647585 0.04081632653061224 0.005366726296958855
0 0.4336734693877551 0.945438282647585 0.05442176870748299 0.005366726296958855
0 0.5110544217687075 0.9355992844364938 0.01870748299319728 0.0035778175313059034
0 0.4957482993197279 0.9347048300536672 0.008503401360544218 0.0017889087656529517
0 0.483843537414966 0.9347048300536672 0.00510204081632653 0.0017889087656529517
0 0.4744897959183674 0.9347048300536672 0.006802721088435374 0.0017889087656529517
0 0.42857142857142855 0.9355992844364938 0.02040816326530612 0.0035778175313059034
0 0.4030612244897959 0.9355992844364938 0.02040816326530612 0.0035778175313059034
0 0.3869047619047619 0.9347048300536672 0.00510204081632653 0.0017889087656529517
0 0.3758503401360544 0.9355992844364938 0.006802721088435374 0.0035778175313059034
0 0.9158163265306123 0.9338103756708408 0.01870748299319728 0.0035778175313059034
0 0.4736394557823129 0.924865831842576 0.008503401360544218 0.0035778175313059034
0 0.46258503401360546 0.9239713774597496 0.003401360544217687 0.0017889087656529517
0 0.45153061224489793 0.9239713774597496 0.00510204081632653 0.0017889087656529517
0 0.4260204081632653 0.9239713774597496 0.008503401360544218 0.0017889087656529517
0 0.41581632653061223 0.9239713774597496 0.008503401360544218 0.0017889087656529517
0 0.38945578231292516 0.9239713774597496 0.003401360544217687 0.0017889087656529517
0 0.9217687074829932 0.9221824686940966 0.006802721088435374 0.0017889087656529517
0 0.9132653061224489 0.9221824686940966 0.006802721088435374 0.0017889087656529517
0 0.31037414965986393 0.9141323792486583 0.0017006802721088435 0.0035778175313059034
0 0.7797619047619048 0.9042933810375671 0.0017006802721088435 0.0017889087656529517
0 0.5416666666666666 0.9042933810375671 0.0017006802721088435 0.0017889087656529517
0 0.5289115646258503 0.9051878354203936 0.003401360544217687 0.0035778175313059034
0 0.5187074829931972 0.9051878354203936 0.006802721088435374 0.0035778175313059034
0 0.5068027210884354 0.9042933810375671 0.003401360544217687 0.0017889087656529517
0 0.47023809523809523 0.9042933810375671 0.0017006802721088435 0.0017889087656529517
0 0.4608843537414966 0.9042933810375671 0.01020408163265306 0.0017889087656529517
0 0.4481292517006803 0.9042933810375671 0.008503401360544218 0.0017889087656529517
0 0.4336734693877551 0.9042933810375671 0.003401360544217687 0.0017889087656529517
0 0.4226190476190476 0.9042933810375671 0.00510204081632653 0.0017889087656529517
0 0.3137755102040816 0.9042933810375671 0.00510204081632653 0.0017889087656529517
0 0.2925170068027211 0.9042933810375671 0.034013605442176874 0.005366726296958855
0 0.9005102040816326 0.9025044722719141 0.05952380952380952 0.005366726296958855
0 0.5127551020408163 0.8953488372093024 0.00510204081632653 0.0017889087656529517
0 0.5025510204081632 0.8953488372093024 0.00510204081632653 0.0017889087656529517
0 0.9319727891156463 0.8935599284436494 0.003401360544217687 0.0017889087656529517
0 0.9200680272108843 0.8935599284436494 0.003401360544217687 0.0017889087656529517
0 0.9022108843537415 0.8944543828264758 0.01870748299319728 0.0035778175313059034
0 0.8860544217687075 0.8935599284436494 0.003401360544217687 0.0017889087656529517
0 0.8741496598639455 0.8935599284436494 0.01020408163265306 0.0017889087656529517
0 0.29931972789115646 0.8846153846153846 0.003401360544217687 0.0017889087656529517
0 0.27721088435374147 0.8846153846153846 0.003401360544217687 0.0017889087656529517
0 0.26445578231292516 0.8846153846153846 0.008503401360544218 0.0017889087656529517
0 0.2465986394557823 0.8846153846153846 0.02040816326530612 0.0017889087656529517
0 0.22193877551020408 0.8846153846153846 0.01870748299319728 0.0017889087656529517
0 0.9209183673469388 0.8828264758497316 0.00510204081632653 0.0017889087656529517
0 0.8801020408163265 0.8837209302325582 0.04931972789115646 0.0035778175313059034
0 0.798469387755102 0.8738819320214669 0.0017006802721088435 0.0017889087656529517
0 0.7874149659863946 0.8738819320214669 0.006802721088435374 0.0017889087656529517
0 0.7755102040816326 0.8738819320214669 0.003401360544217687 0.0017889087656529517
0 0.6352040816326531 0.8738819320214669 0.00510204081632653 0.0017889087656529517
0 0.6011904761904762 0.8738819320214669 0.0017006802721088435 0.0017889087656529517
0 0.5773809523809523 0.8738819320214669 0.0017006802721088435 0.0017889087656529517
0 0.532312925170068 0.8738819320214669 0.003401360544217687 0.0017889087656529517
0 0.5195578231292517 0.8738819320214669 0.00510204081632653 0.0017889087656529517
0 0.4362244897959184 0.8747763864042933 0.008503401360544218 0.0035778175313059034
0 0.4192176870748299 0.8747763864042933 0.01870748299319728 0.0035778175313059034
0 0.40221088435374147 0.8738819320214669 0.0017006802721088435 0.0017889087656529517
0 0.3835034013605442 0.8738819320214669 0.00510204081632653 0.0017889087656529517
0 0.3741496598639456 0.8738819320214669 0.006802721088435374 0.0017889087656529517
0 0.2780612244897959 0.8738819320214669 0.0017006802721088435 0.0017889087656529517
0 0.23214285714285715 0.8738819320214669 0.0017006802721088435 0.0017889087656529517
0 0.22023809523809523 0.8738819320214669 0.00510204081632653 0.0017889087656529517
0 0.20918367346938777 0.8738819320214669 0.003401360544217687 0.0017889087656529517
0 0.8928571428571429 0.8729874776386404 0.08503401360544217 0.0035778175313059034
0 0.8443877551020408 0.8729874776386404 0.008503401360544218 0.0035778175313059034
0 0.826530612244898 0.8729874776386404 0.017006802721088437 0.0035778175313059034
0 0.810374149659864 0.8729874776386404 0.00510204081632653 0.0035778175313059034
0 0.477891156462585 0.8738819320214669 0.07142857142857142 0.005366726296958855
0 0.9141156462585034 0.8631484794275492 0.00510204081632653 0.0017889087656529517
0 0.8928571428571429 0.8631484794275492 0.006802721088435374 0.0017889087656529517
0 0.8818027210884354 0.8631484794275492 0.008503401360544218 0.0017889087656529517
0 0.5450680272108843 0.8631484794275492 0.0017006802721088435 0.0017889087656529517
0 0.4030612244897959 0.8631484794275492 0.003401360544217687 0.0017889087656529517
0 0.3792517006802721 0.8631484794275492 0.003401360544217687 0.0017889087656529517
0 0.29336734693877553 0.8640429338103757 0.008503401360544218 0.0035778175313059034
0 0.282312925170068 0.8640429338103757 0.006802721088435374 0.0035778175313059034
0 0.27040816326530615 0.8640429338103757 0.01020408163265306 0.0035778175313059034
0 0.2593537414965986 0.8640429338103757 0.00510204081632653 0.0035778175313059034
0 0.2465986394557823 0.8640429338103757 0.006802721088435374 0.0035778175313059034
0 0.23639455782312926 0.8640429338103757 0.006802721088435374 0.0035778175313059034
0 0.195578231292517 0.8640429338103757 0.061224489795918366 0.0035778175313059034
0 0.9039115646258503 0.8622540250447227 0.008503401360544218 0.0035778175313059034
0 0.8656462585034014 0.8622540250447227 0.017006802721088437 0.0035778175313059034
0 0.6870748299319728 0.8524150268336315 0.003401360544217687 0.0017889087656529517
0 0.6539115646258503 0.851520572450805 0.00510204081632653 0.0035778175313059034
0 0.6428571428571429 0.851520572450805 0.006802721088435374 0.0035778175313059034
0 0.8316326530612245 0.851520572450805 0.20408163265306123 0.007155635062611807
0 0.45918367346938777 0.851520572450805 0.30612244897959184 0.007155635062611807
0 0.23214285714285715 0.8524150268336315 0.141156462585034 0.008944543828264758
0 0.9243197278911565 0.8416815742397138 0.00510204081632653 0.0017889087656529517
0 0.907312925170068 0.8416815742397138 0.01870748299319728 0.0017889087656529517
0 0.3460884353741497 0.8416815742397138 0.0017006802721088435 0.0017889087656529517
0 0.3358843537414966 0.8416815742397138 0.0017006802721088435 0.0017889087656529517
0 0.3163265306122449 0.8425760286225402 0.02040816326530612 0.0035778175313059034
0 0.24064625850340135 0.8425760286225402 0.10034013605442177 0.0035778175313059034
0 0.18452380952380953 0.8425760286225402 0.008503401360544218 0.0035778175313059034
0 0.17091836734693877 0.8416815742397138 0.00510204081632653 0.0017889087656529517
0 0.8775510204081632 0.8407871198568873 0.030612244897959183 0.0035778175313059034
0 0.9115646258503401 0.8318425760286225 0.05102040816326531 0.0035778175313059034
0 0.5459183673469388 0.8148479427549195 0.003401360544217687 0.0017889087656529517
0 0.5365646258503401 0.8148479427549195 0.008503401360544218 0.0017889087656529517
0 0.5238095238095238 0.8148479427549195 0.013605442176870748 0.0017889087656529517
0 0.5085034013605442 0.8148479427549195 0.006802721088435374 0.0017889087656529517
0 0.4872448979591837 0.8148479427549195 0.00510204081632653 0.0017889087656529517
0 0.47619047619047616 0.8148479427549195 0.003401360544217687 0.0017889087656529517
0 0.4651360544217687 0.8148479427549195 0.00510204081632653 0.0017889087656529517
0 0.45153061224489793 0.8148479427549195 0.011904761904761904 0.0017889087656529517
0 0.4379251700680272 0.8148479427549195 0.0017006802721088435 0.0017889087656529517
0 0.4226190476190476 0.8148479427549195 0.011904761904761904 0.0017889087656529517
0 0.40561224489795916 0.8148479427549195 0.00510204081632653 0.0017889087656529517
0 0.3869047619047619 0.8148479427549195 0.022108843537414966 0.0017889087656529517
0 0.3681972789115646 0.815742397137746 0.00510204081632653 0.0035778175313059034
0 0.33758503401360546 0.815742397137746 0.04251700680272109 0.0035778175313059034
0 0.3010204081632653 0.815742397137746 0.027210884353741496 0.0035778175313059034
0 0.26105442176870747 0.815742397137746 0.02891156462585034 0.0035778175313059034
0 0.20578231292517007 0.8166368515205724 0.0782312925170068 0.005366726296958855
0 0.9260204081632653 0.8112701252236136 0.00510204081632653 0.0017889087656529517
0 0.9166666666666666 0.8112701252236136 0.003401360544217687 0.0017889087656529517
0 0.9005102040816326 0.8121645796064401 0.015306122448979591 0.0035778175313059034
0 0.8690476190476191 0.8121645796064401 0.003401360544217687 0.0035778175313059034
0 0.8503401360544217 0.8023255813953488 0.003401360544217687 0.0017889087656529517
0 0.8358843537414966 0.8032200357781754 0.00510204081632653 0.0035778175313059034
0 0.5331632653061225 0.8041144901610018 0.05612244897959184 0.005366726296958855
0 0.33163265306122447 0.8059033989266547 0.3401360544217687 0.008944543828264758
0 0.8979591836734694 0.8023255813953488 0.0782312925170068 0.005366726296958855
0 0.7993197278911565 0.7933810375670841 0.003401360544217687 0.0017889087656529517
0 0.7882653061224489 0.7933810375670841 0.00510204081632653 0.0017889087656529517
0 0.7780612244897959 0.7933810375670841 0.0017006802721088435 0.0017889087656529517
0 0.7627551020408163 0.7933810375670841 0.0017006802721088435 0.0017889087656529517
0 0.5697278911564626 0.7933810375670841 0.003401360544217687 0.0017889087656529517
0 0.5595238095238095 0.7933810375670841 0.006802721088435374 0.0017889087656529517
0 0.5 0.7933810375670841 0.003401360544217687 0.0017889087656529517
0 0.8460884353741497 0.7924865831842576 0.008503401360544218 0.0035778175313059034
0 0.8341836734693877 0.7924865831842576 0.008503401360544218 0.0035778175313059034
0 0.5297619047619048 0.7933810375670841 0.04251700680272109 0.005366726296958855
0 0.32908163265306123 0.7942754919499105 0.33163265306122447 0.007155635062611807
0 0.8945578231292517 0.7924865831842576 0.0782312925170068 0.007155635062611807
0 0.4336734693877551 0.7844364937388193 0.003401360544217687 0.0017889087656529517
0 0.42431972789115646 0.7844364937388193 0.00510204081632653 0.0017889087656529517
0 0.40901360544217685 0.7844364937388193 0.00510204081632653 0.0017889087656529517
0 0.397108843537415 0.7844364937388193 0.00510204081632653 0.0017889087656529517
0 0.35034013605442177 0.7844364937388193 0.006802721088435374 0.0017889087656529517
0 0.3392857142857143 0.7844364937388193 0.00510204081632653 0.0017889087656529517
0 0.3282312925170068 0.7844364937388193 0.003401360544217687 0.0017889087656529517
0 0.9090136054421769 0.7835420393559929 0.04591836734693878 0.0035778175313059034
0 0.5527210884353742 0.7835420393559929 0.027210884353741496 0.0035778175313059034
0 0.5170068027210885 0.7835420393559929 0.003401360544217687 0.0035778175313059034
0 0.4608843537414966 0.7835420393559929 0.023809523809523808 0.0035778175313059034
0 0.3741496598639456 0.7835420393559929 0.030612244897959183 0.0035778175313059034
0 0.2942176870748299 0.7844364937388193 0.05782312925170068 0.005366726296958855
0 0.2151360544217687 0.7844364937388193 0.0935374149659864 0.005366726296958855
0 0.8222789115646258 0.7737030411449016 0.0017006802721088435 0.0017889087656529517
0 0.5569727891156463 0.7737030411449016 0.0017006802721088435 0.0017889087656529517
0 0.5331632653061225 0.7737030411449016 0.02891156462585034 0.0017889087656529517
0 0.5093537414965986 0.7737030411449016 0.00510204081632653 0.0017889087656529517
0 0.4549319727891156 0.7737030411449016 0.01870748299319728 0.0017889087656529517
0 0.407312925170068 0.7737030411449016 0.015306122448979591 0.0017889087656529517
0 0.3852040816326531 0.7737030411449016 0.015306122448979591 0.0017889087656529517
0 0.3656462585034014 0.7737030411449016 0.006802721088435374 0.0017889087656529517
0 0.35374149659863946 0.7737030411449016 0.006802721088435374 0.0017889087656529517
0 0.342687074829932 0.7737030411449016 0.0017006802721088435 0.0017889087656529517
0 0.30697278911564624 0.774597495527728 0.03231292517006803 0.0035778175313059034
0 0.28401360544217685 0.774597495527728 0.006802721088435374 0.0035778175313059034
0 0.2687074829931973 0.7737030411449016 0.013605442176870748 0.0017889087656529517
0 0.23129251700680273 0.774597495527728 0.04421768707482993 0.0035778175313059034
0 0.1870748299319728 0.774597495527728 0.04081632653061224 0.0035778175313059034
0 0.8971088435374149 0.7737030411449016 0.07653061224489796 0.005366726296958855
0 0.2891156462585034 0.7647584973166368 0.003401360544217687 0.0017889087656529517
0 0.27721088435374147 0.7647584973166368 0.003401360544217687 0.0017889087656529517
0 0.19642857142857142 0.7647584973166368 0.0017006802721088435 0.0017889087656529517
0 0.8418367346938775 0.7629695885509838 0.006802721088435374 0.0017889087656529517
0 0.83078231292517 0.7629695885509838 0.0017006802721088435 0.0017889087656529517
0 0.7585034013605442 0.7629695885509838 0.003401360544217687 0.0017889087656529517
0 0.6462585034013606 0.7638640429338104 0.006802721088435374 0.0035778175313059034
0 0.5510204081632653 0.7638640429338104 0.027210884353741496 0.0035778175313059034
0 0.5280612244897959 0.7629695885509838 0.00510204081632653 0.0017889087656529517
0 0.5153061224489796 0.7638640429338104 0.006802721088435374 0.0035778175313059034
0 0.5042517006802721 0.7638640429338104 0.00510204081632653 0.0035778175313059034
0 0.4532312925170068 0.7638640429338104 0.08333333333333333 0.0035778175313059034
0 0.3852040816326531 0.7638640429338104 0.02891156462585034 0.0035778175313059034
0 0.26700680272108845 0.7638640429338104 0.006802721088435374 0.0035778175313059034
0 0.9005102040816326 0.7629695885509838 0.07312925170068027 0.005366726296958855
0 0.41496598639455784 0.7558139534883721 0.003401360544217687 0.0017889087656529517
0 0.35374149659863946 0.7558139534883721 0.006802721088435374 0.0017889087656529517
0 0.342687074829932 0.7558139534883721 0.0017006802721088435 0.0017889087656529517
0 0.3299319727891156 0.7567084078711985 0.006802721088435374 0.0035778175313059034
0 0.3197278911564626 0.7558139534883721 0.006802721088435374 0.0017889087656529517
0 0.3086734693877551 0.7567084078711985 0.008503401360544218 0.0035778175313059034
0 0.2942176870748299 0.7558139534883721 0.003401360544217687 0.0017889087656529517
0 0.27125850340136054 0.7558139534883721 0.00510204081632653 0.0017889087656529517
0 0.26105442176870747 0.7558139534883721 0.0017006802721088435 0.0017889087656529517
0 0.5467687074829932 0.7540250447227191 0.00510204081632653 0.0017889087656529517
0 0.5289115646258503 0.7540250447227191 0.017006802721088437 0.0017889087656529517
0 0.4744897959183674 0.7540250447227191 0.003401360544217687 0.0017889087656529517
0 0.4583333333333333 0.7540250447227191 0.015306122448979591 0.0017889087656529517
0 0.2261904761904762 0.7558139534883721 0.05442176870748299 0.005366726296958855
0 0.18112244897959184 0.7558139534883721 0.025510204081632654 0.005366726296958855
0 0.8920068027210885 0.7540250447227191 0.06292517006802721 0.005366726296958855
0 0.4574829931972789 0.7450805008944544 0.003401360544217687 0.0017889087656529517
0 0.7227891156462585 0.7432915921288015 0.003401360544217687 0.0017889087656529517
0 0.6998299319727891 0.7432915921288015 0.015306122448979591 0.005366726296958855
0 0.6181972789115646 0.7432915921288015 0.0663265306122449 0.005366726296958855
0 0.5620748299319728 0.7432915921288015 0.03231292517006803 0.005366726296958855
0 0.5025510204081632 0.7441860465116279 0.07653061224489796 0.007155635062611807
0 0.28316326530612246 0.7450805008944544 0.23979591836734693 0.008944543828264758
0 0.8384353741496599 0.7423971377459749 0.20408163265306123 0.007155635062611807
0 0.07908163265306123 0.7262969588550984 0.00510204081632653 0.0035778175313059034
0 0.058673469387755105 0.7245080500894454 0.025510204081632654 0.01073345259391771
0 0.6479591836734694 0.7039355992844365 0.11904761904761904 0.005366726296958855
0 0.8418367346938775 0.7030411449016101 0.19727891156462585 0.007155635062611807
0 0.3673469387755102 0.7021466905187835 0.40476190476190477 0.012522361359570662
0 0.2304421768707483 0.6923076923076923 0.015306122448979591 0.0035778175313059034
0 0.6496598639455783 0.684257602862254 0.12244897959183673 0.008944543828264758
0 0.7227891156462585 0.6708407871198568 0.01020408163265306 0.01073345259391771
0 0.7363945578231292 0.554561717352415 0.017006802721088437 0.025044722719141325
0 0.7295918367346939 0.4445438282647585 0.003401360544217687 0.005366726296958855
0 0.7329931972789115 0.41771019677996424 0.01020408163265306 0.01967799642218247
0 0.5467687074829932 0.41323792486583183 0.8044217687074829 0.554561717352415
0 0.25255102040816324 0.1368515205724508 0.0017006802721088435 0.0017889087656529517
0 0.2755102040816326 0.12254025044722719 0.023809523809523808 0.01967799642218247
0 0.2729591836734694 0.10196779964221825 0.00510204081632653 0.0035778175313059034
0 0.3052721088435374 0.10196779964221825 0.022108843537414966 0.007155635062611807
0 0.13435374149659865 0.10912343470483005 0.05782312925170068 0.025044722719141325
