0 0.599320882852292 0.9928571428571429 0.006791171477079796 0.007142857142857143
0 0.6162988115449916 0.9883928571428572 0.010186757215619695 0.005357142857142857
0 0.5169779286926995 0.9928571428571429 0.01867572156196944 0.014285714285714285
0 0.4838709677419355 0.9919642857142857 0.010186757215619695 0.01607142857142857
0 0.4312393887945671 0.9866071428571429 0.010186757215619695 0.005357142857142857
0 0.4533106960950764 0.9910714285714286 0.013582342954159592 0.017857142857142856
0 0.01697792869269949 0.9875 0.006791171477079796 0.025
0 0.015280135823429542 0.9571428571428572 0.006791171477079796 0.02857142857142857
0 0.011884550084889643 0.7848214285714286 0.023769100169779286 0.0125
0 0.03395585738539898 0.7669642857142858 0.013582342954159592 0.019642857142857142
0 0.9940577249575552 0.7526785714285714 0.011884550084889643 0.023214285714285715
0 0.03480475382003396 0.7464285714285714 0.015280135823429542 0.017857142857142856
0 0.432937181663837 0.7410714285714286 0.05432937181663837 0.010714285714285714
0 0.027164685908319185 0.7267857142857143 0.003395585738539898 0.0035714285714285713
0 0.4057724957555178 0.7214285714285714 0.006791171477079796 0.0035714285714285713
0 0.3760611205432937 0.7223214285714286 0.03225806451612903 0.008928571428571428
0 0.4923599320882852 0.825 0.9168081494057725 0.2392857142857143
0 0.9906621392190152 0.5928571428571429 0.01867572156196944 0.05714285714285714
0 0.9864176570458404 0.43214285714285716 0.027164685908319185 0.06785714285714285
0 0.9702886247877759 0.24017857142857144 0.04584040747028863 0.030357142857142857
0 0.9617996604414262 0.11339285714285714 0.01867572156196944 0.0125
0 0.5 0.4 1.0 0.7035714285714286
0 0.969439728353141 0.007142857142857143 0.01697792869269949 0.014285714285714285
0 0.9448217317487266 0.005357142857142857 0.01867572156196944 0.010714285714285714
