0 0.0010706638115631692 0.8310055865921788 0.0021413276231263384 0.002793296089385475
0 0.9946466809421841 0.7946927374301676 0.010706638115631691 0.019553072625698324
0 0.9925053533190579 0.7611731843575419 0.014989293361884369 0.013966480446927373
0 0.9925053533190579 0.7276536312849162 0.014989293361884369 0.013966480446927373
0 0.9925053533190579 0.7011173184357542 0.014989293361884369 0.0111731843575419
0 0.9957173447537473 0.6745810055865922 0.008565310492505354 0.002793296089385475
0 0.9946466809421841 0.6452513966480447 0.010706638115631691 0.0111731843575419
0 0.008565310492505354 0.6396648044692738 0.004282655246252677 0.00558659217877095
0 0.9989293361884368 0.6298882681564246 0.0021413276231263384 0.002793296089385475
0 0.9957173447537473 0.5740223463687151 0.008565310492505354 0.008379888268156424
0 0.9978586723768736 0.5614525139664804 0.004282655246252677 0.00558659217877095
0 0.9978586723768736 0.48044692737430167 0.004282655246252677 0.00558659217877095
0 0.9967880085653105 0.44553072625698326 0.006423982869379015 0.030726256983240222
0 0.9914346895074947 0.15921787709497207 0.017130620985010708 0.00558659217877095
0 0.0032119914346895075 0.15083798882681565 0.006423982869379015 0.00558659217877095
0 0.9914346895074947 0.13128491620111732 0.017130620985010708 0.0111731843575419
0 0.4817987152034261 0.04189944134078212 0.008565310492505354 0.00558659217877095
0 0.5685224839400428 0.046089385474860335 0.006423982869379015 0.019553072625698324
0 0.37794432548179874 0.029329608938547486 0.0021413276231263384 0.002793296089385475
0 0.5 0.4958100558659218 1.0 0.9692737430167597
