0 0.3909426987060998 0.9980582524271845 0.009242144177449169 0.003883495145631068
0 0.3512014787430684 0.9970873786407767 0.014787430683918669 0.005825242718446602
0 0.0027726432532347504 0.9233009708737864 0.005545286506469501 0.001941747572815534
0 0.9482439926062847 0.9048543689320389 0.018484288354898338 0.003883495145631068
0 0.2144177449168207 0.8951456310679612 0.011090573012939002 0.003883495145631068
0 0.8743068391866913 0.8932038834951457 0.0036968576709796672 0.003883495145631068
0 0.8798521256931608 0.8815533980582524 0.011090573012939002 0.003883495145631068
0 0.9658040665434381 0.887378640776699 0.06839186691312385 0.019417475728155338
0 0.890018484288355 0.8689320388349514 0.02033271719038817 0.005825242718446602
0 0.9353049907578558 0.858252427184466 0.12939001848428835 0.031067961165048542
0 0.2911275415896488 0.7922330097087379 0.005545286506469501 0.003883495145631068
0 0.3243992606284658 0.7834951456310679 0.02033271719038817 0.005825242718446602
0 0.2920517560073937 0.7815533980582524 0.014787430683918669 0.005825242718446602
0 0.9593345656192237 0.7757281553398059 0.0036968576709796672 0.001941747572815534
0 0.32070240295748614 0.7708737864077669 0.02033271719038817 0.003883495145631068
0 0.8881700554528651 0.7660194174757281 0.031423290203327174 0.005825242718446602
0 0.3391866913123845 0.7621359223300971 0.0018484288354898336 0.001941747572815534
0 0.9537892791127541 0.7631067961165049 0.09242144177449169 0.007766990291262136
0 0.3234750462107209 0.7504854368932039 0.011090573012939002 0.005825242718446602
0 0.3317929759704251 0.7446601941747573 0.0166358595194085 0.005825242718446602
0 0.22181146025878004 0.7388349514563107 0.0036968576709796672 0.001941747572815534
0 0.955637707948244 0.7466019417475728 0.08872458410351201 0.021359223300970873
0 0.012014787430683918 0.7417475728155339 0.024029574861367836 0.011650485436893204
0 0.2911275415896488 0.7417475728155339 0.02033271719038817 0.015533980582524271
0 0.40942698706099817 0.7320388349514563 0.012939001848428836 0.003883495145631068
0 0.026802218114602587 0.616504854368932 0.024029574861367836 0.005825242718446602
0 0.23290203327171904 0.7854368932038835 0.43253234750462105 0.36310679611650487
0 0.9316081330868762 0.6592233009708738 0.1367837338262477 0.1378640776699029
0 0.5 0.583495145631068 0.009242144177449169 0.001941747572815534
0 0.0036968576709796672 0.5611650485436893 0.0073937153419593345 0.027184466019417475
0 0.2412199630314233 0.5048543689320388 0.4824399260628466 0.18640776699029127
0 0.06561922365988909 0.38932038834951455 0.005545286506469501 0.03300970873786408
0 0.0046210720887245845 0.27766990291262134 0.009242144177449169 0.003883495145631068
0 0.024029574861367836 0.2728155339805825 0.0036968576709796672 0.001941747572815534
0 0.43715341959334564 0.2504854368932039 0.009242144177449169 0.003883495145631068
0 0.021256931608133085 0.1941747572815534 0.04251386321626617 0.03495145631067961
0 0.5314232902033271 0.2883495145631068 0.9371534195933456 0.5766990291262136
