0 0.6931216931216931 0.9961089494163424 0.010582010582010581 0.007782101167315175
0 0.746031746031746 0.9669260700389105 0.010582010582010581 0.019455252918287938
0 0.7341269841269841 0.9416342412451362 0.007936507936507936 0.01556420233463035
0 0.7632275132275133 0.9357976653696498 0.007936507936507936 0.011673151750972763
0 0.582010582010582 0.9630350194552529 0.026455026455026454 0.07392996108949416
0 0.5317460317460317 0.9630350194552529 0.05291005291005291 0.07392996108949416
0 0.4722222222222222 0.9630350194552529 0.03968253968253968 0.07392996108949416
0 0.7076719576719577 0.953307392996109 0.05026455026455026 0.07782101167315175
0 0.7195767195767195 0.9163424124513618 0.010582010582010581 0.011673151750972763
0 0.0026455026455026454 0.8249027237354085 0.005291005291005291 0.007782101167315175
0 0.07539682539682539 0.8229571984435797 0.013227513227513227 0.011673151750972763
0 0.9933862433862434 0.7101167315175098 0.013227513227513227 0.011673151750972763
0 0.9947089947089947 0.6867704280155642 0.010582010582010581 0.0038910505836575876
0 0.9947089947089947 0.6653696498054474 0.010582010582010581 0.007782101167315175
0 0.9933862433862434 0.6459143968871596 0.013227513227513227 0.007782101167315175
0 0.9894179894179894 0.6284046692607004 0.021164021164021163 0.011673151750972763
0 0.9907407407407407 0.603112840466926 0.018518518518518517 0.007782101167315175
0 0.0026455026455026454 0.2918287937743191 0.005291005291005291 0.01556420233463035
0 0.013227513227513227 0.17315175097276264 0.026455026455026454 0.19844357976653695
0 0.5317460317460317 0.44357976653696496 0.9365079365079365 0.7859922178988327
0 0.6759259259259259 0.0311284046692607 0.018518518518518517 0.01556420233463035
0 0.708994708994709 0.029182879377431907 0.021164021164021163 0.019455252918287938
0 0.6944444444444444 0.009727626459143969 0.023809523809523808 0.019455252918287938
0 0.6481481481481481 0.017509727626459144 0.015873015873015872 0.03501945525291829
0 0.5370370370370371 0.007782101167315175 0.010582010582010581 0.01556420233463035
0 0.49206349206349204 0.009727626459143969 0.015873015873015872 0.019455252918287938
0 0.4497354497354497 0.009727626459143969 0.015873015873015872 0.019455252918287938
