0 0.6247422680412371 0.9930555555555556 0.008247422680412371 0.013888888888888888
0 0.6020618556701031 0.9930555555555556 0.012371134020618556 0.013888888888888888
0 0.4731958762886598 0.9913194444444444 0.018556701030927835 0.017361111111111112
0 0.41649484536082476 0.9791666666666666 0.016494845360824743 0.041666666666666664
0 0.3989690721649485 0.9635416666666666 0.006185567010309278 0.010416666666666666
0 0.6154639175257732 0.9670138888888888 0.01443298969072165 0.024305555555555556
0 0.49690721649484537 0.9756944444444444 0.020618556701030927 0.04861111111111111
0 0.4556701030927835 0.9756944444444444 0.041237113402061855 0.04861111111111111
0 0.5793814432989691 0.9704861111111112 0.008247422680412371 0.059027777777777776
0 0.634020618556701 0.9479166666666666 0.010309278350515464 0.027777777777777776
0 0.6030927835051546 0.9392361111111112 0.006185567010309278 0.010416666666666666
0 0.6164948453608248 0.9392361111111112 0.008247422680412371 0.017361111111111112
0 0.45979381443298967 0.9513888888888888 0.21443298969072164 0.09722222222222222
0 0.6731958762886598 0.9461805555555556 0.05154639175257732 0.1076388888888889
0 0.9938144329896907 0.7204861111111112 0.012371134020618556 0.010416666666666666
0 0.9989690721649485 0.1423611111111111 0.002061855670103093 0.006944444444444444
0 0.9855670103092784 0.1284722222222222 0.0288659793814433 0.013888888888888888
0 0.5 0.4618055555555556 1.0 0.8333333333333334
0 0.6309278350515464 0.015625 0.004123711340206186 0.003472222222222222
0 0.6154639175257732 0.010416666666666666 0.01443298969072165 0.020833333333333332
0 0.5896907216494846 0.010416666666666666 0.016494845360824743 0.020833333333333332
0 0.5721649484536082 0.008680555555555556 0.006185567010309278 0.017361111111111112
