0 0.6171717171717171 0.9982935153583617 0.006060606060606061 0.0034129692832764505
0 0.6454545454545455 0.9948805460750854 0.00202020202020202 0.0034129692832764505
0 0.9525252525252526 0.9914675767918089 0.09494949494949495 0.017064846416382253
0 0.6444444444444445 0.9402730375426621 0.06464646464646465 0.08532423208191127
0 0.6696969696969697 0.9061433447098977 0.014141414141414142 0.030716723549488054
0 0.6484848484848484 0.8993174061433447 0.024242424242424242 0.017064846416382253
0 0.6686868686868687 0.8617747440273038 0.00404040404040404 0.0034129692832764505
0 0.5333333333333333 0.9300341296928327 0.26262626262626265 0.13993174061433447
0 0.704040404040404 0.9215017064846417 0.05454545454545454 0.14334470989761092
0 0.01818181818181818 0.6348122866894198 0.03636363636363636 0.5187713310580204
0 0.005050505050505051 0.10068259385665529 0.010101010101010102 0.03754266211604096
0 0.5212121212121212 0.45051194539249145 0.9575757575757575 0.8327645051194539
0 0.6585858585858586 0.008532423208191127 0.024242424242424242 0.017064846416382253
0 0.6242424242424243 0.008532423208191127 0.028282828282828285 0.017064846416382253
