0 0.6645962732919255 0.9915540540540541 0.018633540372670808 0.016891891891891893
0 0.4891304347826087 0.9712837837837838 0.027950310559006212 0.057432432432432436
0 0.6506211180124224 0.9408783783783784 0.003105590062111801 0.0033783783783783786
0 0.610248447204969 0.9695945945945946 0.034161490683229816 0.060810810810810814
0 0.4394409937888199 0.9695945945945946 0.052795031055900624 0.060810810810810814
0 0.37888198757763975 0.9695945945945946 0.043478260869565216 0.060810810810810814
0 0.6273291925465838 0.9408783783783784 0.018633540372670808 0.010135135135135136
0 0.7236024844720497 0.9527027027027027 0.055900621118012424 0.0945945945945946
0 0.4409937888198758 0.9527027027027027 0.2795031055900621 0.0945945945945946
0 0.8027950310559007 0.7635135135135135 0.052795031055900624 0.06756756756756757
0 0.8245341614906833 0.597972972972973 0.009316770186335404 0.006756756756756757
0 0.8291925465838509 0.5608108108108109 0.018633540372670808 0.013513513513513514
0 0.8322981366459627 0.5067567567567568 0.018633540372670808 0.02702702702702703
0 0.8322981366459627 0.44256756756756754 0.006211180124223602 0.006756756756756757
0 0.8338509316770186 0.38513513513513514 0.021739130434782608 0.006756756756756757
0 0.8462732919254659 0.15033783783783783 0.052795031055900624 0.037162162162162164
0 0.5 0.46452702702702703 1.0 0.847972972972973
0 0.422360248447205 0.03209459459459459 0.012422360248447204 0.010135135135135136
0 0.33229813664596275 0.02702702702702703 0.006211180124223602 0.006756756756756757
0 0.6304347826086957 0.02702702702702703 0.031055900621118012 0.02702702702702703
0 0.5745341614906833 0.02533783783783784 0.018633540372670808 0.05067567567567568
0 0.46273291925465837 0.018581081081081082 0.024844720496894408 0.037162162162162164
0 0.4254658385093168 0.005067567567567568 0.012422360248447204 0.010135135135135136
0 0.38819875776397517 0.016891891891891893 0.018633540372670808 0.033783783783783786
0 0.35714285714285715 0.016891891891891893 0.018633540372670808 0.033783783783783786
