0 0.6730769230769231 0.9899193548387096 0.01098901098901099 0.020161290322580645
0 0.4848901098901099 0.9899193548387096 0.024725274725274724 0.020161290322580645
0 0.3695054945054945 0.9899193548387096 0.04120879120879121 0.020161290322580645
0 0.42994505494505497 0.9879032258064516 0.0521978021978022 0.024193548387096774
0 0.5989010989010989 0.9858870967741935 0.01098901098901099 0.028225806451612902
0 0.6538461538461539 0.9798387096774194 0.016483516483516484 0.024193548387096774
0 0.5 0.5040322580645161 1.0 0.8145161290322581
0 0.6510989010989011 0.04032258064516129 0.016483516483516484 0.016129032258064516
0 0.7101648351648352 0.036290322580645164 0.0521978021978022 0.07258064516129033
0 0.6593406593406593 0.006048387096774193 0.01098901098901099 0.012096774193548387
0 0.603021978021978 0.024193548387096774 0.046703296703296704 0.04838709677419355
0 0.47527472527472525 0.016129032258064516 0.01098901098901099 0.03225806451612903
0 0.41208791208791207 0.018145161290322582 0.04395604395604396 0.036290322580645164
0 0.3557692307692308 0.018145161290322582 0.03571428571428571 0.036290322580645164
0 0.4230769230769231 0.036290322580645164 0.2857142857142857 0.07258064516129033
