0 0.4665391969407266 0.9887459807073955 0.011472275334608031 0.022508038585209004
0 0.491395793499044 0.9855305466237942 0.030592734225621414 0.028938906752411574
0 0.384321223709369 0.9855305466237942 0.022944550669216062 0.028938906752411574
0 0.34130019120458893 0.9839228295819936 0.032504780114722756 0.03215434083601286
0 0.2982791586998088 0.9823151125401929 0.022944550669216062 0.03536977491961415
0 0.5707456978967496 0.9790996784565916 0.01338432122370937 0.04180064308681672
0 0.5439770554493308 0.977491961414791 0.0057361376673040155 0.04501607717041801
0 0.34703632887189295 0.9630225080385852 0.2045889101338432 0.07395498392282958
0 0.9894837476099426 0.8022508038585209 0.021032504780114723 0.2282958199356913
0 0.9904397705544933 0.5273311897106109 0.019120458891013385 0.31511254019292606
0 0.9933078393881453 0.36012861736334406 0.01338432122370937 0.012861736334405145
0 0.9952198852772467 0.3408360128617363 0.009560229445506692 0.006430868167202572
0 0.9961759082217974 0.3215434083601286 0.0076481835564053535 0.006430868167202572
0 0.994263862332696 0.3022508038585209 0.011472275334608031 0.006430868167202572
0 0.9933078393881453 0.2845659163987138 0.01338432122370937 0.00964630225080386
0 0.994263862332696 0.26688102893890675 0.011472275334608031 0.006430868167202572
0 0.9933078393881453 0.24758842443729903 0.01338432122370937 0.012861736334405145
0 0.9933078393881453 0.2282958199356913 0.009560229445506692 0.006430868167202572
0 0.994263862332696 0.21061093247588425 0.011472275334608031 0.00964630225080386
0 0.9952198852772467 0.19131832797427653 0.009560229445506692 0.00964630225080386
0 0.994263862332696 0.1752411575562701 0.011472275334608031 0.00964630225080386
0 0.994263862332696 0.15755627009646303 0.011472275334608031 0.006430868167202572
0 0.994263862332696 0.1414790996784566 0.011472275334608031 0.006430868167202572
0 0.9923518164435946 0.12379421221864952 0.015296367112810707 0.00964630225080386
0 0.9980879541108987 0.09967845659163987 0.0038240917782026767 0.006430868167202572
0 0.9837476099426387 0.1045016077170418 0.0057361376673040155 0.01607717041800643
0 0.491395793499044 0.5 0.9445506692160612 0.8842443729903537
0 0.48661567877629064 0.05305466237942122 0.01338432122370937 0.01607717041800643
0 0.5095602294455067 0.04501607717041801 0.0248565965583174 0.03215434083601286
0 0.4837476099426386 0.03215434083601286 0.011472275334608031 0.01929260450160772
0 0.5678776290630975 0.03697749196141479 0.015296367112810707 0.07395498392282958
0 0.5430210325047801 0.03536977491961415 0.0076481835564053535 0.0707395498392283
0 0.5191204588910134 0.00482315112540193 0.0057361376673040155 0.00964630225080386
0 0.5019120458891013 0.008038585209003215 0.017208413001912046 0.01607717041800643
0 0.4655831739961759 0.028938906752411574 0.017208413001912046 0.05787781350482315
0 0.3824091778202677 0.01929260450160772 0.015296367112810707 0.03858520900321544
0 0.33938814531548755 0.02090032154340836 0.028680688336520075 0.04180064308681672
0 0.30401529636711283 0.01929260450160772 0.011472275334608031 0.03858520900321544
0 0.34703632887189295 0.03536977491961415 0.2045889101338432 0.0707395498392283
