0 0.49829642248722317 0.9982425307557118 0.005110732538330494 0.0035149384885764497
0 0.43270868824531517 0.9982425307557118 0.0068143100511073255 0.0035149384885764497
0 0.46337308347529815 0.9973637961335676 0.02385008517887564 0.005272407732864675
0 0.5672913117546848 0.9964850615114236 0.0068143100511073255 0.007029876977152899
0 0.5809199318568995 0.992091388400703 0.013628620102214651 0.008787346221441126
0 0.47018739352640543 0.9859402460456942 0.16695059625212946 0.028119507908611598
0 0.6405451448040886 0.9850615114235501 0.034071550255536626 0.029876977152899824
0 0.06388415672913117 0.7803163444639719 0.008517887563884156 0.0035149384885764497
0 0.0068143100511073255 0.7697715289982425 0.013628620102214651 0.0035149384885764497
0 0.008517887563884156 0.7609841827768014 0.017035775127768313 0.007029876977152899
0 0.007666098807495741 0.7513181019332161 0.015332197614991482 0.005272407732864675
0 0.008517887563884156 0.7311072056239016 0.017035775127768313 0.02460456942003515
0 0.0068143100511073255 0.7117750439367311 0.013628620102214651 0.007029876977152899
0 0.004258943781942078 0.7038664323374341 0.008517887563884156 0.005272407732864675
0 0.00596252129471891 0.695079086115993 0.008517887563884156 0.0017574692442882249
0 0.004258943781942078 0.6845342706502636 0.008517887563884156 0.0017574692442882249
0 0.005110732538330494 0.6775043936731108 0.010221465076660987 0.005272407732864675
0 0.04088586030664395 0.6652021089630932 0.027257240204429302 0.008787346221441126
0 0.4744463373083475 0.4200351493848858 0.028960817717206135 0.0843585237258348
0 0.42163543441226575 0.37082601054481545 0.01192504258943782 0.007029876977152899
0 0.4284497444633731 0.36115992970123023 0.0017035775127768314 0.0017574692442882249
0 0.4182282793867121 0.36115992970123023 0.01192504258943782 0.005272407732864675
0 0.479557069846678 0.37785588752196836 0.018739352640545145 0.0421792618629174
0 0.4540034071550256 0.36467486818980666 0.01192504258943782 0.015817223198594025
0 0.3049403747870528 0.3400702987697715 0.017035775127768313 0.005272407732864675
0 0.4088586030664395 0.335676625659051 0.020442930153321975 0.014059753954305799
0 0.2776831345826235 0.2961335676625659 0.013628620102214651 0.012302284710017574
0 0.3909710391822828 0.29173989455184535 0.03577512776831346 0.028119507908611598
0 0.393526405451448 0.27240773286467485 0.0068143100511073255 0.0035149384885764497
0 0.34667802385008517 0.27152899824253074 0.0017035775127768314 0.0017574692442882249
0 0.3262350936967632 0.27240773286467485 0.015332197614991482 0.0035149384885764497
0 0.37223168654173766 0.27152899824253074 0.008517887563884156 0.005272407732864675
0 0.041737649063032366 0.2697715289982425 0.005110732538330494 0.0017574692442882249
0 0.44293015332197616 0.3093145869947276 0.017035775127768313 0.0843585237258348
0 0.43696763202725725 0.26449912126537783 0.0017035775127768314 0.0017574692442882249
0 0.3637137989778535 0.2627416520210896 0.0017035775127768314 0.0017574692442882249
0 0.32112436115843274 0.2627416520210896 0.005110732538330494 0.0017574692442882249
0 0.43100511073253833 0.24340949033391915 0.0068143100511073255 0.005272407732864675
0 0.35519591141396933 0.24165202108963094 0.005110732538330494 0.0017574692442882249
0 0.036626916524701875 0.24253075571177504 0.005110732538330494 0.0035149384885764497
0 0.03747870528109029 0.23022847100175747 0.0034071550255536627 0.0035149384885764497
0 0.21976149914821125 0.21528998242530756 0.02385008517887564 0.012302284710017574
0 0.3901192504258944 0.210896309314587 0.030664395229982964 0.02460456942003515
0 0.25383304940374785 0.18189806678383127 0.0034071550255536627 0.005272407732864675
0 0.3185689948892675 0.19947275922671354 0.12265758091993186 0.050966608084358524
0 0.2717206132879046 0.18101933216168717 0.028960817717206135 0.01757469244288225
0 0.3364565587734242 0.16695957820738136 0.008517887563884156 0.01054481546572935
0 0.3074957410562181 0.16520210896309315 0.018739352640545145 0.01054481546572935
0 0.24616695059625213 0.07557117750439367 0.005110732538330494 0.007029876977152899
0 0.23764906303236796 0.06239015817223199 0.005110732538330494 0.005272407732864675
0 0.5 0.4956063268892794 1.0 0.8998242530755711
0 0.5715502555366269 0.037785588752196834 0.005110732538330494 0.0017574692442882249
0 0.5954003407155025 0.03163444639718805 0.008517887563884156 0.014059753954305799
0 0.4616695059625213 0.025483304042179262 0.010221465076660987 0.008787346221441126
0 0.555366269165247 0.014938488576449912 0.0034071550255536627 0.005272407732864675
0 0.48722316865417375 0.014938488576449912 0.013628620102214651 0.029876977152899824
0 0.46507666098807493 0.0017574692442882249 0.0034071550255536627 0.0035149384885764497
0 0.444633730834753 0.014938488576449912 0.013628620102214651 0.029876977152899824
0 0.4148211243611584 0.014938488576449912 0.01192504258943782 0.029876977152899824
