0 0.43109540636042404 0.9944444444444445 0.0035335689045936395 0.011111111111111112
0 0.4037102473498233 0.9787037037037037 0.0017667844522968198 0.001851851851851852
0 0.43197879858657245 0.9787037037037037 0.0017667844522968198 0.009259259259259259
0 0.4929328621908127 0.912962962962963 0.007067137809187279 0.003703703703703704
0 0.4823321554770318 0.912962962962963 0.007067137809187279 0.003703703703703704
0 0.6881625441696113 0.9120370370370371 0.04063604240282685 0.005555555555555556
0 0.9249116607773852 0.9064814814814814 0.0088339222614841 0.001851851851851852
0 0.8754416961130742 0.9074074074074074 0.015901060070671377 0.003703703703703704
0 0.26501766784452296 0.9092592592592592 0.36395759717314485 0.011111111111111112
0 0.05742049469964664 0.9055555555555556 0.037102473498233215 0.003703703703703704
0 0.9823321554770318 0.9046296296296297 0.0353356890459364 0.005555555555555556
0 0.9302120141342756 0.8953703703703704 0.054770318021201414 0.005555555555555556
0 0.037985865724381625 0.8935185185185185 0.07597173144876325 0.009259259259259259
0 0.9796819787985865 0.8916666666666667 0.04063604240282685 0.009259259259259259
0 0.8939929328621908 0.8824074074074074 0.0035335689045936395 0.001851851851851852
0 0.06007067137809187 0.8814814814814815 0.007067137809187279 0.003703703703703704
0 0.9902826855123675 0.8796296296296297 0.019434628975265017 0.007407407407407408
0 0.015901060070671377 0.8805555555555555 0.03180212014134275 0.009259259259259259
0 0.8833922261484098 0.8703703703703703 0.014134275618374558 0.003703703703703704
0 0.9929328621908127 0.8685185185185185 0.014134275618374558 0.011111111111111112
0 0.015901060070671377 0.8675925925925926 0.03180212014134275 0.009259259259259259
0 0.015901060070671377 0.8564814814814815 0.03180212014134275 0.009259259259259259
0 0.8524734982332155 0.8481481481481481 0.012367491166077738 0.003703703703703704
0 0.9973498233215548 0.8444444444444444 0.00530035335689046 0.003703703703703704
0 0.014134275618374558 0.8435185185185186 0.028268551236749116 0.009259259259259259
0 0.8348056537102474 0.8361111111111111 0.0017667844522968198 0.001851851851851852
0 0.7570671378091873 0.8361111111111111 0.0017667844522968198 0.001851851851851852
0 0.8701413427561837 0.8351851851851851 0.00530035335689046 0.003703703703703704
0 0.9946996466431095 0.8324074074074074 0.01060070671378092 0.005555555555555556
0 0.8789752650176679 0.8222222222222222 0.0088339222614841 0.003703703703703704
0 0.8277385159010601 0.8231481481481482 0.04063604240282685 0.005555555555555556
0 0.9867491166077739 0.8194444444444444 0.026501766784452298 0.009259259259259259
0 0.8003533568904594 0.812962962962963 0.02120141342756184 0.003703703703703704
0 0.43992932862190814 0.8157407407407408 0.0176678445229682 0.009259259259259259
0 0.823321554770318 0.8111111111111111 0.014134275618374558 0.003703703703703704
0 0.980565371024735 0.8083333333333333 0.038869257950530034 0.009259259259259259
0 0.8904593639575972 0.799074074074074 0.01060070671378092 0.005555555555555556
0 0.7959363957597173 0.8 0.04770318021201413 0.007407407407407408
0 0.9699646643109541 0.7962962962962963 0.06007067137809187 0.011111111111111112
0 0.015017667844522967 0.7870370370370371 0.012367491166077738 0.003703703703703704
0 0.25530035335689044 0.7870370370370371 0.022968197879858657 0.007407407407407408
0 0.14575971731448764 0.775 0.0017667844522968198 0.001851851851851852
0 0.9425795053003534 0.7555555555555555 0.11484098939929328 0.025925925925925925
0 0.7561837455830389 0.7398148148148148 0.0035335689045936395 0.005555555555555556
0 0.9858657243816255 0.05092592592592592 0.028268551236749116 0.07962962962962963
0 0.5 0.5 1.0 1.0
