0 0.9353562005277045 0.9922480620155039 0.07651715039577836 0.015503875968992248
0 0.449868073878628 0.9612403100775194 0.044854881266490766 0.07751937984496124
0 0.5052770448548812 0.9593023255813954 0.044854881266490766 0.08139534883720931
0 0.5620052770448549 0.9515503875968992 0.0316622691292876 0.07364341085271318
0 0.7031662269129287 0.9418604651162791 0.0870712401055409 0.10077519379844961
0 0.002638522427440633 0.8895348837209303 0.005277044854881266 0.011627906976744186
0 0.5145118733509235 0.9341085271317829 0.27440633245382584 0.13178294573643412
0 0.7915567282321899 0.9263565891472868 0.052770448548812667 0.14728682170542637
0 0.06200527704485488 0.8391472868217055 0.018469656992084433 0.06589147286821706
0 0.010554089709762533 0.6550387596899225 0.021108179419525065 0.007751937984496124
0 0.11345646437994723 0.6007751937984496 0.05804749340369393 0.031007751937984496
0 0.09498680738786279 0.563953488372093 0.0158311345646438 0.011627906976744186
0 0.21503957783641162 0.3953488372093023 0.018469656992084433 0.046511627906976744
0 0.21635883905013192 0.34689922480620156 0.021108179419525065 0.03488372093023256
0 0.19129287598944592 0.29069767441860467 0.013192612137203167 0.007751937984496124
0 0.23350923482849603 0.3003875968992248 0.05013192612137203 0.04263565891472868
0 0.11345646437994723 0.3856589147286822 0.0633245382585752 0.28294573643410853
0 0.09234828496042216 0.20348837209302326 0.005277044854881266 0.011627906976744186
0 0.03825857519788918 0.4573643410852713 0.07651715039577836 0.6589147286821705
0 0.5303430079155673 0.437984496124031 0.8970976253298153 0.875968992248062
0 0.48548812664907653 0.02131782945736434 0.27440633245382584 0.04263565891472868
