0 0.6620879120879121 0.9939516129032258 0.005494505494505495 0.012096774193548387
0 0.47527472527472525 0.967741935483871 0.04945054945054945 0.06451612903225806
0 0.41895604395604397 0.967741935483871 0.046703296703296704 0.06451612903225806
0 0.5343406593406593 0.9657258064516129 0.03021978021978022 0.06854838709677419
0 0.6497252747252747 0.9596774193548387 0.024725274725274724 0.08064516129032258
0 0.6991758241758241 0.9576612903225806 0.057692307692307696 0.0846774193548387
0 0.48626373626373626 0.9455645161290323 0.2857142857142857 0.10887096774193548
0 0.771978021978022 0.9395161290322581 0.054945054945054944 0.12096774193548387
0 0.06456043956043957 0.7217741935483871 0.013736263736263736 0.008064516129032258
0 0.14148351648351648 0.657258064516129 0.008241758241758242 0.008064516129032258
0 0.08928571428571429 0.6592741935483871 0.07417582417582418 0.020161290322580645
0 0.020604395604395604 0.7620967741935484 0.04120879120879121 0.22580645161290322
0 0.06593406593406594 0.5120967741935484 0.027472527472527472 0.03225806451612903
0 0.06593406593406594 0.4637096774193548 0.03296703296703297 0.056451612903225805
0 0.07142857142857142 0.41330645161290325 0.04395604395604396 0.036290322580645164
0 0.06043956043956044 0.3709677419354839 0.027472527472527472 0.016129032258064516
0 0.17032967032967034 0.3084677419354839 0.005494505494505495 0.004032258064516129
0 0.06456043956043957 0.3245967741935484 0.03021978021978022 0.036290322580645164
0 0.07554945054945054 0.2903225806451613 0.0521978021978022 0.016129032258064516
0 0.07417582417582418 0.2701612903225806 0.04945054945054945 0.016129032258064516
0 0.020604395604395604 0.3870967741935484 0.04120879120879121 0.5161290322580645
0 0.5054945054945055 0.4536290322580645 0.9230769230769231 0.8669354838709677
0 0.739010989010989 0.006048387096774193 0.04395604395604396 0.012096774193548387
0 0.43131868131868134 0.006048387096774193 0.01098901098901099 0.012096774193548387
0 0.40384615384615385 0.006048387096774193 0.01098901098901099 0.012096774193548387
0 0.45879120879120877 0.02217741935483871 0.2802197802197802 0.04435483870967742
