0 0.6262376237623762 0.9835640138408305 0.37458745874587457 0.0328719723183391
0 0.11798679867986799 0.9506920415224913 0.0016501650165016502 0.0017301038062283738
0 0.09570957095709572 0.9506920415224913 0.006600660066006601 0.005190311418685121
0 0.6716171617161716 0.9437716262975778 0.039603960396039604 0.015570934256055362
0 0.10478547854785479 0.9368512110726643 0.0016501650165016502 0.0017301038062283738
0 0.08993399339933994 0.9359861591695502 0.01485148514851485 0.0034602076124567475
0 0.7491749174917491 0.9351211072664359 0.009900990099009901 0.00865051903114187
0 0.6625412541254125 0.921280276816609 0.00825082508250825 0.015570934256055362
0 0.0024752475247524753 0.7794117647058824 0.0049504950495049506 0.005190311418685121
0 0.5981848184818482 0.773356401384083 0.0049504950495049506 0.0034602076124567475
0 0.5866336633663366 0.773356401384083 0.0016501650165016502 0.0034602076124567475
0 0.5445544554455446 0.7724913494809689 0.006600660066006601 0.0017301038062283738
0 0.5115511551155115 0.7724913494809689 0.0033003300330033004 0.0017301038062283738
0 0.9075907590759076 0.7551903114186851 0.0033003300330033004 0.0017301038062283738
0 0.6196369636963697 0.7560553633217993 0.00825082508250825 0.0034602076124567475
0 0.6245874587458746 0.7482698961937716 0.0049504950495049506 0.0017301038062283738
0 0.0049504950495049506 0.7603806228373703 0.009900990099009901 0.025951557093425604
0 0.5948844884488449 0.7517301038062284 0.01485148514851485 0.012110726643598616
0 0.0033003300330033004 0.7413494809688581 0.006600660066006601 0.005190311418685121
0 0.5932343234323433 0.7309688581314879 0.037953795379537955 0.00865051903114187
0 0.004125412541254125 0.7309688581314879 0.00825082508250825 0.00865051903114187
0 0.8556105610561056 0.7240484429065744 0.0049504950495049506 0.0017301038062283738
0 0.5998349834983498 0.722318339100346 0.018151815181518153 0.005190311418685121
0 0.5981848184818482 0.71280276816609 0.018151815181518153 0.0034602076124567475
0 0.0049504950495049506 0.7110726643598616 0.009900990099009901 0.02768166089965398
0 0.0024752475247524753 0.6920415224913494 0.0049504950495049506 0.006920415224913495
0 0.5825082508250825 0.6972318339100346 0.07260726072607261 0.020761245674740483
0 0.040429042904290426 0.6444636678200693 0.0016501650165016502 0.0017301038062283738
0 0.024752475247524754 0.643598615916955 0.0033003300330033004 0.0034602076124567475
0 0.005775577557755775 0.3157439446366782 0.01155115511551155 0.012110726643598616
0 0.981023102310231 0.3062283737024221 0.0016501650165016502 0.0034602076124567475
0 0.0024752475247524753 0.30017301038062283 0.0049504950495049506 0.00865051903114187
0 0.0016501650165016502 0.2750865051903114 0.0033003300330033004 0.006920415224913495
0 0.5363036303630363 0.2698961937716263 0.006600660066006601 0.010380622837370242
0 0.41996699669966997 0.2629757785467128 0.00825082508250825 0.006920415224913495
0 0.5396039603960396 0.2569204152249135 0.0033003300330033004 0.00865051903114187
0 0.7904290429042904 0.23615916955017302 0.0033003300330033004 0.0017301038062283738
0 0.9282178217821783 0.2292387543252595 0.0016501650165016502 0.0017301038062283738
0 0.518976897689769 0.2301038062283737 0.01485148514851485 0.01384083044982699
0 0.48184818481848185 0.22664359861591696 0.0165016501650165 0.01384083044982699
0 0.7838283828382838 0.20328719723183392 0.019801980198019802 0.012110726643598616
0 0.9595709570957096 0.20155709342560554 0.034653465346534656 0.03633217993079585
0 0.5 0.5069204152249135 1.0 0.8927335640138409
