0 0.4081081081081081 0.9702380952380952 0.04864864864864865 0.05952380952380952
0 0.46621621621621623 0.9682539682539683 0.04594594594594595 0.06349206349206349
0 0.527027027027027 0.9662698412698413 0.032432432432432434 0.06746031746031746
0 0.6608108108108108 0.9583333333333334 0.062162162162162166 0.08333333333333333
0 0.7094594594594594 0.9563492063492064 0.01891891891891892 0.0873015873015873
0 0.6702702702702703 0.9206349206349206 0.010810810810810811 0.015873015873015872
0 0.4756756756756757 0.9424603174603174 0.2864864864864865 0.11507936507936507
0 0.7662162162162162 0.9365079365079365 0.062162162162162166 0.12698412698412698
0 0.8540540540540541 0.8591269841269841 0.005405405405405406 0.011904761904761904
0 0.005405405405405406 0.8253968253968254 0.010810810810810811 0.047619047619047616
0 0.002702702702702703 0.7420634920634921 0.005405405405405406 0.007936507936507936
0 0.0013513513513513514 0.7242063492063492 0.002702702702702703 0.003968253968253968
0 0.002702702702702703 0.7003968253968254 0.005405405405405406 0.011904761904761904
0 0.002702702702702703 0.6825396825396826 0.005405405405405406 0.007936507936507936
0 0.002702702702702703 0.6369047619047619 0.005405405405405406 0.003968253968253968
0 0.0013513513513513514 0.4801587301587302 0.002702702702702703 0.007936507936507936
0 0.004054054054054054 0.4503968253968254 0.008108108108108109 0.027777777777777776
0 0.005405405405405406 0.38095238095238093 0.010810810810810811 0.031746031746031744
0 0.002702702702702703 0.3492063492063492 0.005405405405405406 0.007936507936507936
0 0.002702702702702703 0.32936507936507936 0.005405405405405406 0.007936507936507936
0 0.005405405405405406 0.30753968253968256 0.010810810810810811 0.011904761904761904
0 0.004054054054054054 0.2857142857142857 0.008108108108108109 0.015873015873015872
0 0.004054054054054054 0.2638888888888889 0.008108108108108109 0.011904761904761904
0 0.005405405405405406 0.23015873015873015 0.010810810810810811 0.03968253968253968
0 0.006756756756756757 0.1746031746031746 0.013513513513513514 0.05555555555555555
0 0.008108108108108109 0.12103174603174603 0.016216216216216217 0.04365079365079365
0 0.4972972972972973 0.4503968253968254 0.9459459459459459 0.8690476190476191
