0 0.11494252873563218 0.7317487266553481 0.0722495894909688 0.030560271646859084
0 0.2939244663382594 0.6893039049235993 0.006568144499178982 0.010186757215619695
0 0.2922824302134647 0.6689303904923599 0.009852216748768473 0.013582342954159592
0 0.8949096880131363 0.0865874363327674 0.006568144499178982 0.006791171477079796
0 0.5049261083743842 0.5033955857385399 0.9901477832512315 0.9185059422750425
0 0.6592775041050903 0.02631578947368421 0.0016420361247947454 0.0050933786078098476
0 0.603448275862069 0.02037351443123939 0.0016420361247947454 0.003395585738539898
0 0.5394088669950738 0.019524617996604415 0.031198686371100164 0.03904923599320883
0 0.5024630541871922 0.004244482173174873 0.006568144499178982 0.008488964346349746
0 0.45894909688013136 0.011035653650254669 0.0049261083743842365 0.022071307300509338
0 0.4351395730706076 0.001697792869269949 0.003284072249589491 0.003395585738539898
