0 0.5921052631578947 0.99830220713073 0.003289473684210526 0.003395585738539898
0 0.4161184210526316 0.7563667232597623 0.003289473684210526 0.001697792869269949
0 0.5485197368421053 0.7546689303904923 0.004934210526315789 0.001697792869269949
0 0.12911184210526316 0.7444821731748726 0.014802631578947368 0.001697792869269949
0 0.10115131578947369 0.7453310696095077 0.024671052631578948 0.003395585738539898
0 0.5444078947368421 0.7444821731748726 0.019736842105263157 0.0050933786078098476
0 0.09210526315789473 0.7376910016977929 0.003289473684210526 0.001697792869269949
0 0.5394736842105263 0.7359932088285229 0.003289473684210526 0.001697792869269949
0 0.5197368421052632 0.7359932088285229 0.003289473684210526 0.001697792869269949
0 0.1118421052631579 0.7224108658743633 0.006578947368421052 0.001697792869269949
0 0.09703947368421052 0.7224108658743633 0.013157894736842105 0.001697792869269949
0 0.22532894736842105 0.7207130730050934 0.003289473684210526 0.001697792869269949
0 0.20970394736842105 0.7207130730050934 0.004934210526315789 0.001697792869269949
0 0.17845394736842105 0.7215619694397284 0.008223684210526315 0.003395585738539898
0 0.5271381578947368 0.7122241086587436 0.004934210526315789 0.001697792869269949
0 0.5189144736842105 0.7122241086587436 0.008223684210526315 0.001697792869269949
0 0.2524671052631579 0.7113752122241087 0.008223684210526315 0.003395585738539898
0 0.17105263157894737 0.7037351443123939 0.006578947368421052 0.001697792869269949
0 0.15789473684210525 0.7037351443123939 0.006578947368421052 0.001697792869269949
0 0.24753289473684212 0.702037351443124 0.001644736842105263 0.001697792869269949
0 0.23273026315789475 0.702037351443124 0.004934210526315789 0.001697792869269949
0 0.20641447368421054 0.702037351443124 0.011513157894736841 0.001697792869269949
0 0.17845394736842105 0.7028862478777589 0.004934210526315789 0.003395585738539898
0 0.13240131578947367 0.7037351443123939 0.018092105263157895 0.0050933786078098476
0 0.10361842105263158 0.7045840407470289 0.03289473684210526 0.006791171477079796
0 0.29194078947368424 0.7011884550084889 0.008223684210526315 0.003395585738539898
0 0.32401315789473684 0.7011884550084889 0.023026315789473683 0.006791171477079796
0 0.2787828947368421 0.700339558573854 0.008223684210526315 0.0050933786078098476
0 0.4194078947368421 0.6969439728353141 0.003289473684210526 0.001697792869269949
0 0.46381578947368424 0.6952461799660441 0.003289473684210526 0.001697792869269949
0 0.9942434210526315 0.6935483870967742 0.001644736842105263 0.001697792869269949
0 0.0962171052631579 0.6842105263157895 0.014802631578947368 0.003395585738539898
0 0.5904605263157895 0.6816638370118846 0.003289473684210526 0.001697792869269949
0 0.5427631578947368 0.6816638370118846 0.003289473684210526 0.001697792869269949
0 0.109375 0.6833616298811545 0.008223684210526315 0.0050933786078098476
0 0.5764802631578947 0.6714770797962648 0.004934210526315789 0.001697792869269949
0 0.09457236842105263 0.6646859083191851 0.004934210526315789 0.001697792869269949
0 0.5476973684210527 0.6426146010186757 0.009868421052631578 0.001697792869269949
0 0.5098684210526315 0.6426146010186757 0.003289473684210526 0.001697792869269949
0 0.48848684210526316 0.6426146010186757 0.006578947368421052 0.001697792869269949
0 0.5180921052631579 0.6417657045840407 0.006578947368421052 0.003395585738539898
0 0.5657894736842105 0.6409168081494058 0.023026315789473683 0.0050933786078098476
0 0.28618421052631576 0.6222410865874364 0.003289473684210526 0.022071307300509338
0 0.3569078947368421 0.6069609507640068 0.003289473684210526 0.0050933786078098476
0 0.3256578947368421 0.5186757215619694 0.019736842105263157 0.025466893039049237
0 0.2894736842105263 0.532258064516129 0.01644736842105263 0.0730050933786078
0 0.32730263157894735 0.4830220713073005 0.023026315789473683 0.035653650254668934
0 0.3412828947368421 0.4541595925297114 0.001644736842105263 0.001697792869269949
0 0.29851973684210525 0.4601018675721562 0.027960526315789474 0.013582342954159592
0 0.26973684210526316 0.44991511035653653 0.006578947368421052 0.003395585738539898
0 0.13898026315789475 0.5237691001697793 0.23190789473684212 0.2563667232597623
0 0.35855263157894735 0.3174872665534805 0.013157894736842105 0.003395585738539898
0 0.33223684210526316 0.3174872665534805 0.009868421052631578 0.003395585738539898
0 0.31332236842105265 0.3166383701188455 0.001644736842105263 0.001697792869269949
0 0.054276315789473686 0.31154499151103565 0.003289473684210526 0.001697792869269949
0 0.20148026315789475 0.3098471986417657 0.02138157894736842 0.001697792869269949
0 0.16776315789473684 0.3098471986417657 0.003289473684210526 0.001697792869269949
0 0.05674342105263158 0.2928692699490662 0.001644736842105263 0.001697792869269949
0 0.05016447368421053 0.267402376910017 0.008223684210526315 0.0050933786078098476
0 0.5082236842105263 0.5025466893039049 0.9835526315789473 0.9168081494057725
0 0.48601973684210525 0.039898132427843805 0.06085526315789474 0.001697792869269949
0 0.6134868421052632 0.02037351443123939 0.006578947368421052 0.006791171477079796
0 0.5962171052631579 0.01867572156196944 0.004934210526315789 0.006791171477079796
0 0.6677631578947368 0.02037351443123939 0.006578947368421052 0.04074702886247878
0 0.5501644736842105 0.02037351443123939 0.03125 0.04074702886247878
0 0.5115131578947368 0.011884550084889643 0.009868421052631578 0.023769100169779286
0 0.46957236842105265 0.012733446519524618 0.008223684210526315 0.025466893039049237
0 0.4449013157894737 0.011884550084889643 0.004934210526315789 0.023769100169779286
