0 0.7456896551724138 0.8234375 0.0028735632183908046 0.003125
0 0.7198275862068966 0.8265625 0.02586206896551724 0.009375
0 0.0028735632183908046 0.0890625 0.005747126436781609 0.021875
0 0.5 0.5 1.0 0.85625
0 0.6436781609195402 0.05 0.04597701149425287 0.01875
0 0.6882183908045977 0.04375 0.031609195402298854 0.03125
0 0.6982758620689655 0.03125 0.011494252873563218 0.0125
0 0.6264367816091954 0.0125 0.011494252873563218 0.01875
0 0.5129310344827587 0.0203125 0.014367816091954023 0.040625
0 0.46120689655172414 0.0203125 0.05459770114942529 0.040625
0 0.39798850574712646 0.0203125 0.04310344827586207 0.040625
