0 0.5256147540983607 0.9948275862068966 0.010245901639344262 0.010344827586206896
0 0.48668032786885246 0.9948275862068966 0.030737704918032786 0.010344827586206896
0 0.4385245901639344 0.9948275862068966 0.02459016393442623 0.010344827586206896
0 0.6598360655737705 0.993103448275862 0.00819672131147541 0.013793103448275862
0 0.6075819672131147 0.9896551724137931 0.010245901639344262 0.020689655172413793
0 0.6270491803278688 0.9793103448275862 0.00819672131147541 0.006896551724137931
0 0.48770491803278687 0.9724137931034482 0.21311475409836064 0.05517241379310345
0 0.6977459016393442 0.9689655172413794 0.0389344262295082 0.06206896551724138
0 0.0030737704918032786 0.7637931034482759 0.006147540983606557 0.22413793103448276
0 0.0010245901639344263 0.6362068965517241 0.0020491803278688526 0.010344827586206896
0 0.0020491803278688526 0.5775862068965517 0.004098360655737705 0.05172413793103448
0 0.0020491803278688526 0.23448275862068965 0.004098360655737705 0.013793103448275862
0 0.0030737704918032786 0.11551724137931034 0.006147540983606557 0.1413793103448276
0 0.5061475409836066 0.4793103448275862 0.9877049180327869 0.8758620689655172
0 0.639344262295082 0.034482758620689655 0.020491803278688523 0.027586206896551724
0 0.6485655737704918 0.0034482758620689655 0.006147540983606557 0.006896551724137931
0 0.6270491803278688 0.013793103448275862 0.01639344262295082 0.027586206896551724
0 0.5993852459016393 0.02586206896551724 0.02663934426229508 0.05172413793103448
0 0.507172131147541 0.020689655172413793 0.022540983606557378 0.041379310344827586
0 0.4661885245901639 0.020689655172413793 0.0430327868852459 0.041379310344827586
0 0.42110655737704916 0.01896551724137931 0.030737704918032786 0.03793103448275862
