0 0.5670241286863271 0.984251968503937 0.05630026809651475 0.031496062992125984
0 0.5080428954423593 0.984251968503937 0.029490616621983913 0.031496062992125984
0 0.6166219839142091 0.9822834645669292 0.02680965147453083 0.03543307086614173
0 0.774798927613941 0.9763779527559056 0.04825737265415549 0.047244094488188976
0 0.7546916890080428 0.9566929133858267 0.00804289544235925 0.007874015748031496
0 0.7238605898123325 0.9763779527559056 0.0160857908847185 0.047244094488188976
0 0.04825737265415549 0.6515748031496063 0.09651474530831099 0.468503937007874
0 0.028150134048257374 0.3956692913385827 0.05630026809651475 0.027559055118110236
0 0.024128686327077747 0.35826771653543305 0.04825737265415549 0.031496062992125984
0 0.024128686327077747 0.2992125984251969 0.04825737265415549 0.07874015748031496
0 0.05093833780160858 0.19881889763779528 0.005361930294906166 0.011811023622047244
0 0.01876675603217158 0.17913385826771652 0.03753351206434316 0.1377952755905512
0 0.561662198391421 0.484251968503937 0.8766756032171582 0.8346456692913385
0 0.7319034852546917 0.021653543307086614 0.005361930294906166 0.003937007874015748
0 0.710455764075067 0.027559055118110236 0.08042895442359249 0.05511811023622047
0 0.5656836461126006 0.023622047244094488 0.0160857908847185 0.047244094488188976
0 0.5241286863270778 0.027559055118110236 0.01876675603217158 0.05511811023622047
0 0.4691689008042895 0.027559055118110236 0.058981233243967826 0.05511811023622047
