0 0.7718832891246684 0.9785992217898832 0.010610079575596816 0.011673151750972763
0 0.7493368700265252 0.9785992217898832 0.013262599469496022 0.011673151750972763
0 0.7201591511936339 0.9747081712062257 0.013262599469496022 0.019455252918287938
0 0.5079575596816976 0.9474708171206225 0.03978779840848806 0.07392996108949416
0 0.6153846153846154 0.943579766536965 0.026525198938992044 0.07392996108949416
0 0.5663129973474801 0.9455252918287937 0.050397877984084884 0.07782101167315175
0 0.7188328912466844 0.9260700389105059 0.015915119363395226 0.07003891050583658
0 0.7599469496021221 0.9241245136186771 0.0610079575596817 0.07392996108949416
0 0.746684350132626 0.8929961089494164 0.007957559681697613 0.011673151750972763
0 0.76657824933687 0.5330739299610895 0.010610079575596816 0.007782101167315175
0 0.9986737400530504 0.5155642023346303 0.002652519893899204 0.0038910505836575876
0 0.050397877984084884 0.6459143968871596 0.10079575596816977 0.42023346303501946
0 0.04774535809018567 0.4143968871595331 0.06896551724137931 0.027237354085603113
0 0.04774535809018567 0.3754863813229572 0.06896551724137931 0.027237354085603113
0 0.8289124668435013 0.3424124513618677 0.002652519893899204 0.007782101167315175
0 0.04509283819628647 0.3404669260700389 0.06896551724137931 0.027237354085603113
0 0.7639257294429708 0.32490272373540857 0.010610079575596816 0.011673151750972763
0 0.8289124668435013 0.31906614785992216 0.007957559681697613 0.01556420233463035
0 0.9098143236074271 0.32879377431906615 0.14854111405835543 0.06614785992217899
0 0.04376657824933687 0.29961089494163423 0.07161803713527852 0.038910505836575876
0 0.9681697612732095 0.27431906614785995 0.021220159151193633 0.011673151750972763
0 0.038461538461538464 0.25680933852140075 0.07692307692307693 0.038910505836575876
0 0.9761273209549072 0.23346303501945526 0.005305039787798408 0.007782101167315175
0 0.73342175066313 0.23151750972762647 0.01856763925729443 0.011673151750972763
0 0.6923076923076923 0.23346303501945526 0.026525198938992044 0.01556420233463035
0 0.6949602122015915 0.20622568093385213 0.005305039787798408 0.007782101167315175
0 0.7625994694960212 0.20428015564202334 0.007957559681697613 0.011673151750972763
0 0.9986737400530504 0.13424124513618677 0.002652519893899204 0.0038910505836575876
0 0.038461538461538464 0.1575875486381323 0.07692307692307693 0.1517509727626459
0 0.5676392572944297 0.4474708171206226 0.8647214854111406 0.8326848249027238
0 0.7241379310344828 0.011673151750972763 0.05305039787798409 0.023346303501945526
0 0.6816976127320955 0.011673151750972763 0.015915119363395226 0.023346303501945526
0 0.5716180371352785 0.009727626459143969 0.013262599469496022 0.019455252918287938
0 0.5291777188328912 0.013618677042801557 0.01856763925729443 0.027237354085603113
0 0.473474801061008 0.01556420233463035 0.0610079575596817 0.0311284046692607
