0 0.5481283422459893 0.912109375 0.0053475935828877 0.00390625
0 0.3917112299465241 0.90625 0.008021390374331552 0.0078125
0 0.3462566844919786 0.865234375 0.008021390374331552 0.00390625
0 0.3141711229946524 0.865234375 0.013368983957219251 0.00390625
0 0.1858288770053476 0.8671875 0.008021390374331552 0.0078125
0 0.3663101604278075 0.84375 0.0053475935828877 0.0078125
0 0.5 0.51171875 1.0 0.84375
0 0.6898395721925134 0.064453125 0.0427807486631016 0.04296875
0 0.5374331550802139 0.041015625 0.026737967914438502 0.06640625
0 0.49064171122994654 0.04296875 0.01871657754010695 0.078125
0 0.6470588235294118 0.041015625 0.016042780748663103 0.08203125
0 0.43716577540106955 0.0390625 0.05614973262032086 0.078125
