0 0.3673805601317957 0.9974489795918368 0.0032948929159802307 0.00510204081632653
0 0.43492586490939045 0.9948979591836735 0.006589785831960461 0.01020408163265306
0 0.3056013179571664 0.875 0.004942339373970346 0.008503401360544218
0 0.2981878088962109 0.8758503401360545 0.0032948929159802307 0.01020408163265306
0 0.27182866556836904 0.8375850340136054 0.006589785831960461 0.00510204081632653
0 0.08978583196046129 0.8358843537414966 0.0016474464579901153 0.0017006802721088435
0 0.3525535420098847 0.8316326530612245 0.032948929159802305 0.003401360544217687
0 0.26112026359143325 0.8333333333333334 0.02800658978583196 0.01020408163265306
0 0.34514003294892914 0.8214285714285714 0.014827018121911038 0.003401360544217687
0 0.35337726523887975 0.810374149659864 0.03130148270181219 0.00510204081632653
0 0.2602965403624382 0.8069727891156463 0.032948929159802305 0.008503401360544218
0 0.01070840197693575 0.8010204081632653 0.011532125205930808 0.006802721088435374
0 0.48929159802306427 0.8664965986394558 0.9785831960461285 0.15136054421768708
0 0.5914332784184514 0.7780612244897959 0.3261943986820428 0.01870748299319728
0 0.9176276771004942 0.6904761904761905 0.036243822075782535 0.006802721088435374
0 0.25205930807248766 0.3784013605442177 0.0032948929159802307 0.0017006802721088435
0 0.16227347611202636 0.3792517006802721 0.004942339373970346 0.003401360544217687
0 0.22240527182866557 0.3784013605442177 0.006589785831960461 0.00510204081632653
0 0.20345963756177923 0.3792517006802721 0.014827018121911038 0.006802721088435374
0 0.18616144975288304 0.3784013605442177 0.006589785831960461 0.00510204081632653
0 0.17462932454695224 0.3784013605442177 0.006589785831960461 0.00510204081632653
0 0.15074135090609556 0.3784013605442177 0.004942339373970346 0.00510204081632653
0 0.13673805601317957 0.37755102040816324 0.0032948929159802307 0.003401360544217687
0 0.9036243822075782 0.37329931972789115 0.0016474464579901153 0.0017006802721088435
0 0.1812191103789127 0.3622448979591837 0.009884678747940691 0.003401360544217687
0 0.26935749588138386 0.36139455782312924 0.008237232289950576 0.00510204081632653
0 0.25205930807248766 0.36139455782312924 0.016474464579901153 0.00510204081632653
0 0.2273476112026359 0.3622448979591837 0.019769357495881382 0.006802721088435374
0 0.2042833607907743 0.3622448979591837 0.016474464579901153 0.006802721088435374
0 0.12767710049423395 0.3596938775510204 0.018121911037891267 0.0017006802721088435
0 0.48929159802306427 0.36139455782312924 0.19110378912685339 0.008503401360544218
0 0.36820428336079075 0.36139455782312924 0.04118616144975288 0.008503401360544218
0 0.30230642504118616 0.36139455782312924 0.047775947281713346 0.008503401360544218
0 0.01729818780889621 0.36139455782312924 0.014827018121911038 0.015306122448979591
0 0.019769357495881382 0.3486394557823129 0.006589785831960461 0.003401360544217687
0 0.8887973640856672 0.3469387755102041 0.004942339373970346 0.003401360544217687
0 0.39621087314662273 0.34523809523809523 0.011532125205930808 0.006802721088435374
0 0.37644151565074135 0.34438775510204084 0.011532125205930808 0.00510204081632653
0 0.35337726523887975 0.34438775510204084 0.011532125205930808 0.00510204081632653
0 0.43986820428336076 0.34438775510204084 0.013179571663920923 0.008503401360544218
0 0.4159802306425041 0.3435374149659864 0.018121911037891267 0.006802721088435374
0 0.019769357495881382 0.34098639455782315 0.0032948929159802307 0.0017006802721088435
0 0.471993410214168 0.3435374149659864 0.04118616144975288 0.01020408163265306
0 0.019769357495881382 0.3307823129251701 0.0032948929159802307 0.0017006802721088435
0 0.016474464579901153 0.3231292517006803 0.013179571663920923 0.006802721088435374
0 0.016474464579901153 0.304421768707483 0.016474464579901153 0.01020408163265306
0 0.016474464579901153 0.2942176870748299 0.0032948929159802307 0.003401360544217687
0 0.015650741350906095 0.2848639455782313 0.014827018121911038 0.008503401360544218
0 0.9093904448105437 0.2780612244897959 0.0032948929159802307 0.0017006802721088435
0 0.28747940691927515 0.2389455782312925 0.0016474464579901153 0.0017006802721088435
0 0.39373970345963755 0.233843537414966 0.0032948929159802307 0.0017006802721088435
0 0.4695222405271829 0.22789115646258504 0.0032948929159802307 0.003401360544217687
0 0.5354200988467874 0.1326530612244898 0.0032948929159802307 0.006802721088435374
0 0.2800658978583196 0.11649659863945579 0.500823723228995 0.0663265306122449
0 0.018945634266886325 0.1598639455782313 0.03789126853377265 0.22108843537414966
0 0.4901153212520593 0.407312925170068 0.9802306425041186 0.7261904761904762
0 0.4126853377265239 0.0017006802721088435 0.0016474464579901153 0.003401360544217687
