0 0.4969758064516129 0.9948979591836735 0.006048387096774193 0.01020408163265306
0 0.48185483870967744 0.9880952380952381 0.004032258064516129 0.003401360544217687
0 0.45564516129032256 0.9897959183673469 0.03225806451612903 0.02040816326530612
0 0.3639112903225806 0.9897959183673469 0.02217741935483871 0.02040816326530612
0 0.3245967741935484 0.9880952380952381 0.04032258064516129 0.023809523809523808
0 0.27923387096774194 0.9880952380952381 0.02217741935483871 0.023809523809523808
0 0.5342741935483871 0.9778911564625851 0.04435483870967742 0.04421768707482993
0 0.3286290322580645 0.967687074829932 0.2056451612903226 0.06462585034013606
0 0.005040322580645161 0.3112244897959184 0.0020161290322580645 0.003401360544217687
0 0.009072580645161291 0.27721088435374147 0.010080645161290322 0.01020408163265306
0 0.0020161290322580645 0.24489795918367346 0.004032258064516129 0.006802721088435374
0 0.008064516129032258 0.21598639455782312 0.016129032258064516 0.023809523809523808
0 0.5 0.4897959183673469 1.0 0.8707482993197279
0 0.5110887096774194 0.04251700680272109 0.0020161290322580645 0.003401360544217687
0 0.48286290322580644 0.023809523809523808 0.05846774193548387 0.047619047619047616
0 0.4576612903225806 0.011904761904761904 0.012096774193548387 0.023809523809523808
0 0.37701612903225806 0.017006802721088437 0.012096774193548387 0.034013605442176874
0 0.3387096774193548 0.017006802721088437 0.04032258064516129 0.034013605442176874
0 0.29939516129032256 0.015306122448979591 0.010080645161290322 0.030612244897959183
