0 0.5283018867924528 0.9895833333333334 0.017152658662092625 0.020833333333333332
0 0.5557461406518011 0.9791666666666666 0.017152658662092625 0.032407407407407406
0 0.5240137221269296 0.9675925925925926 0.005145797598627788 0.013888888888888888
0 0.5403087478559176 0.9594907407407407 0.00686106346483705 0.006944444444444444
0 0.45454545454545453 0.9780092592592593 0.017152658662092625 0.04398148148148148
0 0.41938250428816465 0.9756944444444444 0.032590051457975985 0.04861111111111111
0 0.3833619210977702 0.9756944444444444 0.015437392795883362 0.04861111111111111
0 0.8910806174957119 0.7893518518518519 0.012006861063464836 0.009259259259259259
0 0.8910806174957119 0.7789351851851852 0.015437392795883362 0.006944444444444444
0 0.8876500857632933 0.7650462962962963 0.008576329331046312 0.006944444444444444
0 0.015437392795883362 0.7060185185185185 0.030874785591766724 0.09259259259259259
0 0.011149228130360206 0.6504629629629629 0.012006861063464836 0.004629629629629629
0 0.009433962264150943 0.6377314814814815 0.018867924528301886 0.006944444444444444
0 0.9742710120068611 0.3761574074074074 0.010291595197255575 0.006944444444444444
0 0.17753001715265868 0.09375 0.008576329331046312 0.006944444444444444
0 0.15437392795883362 0.10069444444444445 0.0137221269296741 0.020833333333333332
0 0.6886792452830188 0.08217592592592593 0.0017152658662092624 0.0023148148148148147
0 0.6312178387650086 0.08333333333333333 0.003430531732418525 0.004629629629629629
0 0.5171526586620926 0.08564814814814815 0.005145797598627788 0.009259259259259259
0 0.6629502572898799 0.08101851851851852 0.008576329331046312 0.023148148148148147
0 0.6157804459691252 0.06365740740740741 0.003430531732418525 0.006944444444444444
0 0.5900514579759862 0.06365740740740741 0.003430531732418525 0.006944444444444444
0 0.532590051457976 0.06597222222222222 0.005145797598627788 0.011574074074074073
0 0.5180102915951973 0.06365740740740741 0.003430531732418525 0.006944444444444444
0 0.5754716981132075 0.06365740740740741 0.005145797598627788 0.011574074074074073
0 0.5617495711835334 0.06597222222222222 0.005145797598627788 0.016203703703703703
0 0.5480274442538593 0.06597222222222222 0.005145797598627788 0.016203703703703703
0 0.395368782161235 0.05439814814814815 0.022298456260720412 0.006944444444444444
0 0.048027444253859346 0.047453703703703706 0.0137221269296741 0.006944444444444444
0 0.13036020583190394 0.04282407407407408 0.024013722126929673 0.02546296296296296
0 0.4974271012006861 0.4618055555555556 0.9948542024013722 0.8912037037037037
0 0.5017152658662093 0.017361111111111112 0.012006861063464836 0.011574074074074073
0 0.5205831903945112 0.004629629629629629 0.008576329331046312 0.009259259259259259
0 0.48713550600343053 0.0023148148148148147 0.003430531732418525 0.004629629629629629
0 0.41680960548885077 0.006944444444444444 0.00686106346483705 0.013888888888888888
0 0.38250428816466553 0.008101851851851851 0.030874785591766724 0.016203703703703703
0 0.3490566037735849 0.006944444444444444 0.008576329331046312 0.013888888888888888
