0 0.02807486631016043 0.996078431372549 0.008021390374331552 0.00784313725490196
0 0.0053475935828877 0.996078431372549 0.0106951871657754 0.00784313725490196
0 0.3850267379679144 0.9882352941176471 0.0374331550802139 0.023529411764705882
0 0.49732620320855614 0.9686274509803922 0.026737967914438502 0.06274509803921569
0 0.44786096256684493 0.9647058823529412 0.02406417112299465 0.07058823529411765
0 0.339572192513369 0.9588235294117647 0.03208556149732621 0.08235294117647059
0 0.29010695187165775 0.9450980392156862 0.06149732620320856 0.08627450980392157
0 0.22727272727272727 0.9392156862745098 0.03208556149732621 0.08235294117647059
0 0.19518716577540107 0.9313725490196079 0.08021390374331551 0.13725490196078433
0 0.004010695187165776 0.7274509803921568 0.008021390374331552 0.00392156862745098
0 0.001336898395721925 0.08627450980392157 0.00267379679144385 0.0392156862745098
0 0.6029411764705882 0.01764705882352941 0.05614973262032086 0.03529411764705882
0 0.5481283422459893 0.0058823529411764705 0.03208556149732621 0.011764705882352941
0 0.4344919786096257 0.0058823529411764705 0.06149732620320856 0.011764705882352941
0 0.5 0.44901960784313727 1.0 0.8980392156862745
