0 0.5146520146520146 0.9892307692307692 0.01098901098901099 0.021538461538461538
0 0.4880952380952381 0.9892307692307692 0.023809523809523808 0.021538461538461538
0 0.565018315018315 0.9876923076923076 0.016483516483516484 0.024615384615384615
0 0.5421245421245421 0.9876923076923076 0.01098901098901099 0.024615384615384615
0 0.6813186813186813 0.9846153846153847 0.01098901098901099 0.024615384615384615
0 0.6437728937728938 0.9846153846153847 0.009157509157509158 0.03076923076923077
0 0.6611721611721612 0.9692307692307692 0.01098901098901099 0.012307692307692308
0 0.03205128205128205 0.78 0.0641025641025641 0.20615384615384616
0 0.0173992673992674 0.6569230769230769 0.0347985347985348 0.033846153846153845
0 0.9798534798534798 0.5692307692307692 0.007326007326007326 0.006153846153846154
0 0.03296703296703297 0.5246153846153846 0.06593406593406594 0.2246153846153846
0 0.0027472527472527475 0.40615384615384614 0.005494505494505495 0.006153846153846154
0 0.05311355311355311 0.13538461538461538 0.014652014652014652 0.012307692307692308
0 0.02197802197802198 0.1276923076923077 0.014652014652014652 0.027692307692307693
0 0.05036630036630037 0.11538461538461539 0.0018315018315018315 0.009230769230769232
0 0.005494505494505495 0.12461538461538461 0.01098901098901099 0.04
0 0.5384615384615384 0.4907692307692308 0.9230769230769231 0.8338461538461538
0 0.6391941391941391 0.05076923076923077 0.01098901098901099 0.009230769230769232
0 0.6236263736263736 0.047692307692307694 0.009157509157509158 0.015384615384615385
0 0.6437728937728938 0.033846153846153845 0.009157509157509158 0.012307692307692308
0 0.6346153846153846 0.016923076923076923 0.0018315018315018315 0.003076923076923077
0 0.663003663003663 0.02923076923076923 0.02564102564102564 0.052307692307692305
0 0.6208791208791209 0.012307692307692308 0.003663003663003663 0.018461538461538463
0 0.5457875457875457 0.021538461538461538 0.01098901098901099 0.043076923076923075
0 0.5155677655677655 0.023076923076923078 0.01282051282051282 0.046153846153846156
0 0.47619047619047616 0.023076923076923078 0.040293040293040296 0.046153846153846156
