0 0.5890756302521009 0.9954648526077098 0.008403361344537815 0.009070294784580499
0 0.5966386554621849 0.9875283446712018 0.0067226890756302525 0.011337868480725623
0 0.5605042016806723 0.9829931972789115 0.0016806722689075631 0.006802721088435374
0 0.49327731092436977 0.9886621315192744 0.015126050420168067 0.022675736961451247
0 0.5773109243697478 0.9761904761904762 0.0016806722689075631 0.0022675736961451248
0 0.4579831932773109 0.9875283446712018 0.031932773109243695 0.024943310657596373
0 0.42100840336134454 0.9875283446712018 0.015126050420168067 0.024943310657596373
0 0.8798319327731092 0.8219954648526077 0.02857142857142857 0.04308390022675737
0 0.012605042016806723 0.7448979591836735 0.008403361344537815 0.006802721088435374
0 0.009243697478991597 0.7346938775510204 0.018487394957983194 0.009070294784580499
0 0.8495798319327731 0.7607709750566893 0.021848739495798318 0.07936507936507936
0 0.010924369747899159 0.7222222222222222 0.011764705882352941 0.0022675736961451248
0 0.8495798319327731 0.7108843537414966 0.011764705882352941 0.006802721088435374
0 0.009243697478991597 0.7040816326530612 0.018487394957983194 0.02040816326530612
0 0.010084033613445379 0.6870748299319728 0.013445378151260505 0.009070294784580499
0 0.009243697478991597 0.6609977324263039 0.005042016806722689 0.0022675736961451248
0 0.02857142857142857 0.6587301587301587 0.0033613445378151263 0.0022675736961451248
0 0.8495798319327731 0.6643990929705216 0.018487394957983194 0.036281179138321996
0 0.8504201680672269 0.6065759637188208 0.020168067226890758 0.061224489795918366
0 0.9974789915966387 0.3866213151927438 0.005042016806722689 0.011337868480725623
0 0.9890756302521009 0.36507936507936506 0.021848739495798318 0.013605442176870748
0 0.9058823529411765 0.34807256235827666 0.0033613445378151263 0.0022675736961451248
0 0.8983193277310925 0.3276643990929705 0.025210084033613446 0.015873015873015872
0 0.8857142857142857 0.30272108843537415 0.07394957983193277 0.015873015873015872
0 0.938655462184874 0.3344671201814059 0.08571428571428572 0.08843537414965986
0 0.9588235294117647 0.2925170068027211 0.005042016806722689 0.0045351473922902496
0 0.8773109243697479 0.20634920634920634 0.02689075630252101 0.022675736961451247
0 0.004201680672268907 0.19501133786848074 0.008403361344537815 0.022675736961451247
0 0.3058823529411765 0.1598639455782313 0.0067226890756302525 0.006802721088435374
0 0.3840336134453782 0.1349206349206349 0.011764705882352941 0.006802721088435374
0 0.4218487394957983 0.12698412698412698 0.043697478991596636 0.013605442176870748
0 0.3411764705882353 0.1145124716553288 0.0067226890756302525 0.011337868480725623
0 0.5 0.4886621315192744 1.0 0.8639455782312925
0 0.5378151260504201 0.046485260770975055 0.013445378151260505 0.011337868480725623
0 0.5571428571428572 0.031746031746031744 0.008403361344537815 0.009070294784580499
0 0.5252100840336135 0.023809523809523808 0.008403361344537815 0.015873015873015872
0 0.5588235294117647 0.0022675736961451248 0.005042016806722689 0.0045351473922902496
0 0.45294117647058824 0.021541950113378686 0.015126050420168067 0.04308390022675737
0 0.42016806722689076 0.022675736961451247 0.03361344537815126 0.045351473922902494
0 0.3798319327731092 0.022675736961451247 0.01680672268907563 0.045351473922902494
