0 0.5 0.9107468123861566 1.0 0.1785063752276867
0 0.36813186813186816 0.8142076502732241 0.005494505494505495 0.0036429872495446266
0 0.35027472527472525 0.8142076502732241 0.008241758241758242 0.0036429872495446266
0 0.5013736263736264 0.8114754098360656 0.0027472527472527475 0.0018214936247723133
0 0.570054945054945 0.8096539162112932 0.0027472527472527475 0.0018214936247723133
0 0.45054945054945056 0.8123861566484517 0.01098901098901099 0.007285974499089253
0 0.3282967032967033 0.8132969034608379 0.013736263736263736 0.009107468123861567
0 0.27884615384615385 0.8132969034608379 0.019230769230769232 0.009107468123861567
0 0.6401098901098901 0.8069216757741348 0.005494505494505495 0.0036429872495446266
0 0.30357142857142855 0.8096539162112932 0.024725274725274724 0.01639344262295082
0 0.4010989010989011 0.8087431693989071 0.03296703296703297 0.018214936247723135
0 0.9395604395604396 0.7932604735883424 0.005494505494505495 0.00546448087431694
0 0.37225274725274726 0.7786885245901639 0.008241758241758242 0.009107468123861567
0 0.9835164835164835 0.7659380692167578 0.03296703296703297 0.052823315118397086
0 0.8489010989010989 0.7204007285974499 0.005494505494505495 0.0018214936247723133
0 0.7197802197802198 0.7231329690346083 0.016483516483516484 0.007285974499089253
0 0.4848901098901099 0.7158469945355191 0.008241758241758242 0.0036429872495446266
0 0.4175824175824176 0.7167577413479053 0.01098901098901099 0.00546448087431694
0 0.37774725274725274 0.7185792349726776 0.03571428571428571 0.009107468123861567
0 0.7046703296703297 0.7140255009107468 0.019230769230769232 0.0036429872495446266
0 0.6717032967032966 0.714936247723133 0.013736263736263736 0.00546448087431694
0 0.5769230769230769 0.714936247723133 0.016483516483516484 0.00546448087431694
0 0.5096153846153846 0.714936247723133 0.019230769230769232 0.00546448087431694
0 0.8406593406593407 0.7103825136612022 0.01098901098901099 0.0036429872495446266
0 0.36813186813186816 0.7103825136612022 0.005494505494505495 0.0036429872495446266
0 0.5151098901098901 0.7085610200364298 0.008241758241758242 0.0036429872495446266
0 0.49038461538461536 0.7076502732240437 0.03571428571428571 0.00546448087431694
0 0.695054945054945 0.7049180327868853 0.005494505494505495 0.0036429872495446266
0 0.8310439560439561 0.7021857923497268 0.013736263736263736 0.00546448087431694
0 0.3475274725274725 0.7003642987249544 0.0027472527472527475 0.0018214936247723133
0 0.49313186813186816 0.6985428051001822 0.008241758241758242 0.0018214936247723133
0 0.4052197802197802 0.6994535519125683 0.008241758241758242 0.0036429872495446266
0 0.364010989010989 0.7003642987249544 0.019230769230769232 0.00546448087431694
0 0.4684065934065934 0.6985428051001822 0.008241758241758242 0.00546448087431694
0 0.6538461538461539 0.6948998178506375 0.005494505494505495 0.0018214936247723133
0 0.6881868131868132 0.6939890710382514 0.008241758241758242 0.0036429872495446266
0 0.8228021978021978 0.6930783242258652 0.008241758241758242 0.00546448087431694
0 0.3118131868131868 0.697632058287796 0.046703296703296704 0.014571948998178506
0 0.9615384615384616 0.6857923497267759 0.01098901098901099 0.012750455373406194
0 0.2651098901098901 0.680327868852459 0.0027472527472527475 0.0018214936247723133
0 0.24862637362637363 0.6812386156648452 0.008241758241758242 0.0036429872495446266
0 0.5370879120879121 0.697632058287796 0.057692307692307696 0.04371584699453552
0 0.8063186813186813 0.6739526411657559 0.008241758241758242 0.0036429872495446266
0 0.2445054945054945 0.6730418943533698 0.005494505494505495 0.0018214936247723133
0 0.30357142857142855 0.6775956284153005 0.024725274725274724 0.014571948998178506
0 0.23901098901098902 0.6621129326047359 0.005494505494505495 0.0018214936247723133
0 0.2032967032967033 0.663023679417122 0.01098901098901099 0.0036429872495446266
0 0.18543956043956045 0.663023679417122 0.008241758241758242 0.0036429872495446266
0 0.28434065934065933 0.6612021857923497 0.008241758241758242 0.0036429872495446266
0 0.49862637362637363 0.6648451730418944 0.03021978021978022 0.014571948998178506
0 0.7870879120879121 0.6539162112932605 0.008241758241758242 0.0036429872495446266
0 0.2802197802197802 0.6539162112932605 0.005494505494505495 0.0036429872495446266
0 0.21428571428571427 0.6539162112932605 0.005494505494505495 0.0036429872495446266
0 0.489010989010989 0.651183970856102 0.005494505494505495 0.0018214936247723133
0 0.7802197802197802 0.6466302367941712 0.005494505494505495 0.0036429872495446266
0 0.2087912087912088 0.644808743169399 0.005494505494505495 0.0036429872495446266
0 0.19230769230769232 0.644808743169399 0.005494505494505495 0.0036429872495446266
0 0.18956043956043955 0.6366120218579235 0.005494505494505495 0.0018214936247723133
0 0.771978021978022 0.6357012750455373 0.01098901098901099 0.0036429872495446266
0 0.4739010989010989 0.6375227686703097 0.019230769230769232 0.01092896174863388
0 0.9464285714285714 0.6520947176684881 0.03021978021978022 0.04371584699453552
0 0.7651098901098901 0.6284153005464481 0.008241758241758242 0.0036429872495446266
0 0.24175824175824176 0.6256830601092896 0.005494505494505495 0.0018214936247723133
0 0.1813186813186813 0.6256830601092896 0.005494505494505495 0.0018214936247723133
0 0.1662087912087912 0.6265938069216758 0.008241758241758242 0.0036429872495446266
0 0.46153846153846156 0.6238615664845173 0.005494505494505495 0.0018214936247723133
0 0.7568681318681318 0.6193078324225865 0.013736263736263736 0.007285974499089253
0 0.929945054945055 0.6165755919854281 0.008241758241758242 0.00546448087431694
0 0.9230769230769231 0.5983606557377049 0.005494505494505495 0.00546448087431694
0 0.9203296703296703 0.5910746812386156 0.005494505494505495 0.00546448087431694
0 0.042582417582417584 0.5036429872495446 0.0027472527472527475 0.0018214936247723133
0 0.9368131868131868 0.505464480874317 0.01098901098901099 0.009107468123861567
0 0.11813186813186813 0.5018214936247724 0.005494505494505495 0.0018214936247723133
0 0.4684065934065934 0.4790528233151184 0.008241758241758242 0.0036429872495446266
0 0.3791208791208791 0.4854280510018215 0.15934065934065933 0.01639344262295082
0 0.5714285714285714 0.470856102003643 0.01098901098901099 0.00546448087431694
0 0.5206043956043956 0.4744990892531876 0.07967032967032966 0.012750455373406194
0 0.12087912087912088 0.4672131147540984 0.03296703296703297 0.009107468123861567
0 0.8131868131868132 0.6111111111111112 0.23076923076923078 0.3114754098360656
0 0.04120879120879121 0.4198542805100182 0.005494505494505495 0.0018214936247723133
0 0.8214285714285714 0.49544626593806923 0.22527472527472528 0.1785063752276867
0 0.08791208791208792 0.4089253187613843 0.01098901098901099 0.009107468123861567
0 0.8997252747252747 0.3998178506375228 0.019230769230769232 0.012750455373406194
0 0.0027472527472527475 0.39617486338797814 0.005494505494505495 0.00546448087431694
0 0.07554945054945054 0.38979963570127507 0.008241758241758242 0.007285974499089253
0 0.03296703296703297 0.4007285974499089 0.027472527472527472 0.03278688524590164
0 0.01510989010989011 0.331511839708561 0.03021978021978022 0.0947176684881603
0 0.4519230769230769 0.273224043715847 0.008241758241758242 0.014571948998178506
0 0.4766483516483517 0.2686703096539162 0.013736263736263736 0.020036429872495445
0 0.5013736263736264 0.26320582877959925 0.019230769230769232 0.023679417122040074
0 0.570054945054945 0.2495446265938069 0.0027472527472527475 0.0036429872495446266
0 0.5206043956043956 0.2586520947176685 0.013736263736263736 0.02185792349726776
0 0.5467032967032966 0.2522768670309654 0.03296703296703297 0.0273224043715847
0 0.5645604395604396 0.23770491803278687 0.0027472527472527475 0.0018214936247723133
0 0.0027472527472527475 0.23861566484517305 0.005494505494505495 0.01092896174863388
0 0.9244505494505495 0.23132969034608378 0.024725274725274724 0.025500910746812388
0 0.9175824175824175 0.2058287795992714 0.016483516483516484 0.007285974499089253
0 0.04945054945054945 0.20218579234972678 0.01098901098901099 0.0036429872495446266
0 0.989010989010989 0.19489981785063754 0.02197802197802198 0.0036429872495446266
0 0.005494505494505495 0.20309653916211293 0.01098901098901099 0.023679417122040074
0 0.9258241758241759 0.18670309653916212 0.02197802197802198 0.00546448087431694
0 0.009615384615384616 0.18579234972677597 0.019230769230769232 0.007285974499089253
0 0.027472527472527472 0.14571948998178508 0.054945054945054944 0.014571948998178506
0 0.042582417582417584 0.13296903460837886 0.008241758241758242 0.0036429872495446266
0 0.059065934065934064 0.12386156648451731 0.008241758241758242 0.0036429872495446266
0 0.004120879120879121 0.12386156648451731 0.008241758241758242 0.0036429872495446266
0 0.03021978021978022 0.12112932604735883 0.027472527472527472 0.012750455373406194
0 0.009615384615384616 0.11020036429872496 0.019230769230769232 0.01639344262295082
0 0.5 0.4207650273224044 1.0 0.8014571948998178
0 0.6538461538461539 0.01366120218579235 0.06043956043956044 0.0273224043715847
0 0.5947802197802198 0.00819672131147541 0.03021978021978022 0.01639344262295082
0 0.5453296703296703 0.009107468123861567 0.04120879120879121 0.018214936247723135
0 0.41895604395604397 0.00546448087431694 0.013736263736263736 0.01092896174863388
0 0.36813186813186816 0.006375227686703097 0.054945054945054944 0.012750455373406194
0 0.30494505494505497 0.006375227686703097 0.04395604395604396 0.012750455373406194
0 0.37225274725274726 0.014571948998178506 0.28846153846153844 0.029143897996357013
