0 0.598613251155624 0.9968203497615262 0.01078582434514638 0.006359300476947536
0 0.4291217257318952 0.9968203497615262 0.007704160246533128 0.006359300476947536
0 0.4984591679506934 0.9952305246422893 0.01386748844375963 0.009538950715421303
0 0.46533127889060094 0.9952305246422893 0.02773497688751926 0.009538950715421303
0 0.5677966101694916 0.9928457869634341 0.007704160246533128 0.014308426073131956
0 0.5824345146379045 0.9841017488076311 0.012326656394453005 0.006359300476947536
0 0.975346687211094 0.7313195548489666 0.0061633281972265025 0.003179650238473768
0 0.9745762711864406 0.7209856915739269 0.004622496147919877 0.001589825119236884
0 0.02773497688751926 0.71939586645469 0.0030816640986132513 0.001589825119236884
0 0.01926040061633282 0.7186009538950715 0.01078582434514638 0.003179650238473768
0 0.010015408320493066 0.7178060413354531 0.004622496147919877 0.001589825119236884
0 0.9738058551617874 0.7106518282988871 0.0061633281972265025 0.003179650238473768
0 0.020030816640986132 0.7034976152623211 0.0030816640986132513 0.001589825119236884
0 0.9953775038520801 0.7011128775834659 0.009244992295839754 0.003179650238473768
0 0.9722650231124808 0.6915739268680445 0.0030816640986132513 0.003179650238473768
0 0.9707241910631741 0.670906200317965 0.0061633281972265025 0.003179650238473768
0 0.04391371340523883 0.6701112877583466 0.007704160246533128 0.0047694753577106515
0 0.0061633281972265025 0.3267090620031797 0.0030816640986132513 0.001589825119236884
0 0.04930662557781202 0.3251192368839428 0.0061633281972265025 0.0047694753577106515
0 0.02773497688751926 0.32591414944356123 0.02157164869029276 0.006359300476947536
0 0.987673343605547 0.31717011128775835 0.015408320493066256 0.0047694753577106515
0 0.02773497688751926 0.3179650238473768 0.01848998459167951 0.006359300476947536
0 0.10400616332819723 0.3052464228934817 0.007704160246533128 0.006359300476947536
0 0.05546995377503852 0.30127186009538953 0.08012326656394453 0.017488076311605722
0 0.9961479198767335 0.21462639109697934 0.007704160246533128 0.003179650238473768
0 0.5 0.48330683624801274 1.0 0.9284578696343402
0 0.5562403697996918 0.00794912559618442 0.015408320493066256 0.006359300476947536
0 0.5431432973805855 0.00397456279809221 0.0015408320493066256 0.001589825119236884
0 0.5808936825885979 0.0047694753577106515 0.012326656394453005 0.009538950715421303
0 0.4745762711864407 0.0023847376788553257 0.0061633281972265025 0.0047694753577106515
0 0.4391371340523883 0.003179650238473768 0.02773497688751926 0.006359300476947536
0 0.4067796610169492 0.00397456279809221 0.0061633281972265025 0.00794912559618442
