0 0.4649350649350649 0.9465648854961832 0.04155844155844156 0.06870229007633588
0 0.5753246753246753 0.9408396946564885 0.023376623376623377 0.0648854961832061
0 0.5103896103896104 0.9446564885496184 0.023376623376623377 0.07251908396946564
0 0.7194805194805195 0.9522900763358778 0.07792207792207792 0.09541984732824428
0 0.5285714285714286 0.9293893129770993 0.2675324675324675 0.14122137404580154
0 0.8194805194805195 0.9274809160305344 0.02857142857142857 0.1450381679389313
0 0.9987012987012988 0.15648854961832062 0.0025974025974025974 0.007633587786259542
0 0.5 0.44083969465648853 1.0 0.7977099236641222
0 0.7922077922077922 0.015267175572519083 0.06233766233766234 0.030534351145038167
0 0.6909090909090909 0.003816793893129771 0.02077922077922078 0.007633587786259542
0 0.5194805194805194 0.01717557251908397 0.2753246753246753 0.03435114503816794
