0 0.4310077519379845 0.9962476547842402 0.16124031007751938 0.0075046904315197
0 0.5992248062015504 0.9953095684803002 0.03255813953488372 0.009380863039399626
0 0.024031007751937984 0.849906191369606 0.010852713178294573 0.01876172607879925
0 0.08759689922480621 0.8339587242026266 0.020155038759689922 0.00375234521575985
0 0.07441860465116279 0.8278611632270169 0.009302325581395349 0.0028142589118198874
0 0.06511627906976744 0.8227016885553471 0.015503875968992248 0.00375234521575985
0 0.26124031007751936 0.8452157598499062 0.351937984496124 0.054409005628517824
0 0.04108527131782946 0.8175422138836773 0.0015503875968992248 0.0009380863039399625
0 0.03565891472868217 0.8170731707317073 0.006201550387596899 0.001876172607879925
0 0.5837209302325581 0.8020637898686679 0.004651162790697674 0.001876172607879925
0 0.4131782945736434 0.8090994371482176 0.04496124031007752 0.01594746716697936
0 0.05193798449612403 0.8090994371482176 0.03875968992248062 0.021575984990619138
0 0.9263565891472868 0.7978424015009381 0.0015503875968992248 0.0009380863039399625
0 0.5736434108527132 0.7969043151969981 0.0031007751937984496 0.0009380863039399625
0 0.5558139534883721 0.7912757973733584 0.007751937984496124 0.0009380863039399625
0 0.9255813953488372 0.7809568480300187 0.009302325581395349 0.0009380863039399625
0 0.5217054263565891 0.7734521575984991 0.004651162790697674 0.0009380863039399625
0 0.9279069767441861 0.7626641651031895 0.013953488372093023 0.001876172607879925
0 0.10077519379844961 0.7429643527204502 0.0031007751937984496 0.00375234521575985
0 0.10542635658914729 0.7354596622889306 0.012403100775193798 0.01125703564727955
0 0.1263565891472868 0.7068480300187617 0.023255813953488372 0.019699812382739212
0 0.12093023255813953 0.6969981238273921 0.0031007751937984496 0.001876172607879925
0 0.1263565891472868 0.6965290806754222 0.004651162790697674 0.0028142589118198874
0 0.19844961240310077 0.6941838649155723 0.0031007751937984496 0.009380863039399626
0 0.12713178294573643 0.6843339587242027 0.018604651162790697 0.010318949343339587
0 0.19844961240310077 0.6702626641651032 0.0031007751937984496 0.0028142589118198874
0 0.09457364341085271 0.6641651031894934 0.031007751937984496 0.0975609756097561
0 0.1062015503875969 0.6050656660412758 0.010852713178294573 0.03377110694183865
0 0.09457364341085271 0.5628517823639775 0.018604651162790697 0.0150093808630394
0 0.11937984496124031 0.525797373358349 0.006201550387596899 0.0028142589118198874
0 0.09689922480620156 0.525797373358349 0.020155038759689922 0.0028142589118198874
0 0.09767441860465116 0.5140712945590994 0.027906976744186046 0.00375234521575985
0 0.11782945736434108 0.5079737335834896 0.009302325581395349 0.0028142589118198874
0 0.002325581395348837 0.50187617260788 0.004651162790697674 0.001876172607879925
0 0.1062015503875969 0.50187617260788 0.05116279069767442 0.0075046904315197
0 0.827906976744186 0.4971857410881801 0.0031007751937984496 0.001876172607879925
0 0.8170542635658915 0.4971857410881801 0.0031007751937984496 0.001876172607879925
0 0.8062015503875969 0.4971857410881801 0.0031007751937984496 0.001876172607879925
0 0.10775193798449613 0.49624765478424016 0.007751937984496124 0.001876172607879925
0 0.08992248062015504 0.49671669793621015 0.015503875968992248 0.0028142589118198874
0 0.0015503875968992248 0.4901500938086304 0.0031007751937984496 0.0009380863039399625
0 0.12558139534883722 0.4901500938086304 0.015503875968992248 0.0028142589118198874
0 0.09612403100775194 0.4906191369606004 0.031007751937984496 0.005628517823639775
0 0.09534883720930233 0.4845215759849906 0.007751937984496124 0.0028142589118198874
0 0.0031007751937984496 0.47795497185741087 0.006201550387596899 0.0028142589118198874
0 0.9511627906976744 0.4727954971857411 0.017054263565891473 0.001876172607879925
0 0.8426356589147287 0.4723264540337711 0.007751937984496124 0.0009380863039399625
0 0.931782945736434 0.275797373358349 0.043410852713178294 0.001876172607879925
0 0.5844961240310077 0.27345215759849906 0.006201550387596899 0.0028142589118198874
0 0.5007751937984496 0.2687617260787992 0.0031007751937984496 0.0009380863039399625
0 0.5844961240310077 0.2687617260787992 0.006201550387596899 0.0028142589118198874
0 0.931782945736434 0.26454033771106944 0.046511627906976744 0.001876172607879925
0 0.44651162790697674 0.26360225140712945 0.0031007751937984496 0.001876172607879925
0 0.43410852713178294 0.26360225140712945 0.006201550387596899 0.001876172607879925
0 0.362015503875969 0.2589118198874296 0.007751937984496124 0.001876172607879925
0 0.3209302325581395 0.2589118198874296 0.006201550387596899 0.001876172607879925
0 0.35891472868217056 0.25375234521575984 0.0015503875968992248 0.0009380863039399625
0 0.28449612403100777 0.25375234521575984 0.0015503875968992248 0.0009380863039399625
0 0.931782945736434 0.2528142589118199 0.012403100775193798 0.0009380863039399625
0 0.39689922480620154 0.2528142589118199 0.0031007751937984496 0.0009380863039399625
0 0.37906976744186044 0.25375234521575984 0.007751937984496124 0.0028142589118198874
0 0.1573643410852713 0.25328330206378985 0.010852713178294573 0.001876172607879925
0 0.22790697674418606 0.24906191369606004 0.0031007751937984496 0.0009380863039399625
0 0.28604651162790695 0.24812382739212008 0.0015503875968992248 0.0009380863039399625
0 0.3201550387596899 0.24765478424015008 0.010852713178294573 0.001876172607879925
0 0.30697674418604654 0.24765478424015008 0.006201550387596899 0.001876172607879925
0 0.5263565891472868 0.24718574108818012 0.020155038759689922 0.0028142589118198874
0 0.49224806201550386 0.24718574108818012 0.017054263565891473 0.0028142589118198874
0 0.3736434108527132 0.24718574108818012 0.08372093023255814 0.0028142589118198874
0 0.2558139534883721 0.2424953095684803 0.0031007751937984496 0.0009380863039399625
0 0.32248062015503876 0.24202626641651032 0.006201550387596899 0.001876172607879925
0 0.27906976744186046 0.24202626641651032 0.031007751937984496 0.001876172607879925
0 0.15193798449612403 0.24155722326454035 0.0031007751937984496 0.0009380863039399625
0 0.9465116279069767 0.2406191369606004 0.004651162790697674 0.0009380863039399625
0 0.44883720930232557 0.2406191369606004 0.004651162790697674 0.0009380863039399625
0 0.13643410852713178 0.24108818011257035 0.006201550387596899 0.001876172607879925
0 0.9333333333333333 0.2401500938086304 0.018604651162790697 0.001876172607879925
0 0.5162790697674419 0.2401500938086304 0.006201550387596899 0.001876172607879925
0 0.11007751937984496 0.23921200750469043 0.040310077519379844 0.00375234521575985
0 0.22325581395348837 0.23874296435272044 0.05891472868217054 0.004690431519699813
0 0.4565891472868217 0.23405253283302063 0.0015503875968992248 0.0009380863039399625
0 0.44728682170542633 0.23405253283302063 0.004651162790697674 0.0009380863039399625
0 0.437984496124031 0.23452157598499063 0.007751937984496124 0.001876172607879925
0 0.42170542635658914 0.23452157598499063 0.015503875968992248 0.001876172607879925
0 0.3992248062015504 0.23405253283302063 0.004651162790697674 0.0009380863039399625
0 0.3891472868217054 0.23405253283302063 0.006201550387596899 0.0009380863039399625
0 0.2713178294573643 0.2303001876172608 0.006201550387596899 0.0009380863039399625
0 0.2937984496124031 0.2298311444652908 0.007751937984496124 0.001876172607879925
0 0.22248062015503875 0.2270168855534709 0.010852713178294573 0.001876172607879925
0 0.07674418604651163 0.2270168855534709 0.06666666666666667 0.00375234521575985
0 0.9364341085271318 0.21622889305816134 0.006201550387596899 0.0009380863039399625
0 0.9263565891472868 0.21622889305816134 0.004651162790697674 0.0009380863039399625
0 0.9178294573643411 0.21622889305816134 0.0031007751937984496 0.0009380863039399625
0 0.09224806201550388 0.21482176360225141 0.020155038759689922 0.001876172607879925
0 0.07364341085271318 0.21435272045028142 0.013953488372093023 0.0028142589118198874
0 0.05116279069767442 0.21341463414634146 0.0031007751937984496 0.0009380863039399625
0 0.07519379844961241 0.2026266416510319 0.06046511627906977 0.00375234521575985
0 0.06976744186046512 0.11303939962476547 0.13953488372093023 0.15853658536585366
0 0.5 0.5042213883677298 1.0 0.9465290806754222
0 0.5201550387596899 0.01876172607879925 0.010852713178294573 0.001876172607879925
0 0.5844961240310077 0.013133208255159476 0.031007751937984496 0.02626641651031895
0 0.4131782945736434 0.013133208255159476 0.16589147286821707 0.02626641651031895
