0 0.49620060790273557 0.9984276729559748 0.013677811550151976 0.0031446540880503146
0 0.5288753799392097 0.9976415094339622 0.0060790273556231 0.0047169811320754715
0 0.5995440729483282 0.9960691823899371 0.007598784194528876 0.007861635220125786
0 0.6132218844984803 0.9913522012578616 0.013677811550151976 0.007861635220125786
0 0.04179331306990881 0.7594339622641509 0.007598784194528876 0.0031446540880503146
0 0.04179331306990881 0.7460691823899371 0.031914893617021274 0.0047169811320754715
0 0.041033434650455926 0.735062893081761 0.030395136778115502 0.007861635220125786
0 0.00911854103343465 0.7232704402515723 0.0060790273556231 0.0031446540880503146
0 0.03951367781155015 0.7232704402515723 0.03343465045592705 0.006289308176100629
0 0.007598784194528876 0.6973270440251572 0.0060790273556231 0.0047169811320754715
0 0.04027355623100304 0.7051886792452831 0.037993920972644375 0.026729559748427674
0 0.009878419452887538 0.6831761006289309 0.004559270516717325 0.0015723270440251573
0 0.03875379939209726 0.6831761006289309 0.041033434650455926 0.0110062893081761
0 0.007598784194528876 0.6533018867924528 0.00303951367781155 0.0015723270440251573
0 0.03875379939209726 0.6588050314465409 0.034954407294832825 0.015723270440251572
0 0.03951367781155015 0.6430817610062893 0.03343465045592705 0.006289308176100629
0 0.0007598784194528875 0.4111635220125786 0.001519756838905775 0.0047169811320754715
0 0.0007598784194528875 0.3970125786163522 0.001519756838905775 0.0015723270440251573
0 0.0022796352583586625 0.37264150943396224 0.004559270516717325 0.018867924528301886
0 0.02811550151975684 0.3309748427672956 0.007598784194528876 0.0047169811320754715
0 0.5 0.4913522012578616 1.0 0.9229559748427673
0 0.6033434650455927 0.0110062893081761 0.02127659574468085 0.0220125786163522
0 0.5759878419452887 0.0110062893081761 0.0243161094224924 0.0220125786163522
0 0.49772036474164133 0.007075471698113208 0.007598784194528876 0.014150943396226415
0 0.4642857142857143 0.007075471698113208 0.031914893617021274 0.014150943396226415
0 0.4308510638297872 0.007861635220125786 0.007598784194528876 0.015723270440251572
