0 0.5926243567753001 0.9901380670611439 0.022298456260720412 0.01972386587771203
0 0.5883361921097771 0.9704142011834319 0.017152658662092625 0.011834319526627219
0 0.42710120068610635 0.9792899408284024 0.03430531732418525 0.04142011834319527
0 0.6029159519725558 0.965483234714004 0.008576329331046312 0.01775147928994083
0 0.47084048027444253 0.9783037475345168 0.022298456260720412 0.04339250493096647
0 0.3876500857632933 0.9783037475345168 0.030874785591766724 0.04339250493096647
0 0.5583190394511149 0.97534516765286 0.029159519725557463 0.04930966469428008
0 0.5771869639794168 0.9546351084812623 0.018867924528301886 0.011834319526627219
0 0.43567753001715265 0.965483234714004 0.2058319039451115 0.06903353057199212
0 0.6295025728987993 0.9625246548323472 0.058319039451114926 0.07495069033530571
0 0.6826758147512865 0.9072978303747534 0.0137221269296741 0.0039447731755424065
0 0.6492281303602059 0.9092702169625246 0.036020583190394515 0.007889546351084813
0 0.6509433962264151 0.8964497041420119 0.029159519725557463 0.005917159763313609
0 0.6818181818181818 0.8954635108481263 0.022298456260720412 0.007889546351084813
0 0.6226415094339622 0.8964497041420119 0.017152658662092625 0.009861932938856016
0 0.6835334476843911 0.883629191321499 0.015437392795883362 0.0039447731755424065
0 0.6483704974271012 0.8708086785009862 0.003430531732418525 0.0019723865877712033
0 0.6826758147512865 0.8708086785009862 0.017152658662092625 0.005917159763313609
0 0.5986277873070326 0.8717948717948718 0.0137221269296741 0.007889546351084813
0 0.5849056603773585 0.8589743589743589 0.003430531732418525 0.0019723865877712033
0 0.7761578044596913 0.8550295857988166 0.005145797598627788 0.0019723865877712033
0 0.6826758147512865 0.8570019723865878 0.017152658662092625 0.005917159763313609
0 0.7427101200686106 0.8560157790927022 0.048027444253859346 0.007889546351084813
0 0.6586620926243568 0.8451676528599605 0.00686106346483705 0.0019723865877712033
0 0.5711835334476844 0.8461538461538461 0.010291595197255575 0.0039447731755424065
0 0.6457975986277873 0.8441814595660749 0.008576329331046312 0.0039447731755424065
0 0.951114922813036 0.8412228796844181 0.0017152658662092624 0.0019723865877712033
0 0.8979416809605489 0.8431952662721893 0.012006861063464836 0.005917159763313609
0 0.6809605488850772 0.8441814595660749 0.02058319039451115 0.007889546351084813
0 0.9253859348198971 0.8412228796844181 0.022298456260720412 0.005917159763313609
0 0.6578044596912521 0.8323471400394478 0.005145797598627788 0.0039447731755424065
0 0.6389365351629502 0.8323471400394478 0.005145797598627788 0.0039447731755424065
0 0.5574614065180102 0.8333333333333334 0.00686106346483705 0.005917159763313609
0 0.7487135506003431 0.8303747534516766 0.060034305317324184 0.0039447731755424065
0 0.9691252144082333 0.8284023668639053 0.00686106346483705 0.0039447731755424065
0 0.9416809605488851 0.8284023668639053 0.0137221269296741 0.0039447731755424065
0 0.9219554030874786 0.8293885601577909 0.015437392795883362 0.005917159763313609
0 0.5454545454545454 0.8214990138067061 0.003430531732418525 0.0019723865877712033
0 0.6809605488850772 0.8274161735700197 0.02058319039451115 0.01775147928994083
0 0.9682675814751286 0.8155818540433925 0.008576329331046312 0.0019723865877712033
0 0.9502572898799314 0.8155818540433925 0.00686106346483705 0.0019723865877712033
0 0.9210977701543739 0.8165680473372781 0.017152658662092625 0.0039447731755424065
0 0.8576329331046312 0.8560157790927022 0.08919382504288165 0.08284023668639054
0 0.8953687821612349 0.8165680473372781 0.017152658662092625 0.007889546351084813
0 0.5334476843910806 0.8096646942800789 0.003430531732418525 0.0019723865877712033
0 0.6543739279588336 0.8076923076923077 0.015437392795883362 0.0019723865877712033
0 0.6792452830188679 0.8086785009861933 0.02058319039451115 0.007889546351084813
0 0.8970840480274442 0.8057199211045365 0.010291595197255575 0.005917159763313609
0 0.967409948542024 0.8027613412228797 0.00686106346483705 0.0039447731755424065
0 0.934819897084048 0.8047337278106509 0.03773584905660377 0.007889546351084813
0 0.8507718696397941 0.8067061143984221 0.07547169811320754 0.011834319526627219
0 0.5540308747855918 0.7978303747534516 0.003430531732418525 0.0019723865877712033
0 0.6783876500857633 0.796844181459566 0.012006861063464836 0.0039447731755424065
0 0.9193825042881647 0.7928994082840237 0.00686106346483705 0.0039447731755424065
0 0.8979416809605489 0.7938856015779092 0.008576329331046312 0.005917159763313609
0 0.8499142367066895 0.7938856015779092 0.06689536878216124 0.005917159763313609
0 0.6586620926243568 0.7840236686390533 0.003430531732418525 0.0019723865877712033
0 0.5137221269296741 0.7850098619329389 0.005145797598627788 0.0039447731755424065
0 0.6792452830188679 0.7850098619329389 0.02058319039451115 0.007889546351084813
0 0.5514579759862779 0.7840236686390533 0.008576329331046312 0.005917159763313609
0 0.9210977701543739 0.782051282051282 0.010291595197255575 0.005917159763313609
0 0.8473413379073756 0.7830374753451677 0.0686106346483705 0.007889546351084813
0 0.7444253859348199 0.7830374753451677 0.07204116638078903 0.011834319526627219
0 0.5497427101200686 0.7731755424063116 0.008576329331046312 0.0039447731755424065
0 0.5283018867924528 0.772189349112426 0.003430531732418525 0.0019723865877712033
0 0.5017152658662093 0.7731755424063116 0.008576329331046312 0.0039447731755424065
0 0.6792452830188679 0.7712031558185405 0.0137221269296741 0.0039447731755424065
0 0.9142367066895368 0.7692307692307693 0.003430531732418525 0.0039447731755424065
0 0.8490566037735849 0.7702169625246549 0.0686106346483705 0.009861932938856016
0 0.8447684391080618 0.757396449704142 0.005145797598627788 0.0039447731755424065
0 0.8301886792452831 0.757396449704142 0.02058319039451115 0.0039447731755424065
0 0.8241852487135506 0.7455621301775148 0.005145797598627788 0.0039447731755424065
0 0.8490566037735849 0.7455621301775148 0.0411663807890223 0.007889546351084813
0 0.8130360205831904 0.7327416173570019 0.003430531732418525 0.0019723865877712033
0 0.8027444253859348 0.7327416173570019 0.003430531732418525 0.0019723865877712033
0 0.7933104631217839 0.7327416173570019 0.005145797598627788 0.0019723865877712033
0 0.7813036020583191 0.7327416173570019 0.0017152658662092624 0.0019723865877712033
0 0.7692967409948542 0.7327416173570019 0.005145797598627788 0.0019723865877712033
0 0.8627787307032591 0.7317554240631163 0.00686106346483705 0.0039447731755424065
0 0.8387650085763293 0.7327416173570019 0.030874785591766724 0.005917159763313609
0 0.7461406518010292 0.7317554240631163 0.00686106346483705 0.0039447731755424065
0 0.7324185248713551 0.7209072978303748 0.003430531732418525 0.0019723865877712033
0 0.7109777015437393 0.7209072978303748 0.0017152658662092624 0.0019723865877712033
0 0.7221269296740995 0.7199211045364892 0.003430531732418525 0.0039447731755424065
0 0.7006861063464837 0.7199211045364892 0.005145797598627788 0.0039447731755424065
0 0.6895368782161235 0.7199211045364892 0.003430531732418525 0.0039447731755424065
0 0.6740994854202401 0.7209072978303748 0.0137221269296741 0.005917159763313609
0 0.5437392795883362 0.6942800788954635 0.017152658662092625 0.03155818540433925
0 0.036020583190394515 0.6370808678500987 0.003430531732418525 0.0039447731755424065
0 0.07461406518010291 0.5798816568047337 0.0017152658662092624 0.0039447731755424065
0 0.06689536878216124 0.5522682445759369 0.003430531732418525 0.007889546351084813
0 0.09862778730703259 0.5236686390532544 0.0017152658662092624 0.0019723865877712033
0 0.10891938250428816 0.5216962524654832 0.015437392795883362 0.045364891518737675
0 0.1097770154373928 0.48520710059171596 0.0274442538593482 0.03155818540433925
0 0.048027444253859346 0.5650887573964497 0.09605488850771869 0.1952662721893491
0 0.002572898799313894 0.45759368836291914 0.005145797598627788 0.0039447731755424065
0 0.7392795883361921 0.5838264299802761 0.5145797598627787 0.2682445759368836
0 0.060034305317324184 0.4368836291913215 0.00686106346483705 0.0019723865877712033
0 0.12435677530017153 0.4349112426035503 0.0017152658662092624 0.0019723865877712033
0 0.0274442538593482 0.4368836291913215 0.0548885077186964 0.005917159763313609
0 0.8970840480274442 0.4368836291913215 0.058319039451114926 0.013806706114398421
0 0.7993138936535163 0.4368836291913215 0.1269296740994854 0.013806706114398421
0 0.6389365351629502 0.4349112426035503 0.025728987993138937 0.009861932938856016
0 0.6192109777015438 0.4329388560157791 0.00686106346483705 0.005917159763313609
0 0.6938250428816467 0.4349112426035503 0.08061749571183534 0.013806706114398421
0 0.5574614065180102 0.4339250493096647 0.06518010291595197 0.011834319526627219
0 0.9065180102915952 0.4250493096646943 0.0017152658662092624 0.0019723865877712033
0 0.6595197255574614 0.41124260355029585 0.0017152658662092624 0.0019723865877712033
0 0.18010291595197256 0.41124260355029585 0.003430531732418525 0.0019723865877712033
0 0.1646655231560892 0.41222879684418146 0.00686106346483705 0.0039447731755424065
0 0.7401372212692967 0.41124260355029585 0.005145797598627788 0.005917159763313609
0 0.7084048027444254 0.41025641025641024 0.003430531732418525 0.0039447731755424065
0 0.6981132075471698 0.41025641025641024 0.003430531732418525 0.0039447731755424065
0 0.6680960548885078 0.41124260355029585 0.005145797598627788 0.005917159763313609
0 0.725557461406518 0.41025641025641024 0.017152658662092625 0.007889546351084813
0 0.6878216123499142 0.40927021696252464 0.003430531732418525 0.005917159763313609
0 0.6457975986277873 0.40927021696252464 0.005145797598627788 0.005917159763313609
0 0.5360205831903945 0.41025641025641024 0.005145797598627788 0.007889546351084813
0 0.5231560891938251 0.41025641025641024 0.00686106346483705 0.007889546351084813
0 0.07890222984562607 0.41222879684418146 0.15780445969125215 0.011834319526627219
0 0.9073756432246999 0.41124260355029585 0.06518010291595197 0.013806706114398421
0 0.807032590051458 0.41124260355029585 0.12178387650085763 0.013806706114398421
0 0.5797598627787307 0.40828402366863903 0.00686106346483705 0.007889546351084813
0 0.5617495711835334 0.41025641025641024 0.018867924528301886 0.011834319526627219
0 0.11921097770154374 0.3895463510848126 0.005145797598627788 0.0019723865877712033
0 0.10891938250428816 0.3895463510848126 0.005145797598627788 0.0019723865877712033
0 0.09433962264150944 0.3895463510848126 0.010291595197255575 0.0019723865877712033
0 0.04288164665523156 0.3905325443786982 0.017152658662092625 0.0039447731755424065
0 0.02830188679245283 0.3895463510848126 0.005145797598627788 0.0019723865877712033
0 0.010291595197255575 0.3905325443786982 0.02058319039451115 0.0039447731755424065
0 0.70926243567753 0.388560157790927 0.4614065180102916 0.015779092702169626
0 0.34991423670668953 0.36587771203155817 0.003430531732418525 0.0019723865877712033
0 0.2950257289879931 0.3668639053254438 0.017152658662092625 0.0039447731755424065
0 0.14150943396226415 0.3708086785009862 0.2830188679245283 0.011834319526627219
0 0.9271012006861064 0.36489151873767256 0.015437392795883362 0.0039447731755424065
0 0.888507718696398 0.36587771203155817 0.0548885077186964 0.013806706114398421
0 0.7555746140651801 0.36587771203155817 0.20754716981132076 0.013806706114398421
0 0.5540308747855918 0.36587771203155817 0.18867924528301888 0.013806706114398421
0 0.31217838765008576 0.34418145956607493 0.00686106346483705 0.0019723865877712033
0 0.30017152658662094 0.34418145956607493 0.003430531732418525 0.0019723865877712033
0 0.29073756432247 0.34418145956607493 0.005145797598627788 0.0019723865877712033
0 0.27958833619210977 0.34418145956607493 0.003430531732418525 0.0019723865877712033
0 0.9322469982847341 0.3422090729783038 0.005145797598627788 0.0019723865877712033
0 0.12006861063464837 0.34615384615384615 0.24013722126929674 0.009861932938856016
0 0.8653516295025729 0.34122287968441817 0.0017152658662092624 0.0039447731755424065
0 0.7152658662092625 0.34122287968441817 0.003430531732418525 0.0039447731755424065
0 0.5694682675814752 0.3422090729783038 0.003430531732418525 0.005917159763313609
0 0.7307032590051458 0.3422090729783038 0.017152658662092625 0.009861932938856016
0 0.5094339622641509 0.3431952662721893 0.09948542024013722 0.011834319526627219
0 0.8987993138936535 0.34122287968441817 0.048027444253859346 0.011834319526627219
0 0.8173241852487135 0.34122287968441817 0.07718696397941681 0.011834319526627219
0 0.057461406518010294 0.3234714003944773 0.11492281303602059 0.011834319526627219
0 0.8456260720411664 0.3165680473372781 0.003430531732418525 0.0019723865877712033
0 0.8962264150943396 0.3165680473372781 0.005145797598627788 0.005917159763313609
0 0.8224699828473413 0.3165680473372781 0.015437392795883362 0.005917159763313609
0 0.6192109777015438 0.3175542406311637 0.010291595197255575 0.007889546351084813
0 0.7315608919382505 0.3175542406311637 0.15608919382504288 0.011834319526627219
0 0.5377358490566038 0.3185404339250493 0.1457975986277873 0.013806706114398421
0 0.8644939965694682 0.29289940828402367 0.00686106346483705 0.005917159763313609
0 0.8893653516295026 0.2938856015779093 0.036020583190394515 0.011834319526627219
0 0.7512864493996569 0.2938856015779093 0.20240137221269297 0.015779092702169626
0 0.483704974271012 0.16370808678500987 0.967409948542024 0.28007889546351084
