0 0.5085714285714286 0.9980732177263969 0.002857142857142857 0.0038535645472061657
0 0.5385714285714286 0.9884393063583815 0.008571428571428572 0.011560693641618497
0 0.5464285714285714 0.9836223506743738 0.004285714285714286 0.01348747591522158
0 0.44 0.9826589595375722 0.014285714285714285 0.03468208092485549
0 0.40285714285714286 0.9826589595375722 0.022857142857142857 0.03468208092485549
0 0.36714285714285716 0.9826589595375722 0.017142857142857144 0.03468208092485549
0 0.5092857142857142 0.964354527938343 0.004285714285714286 0.005780346820809248
0 0.5264285714285715 0.9576107899807321 0.004285714285714286 0.0038535645472061657
0 0.5971428571428572 0.976878612716763 0.005714285714285714 0.046242774566473986
0 0.3435714285714286 0.9710982658959537 0.027142857142857142 0.057803468208092484
0 0.42857142857142855 0.9701348747591522 0.13428571428571429 0.05973025048169557
0 0.03214285714285714 0.7687861271676301 0.0014285714285714286 0.0038535645472061657
0 0.018571428571428572 0.7466281310211946 0.014285714285714285 0.005780346820809248
0 0.015 0.733140655105973 0.004285714285714286 0.0019267822736030828
0 0.019285714285714285 0.7235067437379576 0.015714285714285715 0.005780346820809248
0 0.02 0.7090558766859345 0.008571428571428572 0.0038535645472061657
0 0.019285714285714285 0.6984585741811176 0.012857142857142857 0.005780346820809248
0 0.017142857142857144 0.6714836223506744 0.014285714285714285 0.005780346820809248
0 0.013571428571428571 0.6608863198458574 0.012857142857142857 0.0038535645472061657
0 0.029285714285714286 0.6579961464354528 0.0014285714285714286 0.0019267822736030828
0 0.03 0.6358381502890174 0.005714285714285714 0.0038535645472061657
0 0.017857142857142856 0.6233140655105973 0.0014285714285714286 0.0019267822736030828
0 0.03 0.6127167630057804 0.005714285714285714 0.0038535645472061657
0 0.014285714285714285 0.6117533718689788 0.002857142857142857 0.0019267822736030828
0 0.9242857142857143 0.5905587668593449 0.005714285714285714 0.005780346820809248
0 0.975 0.3304431599229287 0.004285714285714286 0.0019267822736030828
0 0.49857142857142855 0.48265895953757226 0.9971428571428571 0.861271676300578
0 0.535 0.017341040462427744 0.007142857142857143 0.0038535645472061657
0 0.52 0.015414258188824663 0.008571428571428572 0.007707129094412331
0 0.5542857142857143 0.010597302504816955 0.008571428571428572 0.01348747591522158
0 0.6007142857142858 0.004816955684007707 0.004285714285714286 0.009633911368015413
0 0.495 0.0009633911368015414 0.004285714285714286 0.0019267822736030828
0 0.48142857142857143 0.002890173410404624 0.014285714285714285 0.005780346820809248
0 0.45 0.004816955684007707 0.005714285714285714 0.009633911368015413
0 0.40785714285714286 0.005780346820809248 0.007142857142857143 0.011560693641618497
0 0.38642857142857145 0.00674373795761079 0.007142857142857143 0.01348747591522158
0 0.3514285714285714 0.010597302504816955 0.017142857142857144 0.02119460500963391
