0 0.5612582781456954 0.9980916030534351 0.006622516556291391 0.003816793893129771
0 0.5620860927152318 0.9875954198473282 0.0016556291390728477 0.0019083969465648854
0 0.5935430463576159 0.9866412213740458 0.011589403973509934 0.007633587786259542
0 0.6067880794701986 0.9809160305343512 0.004966887417218543 0.011450381679389313
0 0.5761589403973509 0.9713740458015268 0.0033112582781456954 0.003816793893129771
0 0.5538079470198676 0.9847328244274809 0.008278145695364239 0.030534351145038167
0 0.47516556291390727 0.9847328244274809 0.019867549668874173 0.030534351145038167
0 0.5869205298013245 0.9694656488549618 0.004966887417218543 0.003816793893129771
0 0.43211920529801323 0.9837786259541985 0.029801324503311258 0.03244274809160305
0 0.3923841059602649 0.982824427480916 0.029801324503311258 0.03435114503816794
0 0.6423841059602649 0.9732824427480916 0.03642384105960265 0.05343511450381679
0 0.43874172185430466 0.9685114503816794 0.20198675496688742 0.06297709923664122
0 0.984271523178808 0.9074427480916031 0.0016556291390728477 0.0019083969465648854
0 0.9288079470198676 0.9055343511450382 0.006622516556291391 0.0019083969465648854
0 0.9321192052980133 0.8940839694656488 0.033112582781456956 0.0057251908396946565
0 0.9784768211920529 0.8816793893129771 0.019867549668874173 0.003816793893129771
0 0.9379139072847682 0.8797709923664122 0.041390728476821195 0.003816793893129771
0 0.8998344370860927 0.8788167938931297 0.008278145695364239 0.0019083969465648854
0 0.9776490066225165 0.8683206106870229 0.02152317880794702 0.003816793893129771
0 0.9346026490066225 0.8673664122137404 0.041390728476821195 0.0057251908396946565
0 0.9768211920529801 0.8559160305343512 0.016556291390728478 0.0019083969465648854
0 0.9387417218543046 0.8549618320610687 0.033112582781456956 0.003816793893129771
0 0.9759933774834437 0.8435114503816794 0.018211920529801324 0.003816793893129771
0 0.9354304635761589 0.8416030534351145 0.039735099337748346 0.007633587786259542
0 0.9735099337748344 0.8311068702290076 0.013245033112582781 0.0019083969465648854
0 0.9362582781456954 0.8311068702290076 0.0347682119205298 0.0057251908396946565
0 0.9735099337748344 0.8196564885496184 0.019867549668874173 0.0057251908396946565
0 0.9370860927152318 0.8177480916030534 0.039735099337748346 0.0057251908396946565
0 0.9346026490066225 0.808206106870229 0.0380794701986755 0.0057251908396946565
0 0.9329470198675497 0.7938931297709924 0.04470198675496689 0.007633587786259542
0 0.9693708609271523 0.7824427480916031 0.011589403973509934 0.003816793893129771
0 0.9701986754966887 0.7709923664122137 0.009933774834437087 0.003816793893129771
0 0.9329470198675497 0.7748091603053435 0.04470198675496689 0.019083969465648856
0 0.9486754966887417 0.7557251908396947 0.006622516556291391 0.003816793893129771
0 0.0380794701986755 0.7242366412213741 0.006622516556291391 0.0057251908396946565
0 0.0347682119205298 0.4179389312977099 0.0033112582781456954 0.007633587786259542
0 0.03559602649006623 0.39217557251908397 0.008278145695364239 0.009541984732824428
0 0.5662251655629139 0.02862595419847328 0.006622516556291391 0.007633587786259542
0 0.5413907284768212 0.02385496183206107 0.033112582781456956 0.01717557251908397
0 0.5455298013245033 0.016221374045801526 0.004966887417218543 0.0057251908396946565
0 0.49834437086092714 0.4675572519083969 0.9966887417218543 0.9351145038167938
0 0.6026490066225165 0.016221374045801526 0.0033112582781456954 0.03244274809160305
0 0.5761589403973509 0.016221374045801526 0.016556291390728478 0.03244274809160305
0 0.5571192052980133 0.003816793893129771 0.014900662251655629 0.007633587786259542
0 0.5306291390728477 0.003816793893129771 0.011589403973509934 0.007633587786259542
0 0.45364238410596025 0.006679389312977099 0.009933774834437087 0.013358778625954198
0 0.402317880794702 0.0057251908396946565 0.009933774834437087 0.011450381679389313
0 0.3741721854304636 0.004770992366412214 0.029801324503311258 0.009541984732824428
0 0.41721854304635764 0.02385496183206107 0.1986754966887417 0.04770992366412214
