0 0.391304347826087 0.9951076320939335 0.02318840579710145 0.009784735812133072
0 0.35942028985507246 0.9951076320939335 0.008695652173913044 0.009784735812133072
0 0.4282608695652174 0.9941291585127201 0.013043478260869565 0.011741682974559686
0 0.49782608695652175 0.9882583170254403 0.004347826086956522 0.007827788649706457
0 0.5144927536231884 0.9814090019569471 0.005797101449275362 0.005870841487279843
0 0.5855072463768116 0.9823874755381604 0.005797101449275362 0.03522504892367906
0 0.40144927536231884 0.9814090019569471 0.16521739130434782 0.03718199608610567
0 0.9188405797101449 0.7964774951076321 0.008695652173913044 0.003913894324853229
0 0.008695652173913044 0.7710371819960861 0.005797101449275362 0.003913894324853229
0 0.9050724637681159 0.7514677103718199 0.004347826086956522 0.003913894324853229
0 0.007246376811594203 0.7553816046966731 0.014492753623188406 0.019569471624266144
0 0.9043478260869565 0.738747553816047 0.008695652173913044 0.0019569471624266144
0 0.005072463768115942 0.7367906066536204 0.010144927536231883 0.005870841487279843
0 0.004347826086956522 0.7123287671232876 0.008695652173913044 0.007827788649706457
0 0.01956521739130435 0.6996086105675147 0.013043478260869565 0.005870841487279843
0 0.005797101449275362 0.700587084148728 0.011594202898550725 0.007827788649706457
0 0.007246376811594203 0.6868884540117417 0.014492753623188406 0.007827788649706457
0 0.006521739130434782 0.675146771037182 0.013043478260869565 0.007827788649706457
0 0.9268115942028986 0.6682974559686888 0.015942028985507246 0.005870841487279843
0 0.9260869565217391 0.6555772994129159 0.005797101449275362 0.003913894324853229
0 0.004347826086956522 0.649706457925636 0.008695652173913044 0.003913894324853229
0 0.9340579710144927 0.6418786692759295 0.030434782608695653 0.007827788649706457
0 0.9565217391304348 0.31702544031311153 0.002898550724637681 0.003913894324853229
0 0.49130434782608695 0.49902152641878667 0.9826086956521739 0.8767123287671232
0 0.9753623188405797 0.05283757338551859 0.002898550724637681 0.003913894324853229
0 0.4028985507246377 0.040117416829745595 0.002898550724637681 0.0019569471624266144
0 0.3934782608695652 0.040117416829745595 0.0014492753623188406 0.0019569471624266144
0 0.4782608695652174 0.03913894324853229 0.02318840579710145 0.003913894324853229
0 0.44130434782608696 0.040117416829745595 0.015942028985507246 0.005870841487279843
0 0.5231884057971015 0.026418786692759294 0.008695652173913044 0.005870841487279843
0 0.508695652173913 0.02446183953033268 0.011594202898550725 0.009784735812133072
0 0.5427536231884058 0.02054794520547945 0.010144927536231883 0.0136986301369863
0 0.5333333333333333 0.007827788649706457 0.002898550724637681 0.007827788649706457
0 0.5507246376811594 0.005870841487279843 0.002898550724637681 0.007827788649706457
0 0.5905797101449275 0.012720156555772993 0.007246376811594203 0.025440313111545987
0 0.5688405797101449 0.0019569471624266144 0.0014492753623188406 0.003913894324853229
0 0.5166666666666667 0.005870841487279843 0.007246376811594203 0.011741682974559686
0 0.5043478260869565 0.005870841487279843 0.005797101449275362 0.011741682974559686
0 0.47608695652173916 0.012720156555772993 0.030434782608695653 0.025440313111545987
0 0.4384057971014493 0.009784735812133072 0.007246376811594203 0.019569471624266144
0 0.3978260869565217 0.010763209393346379 0.010144927536231883 0.021526418786692758
0 0.3746376811594203 0.010763209393346379 0.007246376811594203 0.021526418786692758
0 0.3398550724637681 0.019569471624266144 0.01884057971014493 0.03913894324853229
