0 0.603448275862069 0.9817073170731707 0.0054446460980036296 0.0040650406504065045
0 0.18602540834845735 0.9898373983739838 0.2885662431941924 0.02032520325203252
0 0.5925589836660617 0.9786585365853658 0.009074410163339383 0.01016260162601626
0 0.6188747731397459 0.975609756097561 0.021778584392014518 0.024390243902439025
0 0.5943738656987296 0.9542682926829268 0.012704174228675136 0.03048780487804878
0 0.6079854809437386 0.9369918699186992 0.003629764065335753 0.0040650406504065045
0 0.6651542649727767 0.9603658536585366 0.038112522686025406 0.07926829268292683
0 0.49364791288566245 0.9502032520325203 0.17422867513611615 0.08739837398373984
0 0.5462794918330308 0.7916666666666666 0.018148820326678767 0.006097560975609756
0 0.5444646098003629 0.7703252032520326 0.014519056261343012 0.0040650406504065045
0 0.48185117967332125 0.7693089430894309 0.019963702359346643 0.0020325203252032522
0 0.42105263157894735 0.7693089430894309 0.036297640653357534 0.006097560975609756
0 0.35390199637023595 0.7682926829268293 0.010889292196007259 0.0040650406504065045
0 0.4809437386569873 0.7296747967479674 0.007259528130671506 0.0040650406504065045
0 0.4419237749546279 0.7286585365853658 0.0018148820326678765 0.0020325203252032522
0 0.4165154264972777 0.7296747967479674 0.023593466424682397 0.008130081300813009
0 0.4791288566243194 0.7083333333333334 0.003629764065335753 0.0020325203252032522
0 0.426497277676951 0.709349593495935 0.047186932849364795 0.008130081300813009
0 0.5063520871143375 0.801829268292683 0.9872958257713249 0.19308943089430894
0 0.7422867513611615 0.6890243902439024 0.014519056261343012 0.0040650406504065045
0 0.6978221415607986 0.6890243902439024 0.056261343012704176 0.0040650406504065045
0 0.6488203266787659 0.6890243902439024 0.030852994555353903 0.0040650406504065045
0 0.617059891107078 0.6890243902439024 0.021778584392014518 0.0040650406504065045
0 0.588929219600726 0.6890243902439024 0.0054446460980036296 0.0040650406504065045
0 0.5725952813067151 0.6880081300813008 0.0018148820326678765 0.0020325203252032522
0 0.543557168784029 0.6890243902439024 0.009074410163339383 0.0040650406504065045
0 0.5127041742286751 0.6880081300813008 0.009074410163339383 0.0020325203252032522
0 0.4537205081669691 0.6869918699186992 0.10163339382940109 0.008130081300813009
0 0.6751361161524501 0.665650406504065 0.007259528130671506 0.0020325203252032522
0 0.6152450090744102 0.6666666666666666 0.014519056261343012 0.0040650406504065045
0 0.5961887477313974 0.6666666666666666 0.016333938294010888 0.0040650406504065045
0 0.6996370235934665 0.665650406504065 0.012704174228675136 0.006097560975609756
0 0.6542649727767695 0.665650406504065 0.030852994555353903 0.006097560975609756
0 0.4764065335753176 0.6646341463414634 0.009074410163339383 0.0040650406504065045
0 0.5653357531760436 0.6554878048780488 0.0018148820326678765 0.0020325203252032522
0 0.9891107078039928 0.6097560975609756 0.021778584392014518 0.07317073170731707
0 0.8185117967332124 0.5904471544715447 0.007259528130671506 0.042682926829268296
0 0.14609800362976408 0.573170731707317 0.02722323049001815 0.008130081300813009
0 0.9863883847549909 0.5670731707317073 0.0054446460980036296 0.008130081300813009
0 0.8185117967332124 0.551829268292683 0.003629764065335753 0.006097560975609756
0 0.12522686025408347 0.551829268292683 0.007259528130671506 0.006097560975609756
0 0.9872958257713249 0.5477642276422764 0.003629764065335753 0.006097560975609756
0 0.9863883847549909 0.5284552845528455 0.0018148820326678765 0.0040650406504065045
0 0.9074410163339383 0.5193089430894309 0.007259528130671506 0.006097560975609756
0 0.30490018148820325 0.4898373983739837 0.010889292196007259 0.0040650406504065045
0 0.19600725952813067 0.4878048780487805 0.007259528130671506 0.0040650406504065045
0 0.16243194192377494 0.4888211382113821 0.019963702359346643 0.006097560975609756
0 0.12613430127041741 0.4878048780487805 0.0054446460980036296 0.0040650406504065045
0 0.470961887477314 0.48577235772357724 0.019963702359346643 0.016260162601626018
0 0.19328493647912887 0.47865853658536583 0.0018148820326678765 0.0020325203252032522
0 0.2813067150635209 0.47764227642276424 0.018148820326678767 0.0040650406504065045
0 0.4382940108892922 0.483739837398374 0.030852994555353903 0.02032520325203252
0 0.44464609800362975 0.4684959349593496 0.007259528130671506 0.006097560975609756
0 0.16152450090744103 0.4654471544715447 0.007259528130671506 0.0040650406504065045
0 0.12341197822141561 0.4644308943089431 0.018148820326678767 0.006097560975609756
0 0.19147005444646098 0.45528455284552843 0.009074410163339383 0.0040650406504065045
0 0.17422867513611615 0.45426829268292684 0.003629764065335753 0.0020325203252032522
0 0.8847549909255898 0.45223577235772355 0.012704174228675136 0.006097560975609756
0 0.9210526315789473 0.45121951219512196 0.016333938294010888 0.008130081300813009
0 0.13611615245009073 0.44308943089430897 0.007259528130671506 0.0040650406504065045
0 0.06533575317604355 0.44715447154471544 0.007259528130671506 0.016260162601626018
0 0.8838475499092558 0.4298780487804878 0.007259528130671506 0.006097560975609756
0 0.2150635208711434 0.3790650406504065 0.012704174228675136 0.018292682926829267
0 0.2731397459165154 0.38922764227642276 0.05989110707803993 0.05894308943089431
0 0.039927404718693285 0.37601626016260165 0.007259528130671506 0.032520325203252036
0 0.039927404718693285 0.35060975609756095 0.003629764065335753 0.0020325203252032522
0 0.20508166969147004 0.34959349593495936 0.010889292196007259 0.016260162601626018
0 0.9909255898366606 0.37296747967479676 0.018148820326678767 0.10365853658536585
0 0.18421052631578946 0.3323170731707317 0.023593466424682397 0.026422764227642278
0 0.18058076225045372 0.3089430894308943 0.0054446460980036296 0.0040650406504065045
0 0.14065335753176045 0.30691056910569103 0.0054446460980036296 0.0040650406504065045
0 0.13611615245009073 0.29065040650406504 0.007259528130671506 0.016260162601626018
0 0.8729582577132486 0.46239837398373984 0.1161524500907441 0.5060975609756098
0 0.8765880217785844 0.19207317073170732 0.021778584392014518 0.026422764227642278
0 0.9673321234119783 0.1443089430894309 0.021778584392014518 0.036585365853658534
0 0.8756805807622504 0.13414634146341464 0.034482758620689655 0.016260162601626018
0 0.5027223230490018 0.37601626016260165 0.9945553539019963 0.7032520325203252
0 0.4791288566243194 0.012195121951219513 0.003629764065335753 0.0040650406504065045
0 0.7921960072595281 0.01524390243902439 0.20508166969147004 0.03048780487804878
0 0.5036297640653358 0.008130081300813009 0.0018148820326678765 0.016260162601626018
0 0.45825771324863884 0.006097560975609756 0.0054446460980036296 0.012195121951219513
0 0.43466424682395643 0.003048780487804878 0.0018148820326678765 0.006097560975609756
