0 0.669831223628692 0.8808219178082192 0.014767932489451477 0.019178082191780823
0 0.7763713080168776 0.8890410958904109 0.029535864978902954 0.06301369863013699
0 0.7531645569620253 0.8780821917808219 0.02109704641350211 0.0410958904109589
0 0.6613924050632911 0.8602739726027397 0.006329113924050633 0.010958904109589041
0 0.7890295358649789 0.863013698630137 0.012658227848101266 0.03287671232876712
0 0.6466244725738397 0.8863013698630137 0.052742616033755275 0.0958904109589041
0 0.7542194092827004 0.8301369863013699 0.014767932489451477 0.0273972602739726
0 0.5 0.5205479452054794 1.0 0.8821917808219178
0 0.5685654008438819 0.07534246575342465 0.006329113924050633 0.0136986301369863
0 0.5443037974683544 0.06301369863013699 0.004219409282700422 0.005479452054794521
0 0.5379746835443038 0.06027397260273973 0.02531645569620253 0.043835616438356165
0 0.5337552742616034 0.03287671232876712 0.004219409282700422 0.005479452054794521
0 0.5284810126582279 0.02054794520547945 0.002109704641350211 0.0027397260273972603
0 0.4472573839662447 0.043835616438356165 0.016877637130801686 0.049315068493150684
0 0.40822784810126583 0.03972602739726028 0.04008438818565401 0.052054794520547946
0 0.54957805907173 0.012328767123287671 0.002109704641350211 0.0027397260273972603
0 0.3628691983122363 0.038356164383561646 0.029535864978902954 0.0547945205479452
