0 0.013227513227513227 0.987719298245614 0.026455026455026454 0.02456140350877193
0 0.39021164021164023 0.9850877192982456 0.626984126984127 0.02982456140350877
0 0.013227513227513227 0.9394736842105263 0.026455026455026454 0.02280701754385965
0 0.5317460317460317 0.8526315789473684 0.010582010582010581 0.007017543859649123
0 0.17328042328042328 0.8596491228070176 0.23544973544973544 0.03859649122807018
0 0.5396825396825397 0.8385964912280702 0.005291005291005291 0.0035087719298245615
0 0.5198412698412699 0.8403508771929824 0.007936507936507936 0.007017543859649123
0 0.5251322751322751 0.8289473684210527 0.013227513227513227 0.008771929824561403
0 0.4828042328042328 0.8166666666666667 0.007936507936507936 0.005263157894736842
0 0.951058201058201 0.8078947368421052 0.007936507936507936 0.005263157894736842
0 0.6084656084656085 0.8377192982456141 0.021164021164021163 0.06491228070175438
0 0.5793650793650794 0.8368421052631579 0.015873015873015872 0.06315789473684211
0 0.335978835978836 0.8157894736842105 0.25396825396825395 0.08421052631578947
0 0.24603174603174602 0.7271929824561404 0.005291005291005291 0.005263157894736842
0 0.8664021164021164 0.7192982456140351 0.013227513227513227 0.007017543859649123
0 0.533068783068783 0.7175438596491228 0.03968253968253968 0.031578947368421054
0 0.46825396825396826 0.712280701754386 0.07936507936507936 0.031578947368421054
0 0.6349206349206349 0.6973684210526315 0.05291005291005291 0.005263157894736842
0 0.27645502645502645 0.7043859649122807 0.03968253968253968 0.02631578947368421
0 0.6005291005291006 0.6850877192982456 0.042328042328042326 0.005263157894736842
0 0.8531746031746031 0.6894736842105263 0.09788359788359788 0.017543859649122806
0 0.7380952380952381 0.7412280701754386 0.35978835978835977 0.1280701754385965
0 0.6521164021164021 0.6675438596491228 0.007936507936507936 0.0017543859649122807
0 0.8703703703703703 0.6666666666666666 0.021164021164021163 0.0035087719298245615
0 0.843915343915344 0.6701754385964912 0.1164021164021164 0.017543859649122806
0 0.43253968253968256 0.6605263157894737 0.0026455026455026454 0.0017543859649122807
0 0.7288359788359788 0.6666666666666666 0.10846560846560846 0.017543859649122806
0 0.6653439153439153 0.6596491228070176 0.0026455026455026454 0.0035087719298245615
0 0.5357142857142857 0.6552631578947369 0.0026455026455026454 0.0017543859649122807
0 0.49603174603174605 0.6535087719298246 0.0026455026455026454 0.0017543859649122807
0 0.7817460317460317 0.6543859649122807 0.21428571428571427 0.010526315789473684
0 0.7658730158730159 0.6456140350877193 0.0291005291005291 0.0035087719298245615
0 0.3994708994708995 0.6412280701754386 0.005291005291005291 0.0017543859649122807
0 0.4708994708994709 0.6342105263157894 0.015873015873015872 0.0017543859649122807
0 0.4246031746031746 0.6333333333333333 0.013227513227513227 0.0035087719298245615
0 0.7632275132275133 0.637719298245614 0.23544973544973544 0.015789473684210527
0 0.3941798941798942 0.6324561403508772 0.021164021164021163 0.005263157894736842
0 0.5806878306878307 0.6342105263157894 0.082010582010582 0.015789473684210527
0 0.6640211640211641 0.624561403508772 0.010582010582010581 0.0035087719298245615
0 0.3915343915343915 0.6228070175438597 0.010582010582010581 0.0035087719298245615
0 0.7698412698412699 0.6201754385964913 0.23809523809523808 0.012280701754385965
0 0.6084656084656085 0.6149122807017544 0.005291005291005291 0.0017543859649122807
0 0.7447089947089947 0.6035087719298246 0.2830687830687831 0.014035087719298246
0 0.6706349206349206 0.5929824561403508 0.007936507936507936 0.0035087719298245615
0 0.623015873015873 0.5903508771929824 0.0026455026455026454 0.0017543859649122807
0 0.455026455026455 0.5912280701754385 0.021164021164021163 0.0035087719298245615
0 0.42063492063492064 0.5903508771929824 0.021164021164021163 0.0017543859649122807
0 0.37433862433862436 0.5885964912280702 0.03439153439153439 0.005263157894736842
0 0.5357142857142857 0.5921052631578947 0.11904761904761904 0.015789473684210527
0 0.49206349206349204 0.5850877192982457 0.005291005291005291 0.0017543859649122807
0 0.4801587301587302 0.5850877192982457 0.0026455026455026454 0.0017543859649122807
0 0.3637566137566138 0.5710526315789474 0.007936507936507936 0.0017543859649122807
0 0.2156084656084656 0.46228070175438596 0.018518518518518517 0.008771929824561403
0 0.04894179894179894 0.4964912280701754 0.023809523809523808 0.08421052631578947
0 0.1865079365079365 0.45964912280701753 0.018518518518518517 0.014035087719298246
0 0.24074074074074073 0.4473684210526316 0.010582010582010581 0.0035087719298245615
0 0.5291005291005291 0.5184210526315789 0.7195767195767195 0.156140350877193
0 0.1931216931216931 0.443859649122807 0.021164021164021163 0.007017543859649123
0 0.832010582010582 0.4394736842105263 0.007936507936507936 0.0017543859649122807
0 0.05026455026455026 0.443859649122807 0.021164021164021163 0.014035087719298246
0 0.1917989417989418 0.43508771929824563 0.0026455026455026454 0.0035087719298245615
0 0.593915343915344 0.443859649122807 0.5529100529100529 0.028070175438596492
0 0.2698412698412698 0.4307017543859649 0.05291005291005291 0.008771929824561403
0 0.05026455026455026 0.42894736842105263 0.015873015873015872 0.005263157894736842
0 0.20502645502645503 0.42719298245614035 0.03968253968253968 0.005263157894736842
0 0.6732804232804233 0.4149122807017544 0.007936507936507936 0.0017543859649122807
0 0.05026455026455026 0.41754385964912283 0.021164021164021163 0.014035087719298246
0 0.26851851851851855 0.40350877192982454 0.013227513227513227 0.0035087719298245615
0 0.7804232804232805 0.3991228070175439 0.021164021164021163 0.0017543859649122807
0 0.3029100529100529 0.39824561403508774 0.013227513227513227 0.0035087719298245615
0 0.2605820105820106 0.39649122807017545 0.0291005291005291 0.007017543859649123
0 0.22354497354497355 0.393859649122807 0.007936507936507936 0.0017543859649122807
0 0.3055555555555556 0.3912280701754386 0.013227513227513227 0.0035087719298245615
0 0.2552910052910053 0.387719298245614 0.018518518518518517 0.0035087719298245615
0 0.24206349206349206 0.3780701754385965 0.03439153439153439 0.008771929824561403
0 0.19973544973544974 0.38333333333333336 0.023809523809523808 0.02280701754385965
0 0.19973544973544974 0.35964912280701755 0.007936507936507936 0.0035087719298245615
0 0.05291005291005291 0.37105263157894736 0.031746031746031744 0.02631578947368421
0 0.05423280423280423 0.34649122807017546 0.0291005291005291 0.005263157894736842
0 0.18386243386243387 0.3078947368421053 0.007936507936507936 0.008771929824561403
0 0.8161375661375662 0.24912280701754386 0.013227513227513227 0.010526315789473684
0 0.75 0.1956140350877193 0.0026455026455026454 0.0017543859649122807
0 0.03439153439153439 0.16666666666666666 0.005291005291005291 0.0035087719298245615
0 0.9682539682539683 0.1824561403508772 0.010582010582010581 0.056140350877192984
0 0.28835978835978837 0.12368421052631579 0.031746031746031744 0.005263157894736842
0 0.23148148148148148 0.12719298245614036 0.018518518518518517 0.015789473684210527
0 0.5291005291005291 0.2736842105263158 0.6825396825396826 0.3157894736842105
0 0.04365079365079365 0.12017543859649123 0.023809523809523808 0.015789473684210527
0 0.06481481481481481 0.22456140350877193 0.07142857142857142 0.22807017543859648
0 0.455026455026455 0.10350877192982456 0.23809523809523808 0.017543859649122806
0 0.43915343915343913 0.08596491228070176 0.19576719576719576 0.014035087719298246
0 0.9973544973544973 0.07192982456140351 0.005291005291005291 0.0035087719298245615
0 0.9470899470899471 0.07017543859649122 0.031746031746031744 0.007017543859649123
0 0.44841269841269843 0.06929824561403508 0.11375661375661375 0.008771929824561403
0 0.37566137566137564 0.06491228070175438 0.015873015873015872 0.0035087719298245615
0 0.9973544973544973 0.05350877192982456 0.005291005291005291 0.005263157894736842
0 0.9457671957671958 0.05087719298245614 0.0291005291005291 0.007017543859649123
0 0.4695767195767196 0.05175438596491228 0.082010582010582 0.008771929824561403
0 0.3558201058201058 0.0456140350877193 0.06613756613756613 0.0035087719298245615
0 0.3029100529100529 0.042105263157894736 0.03439153439153439 0.0035087719298245615
0 0.27116402116402116 0.0412280701754386 0.013227513227513227 0.0017543859649122807
0 0.24735449735449735 0.04035087719298246 0.023809523809523808 0.0035087719298245615
0 0.9444444444444444 0.03245614035087719 0.026455026455026454 0.005263157894736842
0 0.4933862433862434 0.03245614035087719 0.03439153439153439 0.005263157894736842
0 0.04497354497354497 0.031578947368421054 0.026455026455026454 0.0035087719298245615
0 0.3306878306878307 0.02456140350877193 0.031746031746031744 0.0035087719298245615
0 0.18518518518518517 0.018421052631578946 0.015873015873015872 0.0017543859649122807
0 0.051587301587301584 0.013157894736842105 0.007936507936507936 0.0017543859649122807
0 0.2526455026455027 0.0017543859649122807 0.0291005291005291 0.0035087719298245615
0 0.23148148148148148 0.0008771929824561404 0.007936507936507936 0.0017543859649122807
