0 0.608540925266904 0.9865269461077845 0.03558718861209965 0.02694610778443114
0 0.39501779359430605 0.9805389221556886 0.2099644128113879 0.038922155688622756
0 0.099644128113879 0.7514970059880239 0.12099644128113879 0.18562874251497005
0 0.5 0.5089820359281437 1.0 0.8562874251497006
0 0.5791814946619217 0.07035928143712575 0.005338078291814947 0.0029940119760479044
0 0.5667259786476868 0.07035928143712575 0.005338078291814947 0.0029940119760479044
0 0.998220640569395 0.06736526946107785 0.0035587188612099642 0.008982035928143712
0 0.5827402135231317 0.041916167664670656 0.019572953736654804 0.023952095808383235
0 0.6254448398576512 0.0374251497005988 0.04804270462633452 0.0748502994011976
0 0.5631672597864769 0.0029940119760479044 0.005338078291814947 0.005988023952095809
0 0.5453736654804271 0.02844311377245509 0.033807829181494664 0.05688622754491018
0 0.45195729537366547 0.020958083832335328 0.010676156583629894 0.041916167664670656
0 0.41725978647686834 0.0374251497005988 0.2117437722419929 0.0748502994011976
