0 0.32379518072289154 0.9893867924528302 0.6475903614457831 0.02122641509433962
0 0.9864457831325302 0.8950471698113207 0.02710843373493976 0.12028301886792453
0 0.7289156626506024 0.6839622641509434 0.05421686746987952 0.07547169811320754
0 0.8192771084337349 0.6238207547169812 0.03614457831325301 0.02122641509433962
0 0.6882530120481928 0.625 0.02108433734939759 0.02830188679245283
0 0.8042168674698795 0.6037735849056604 0.006024096385542169 0.0047169811320754715
0 0.6701807228915663 0.597877358490566 0.009036144578313253 0.007075471698113208
0 0.9578313253012049 0.5825471698113207 0.012048192771084338 0.009433962264150943
0 0.9081325301204819 0.5860849056603774 0.015060240963855422 0.02122641509433962
0 0.6596385542168675 0.5825471698113207 0.012048192771084338 0.014150943396226415
0 0.8478915662650602 0.5919811320754716 0.07530120481927711 0.03773584905660377
0 0.48493975903614456 0.5542452830188679 0.9698795180722891 0.8679245283018868
0 0.9984939759036144 0.11202830188679246 0.0030120481927710845 0.0023584905660377358
0 0.9518072289156626 0.11202830188679246 0.03614457831325301 0.01650943396226415
0 0.5075301204819277 0.08962264150943396 0.0391566265060241 0.014150943396226415
0 0.5542168674698795 0.08490566037735849 0.030120481927710843 0.02358490566037736
0 0.4924698795180723 0.06721698113207547 0.009036144578313253 0.01650943396226415
0 0.5406626506024096 0.055424528301886794 0.02108433734939759 0.02122641509433962
0 0.49096385542168675 0.04245283018867924 0.006024096385542169 0.0047169811320754715
0 0.3810240963855422 0.060141509433962265 0.02108433734939759 0.04481132075471698
0 0.32831325301204817 0.060141509433962265 0.05421686746987952 0.049528301886792456
0 0.26957831325301207 0.05778301886792453 0.0391566265060241 0.04481132075471698
