0 0.46921641791044777 0.9858490566037735 0.009328358208955223 0.02830188679245283
0 0.4925373134328358 0.9827044025157232 0.011194029850746268 0.03459119496855346
0 0.5447761194029851 0.9811320754716981 0.014925373134328358 0.03773584905660377
0 0.4216417910447761 0.970125786163522 0.018656716417910446 0.059748427672955975
0 0.5848880597014925 0.9669811320754716 0.03171641791044776 0.0660377358490566
0 0.7220149253731343 0.9638364779874213 0.007462686567164179 0.07232704402515723
0 0.0914179104477612 0.8427672955974843 0.06716417910447761 0.050314465408805034
0 0.41138059701492535 0.8191823899371069 0.005597014925373134 0.009433962264150943
0 0.373134328358209 0.8160377358490566 0.022388059701492536 0.0220125786163522
0 0.013059701492537313 0.8223270440251572 0.026119402985074626 0.11635220125786164
0 0.6613805970149254 0.7594339622641509 0.0018656716417910447 0.0031446540880503146
0 0.7555970149253731 0.7688679245283019 0.03731343283582089 0.04716981132075472
0 0.6884328358208955 0.7751572327044025 0.07835820895522388 0.059748427672955975
0 0.002798507462686567 0.7358490566037735 0.005597014925373134 0.006289308176100629
0 0.005597014925373134 0.699685534591195 0.011194029850746268 0.015723270440251572
0 0.0065298507462686565 0.6666666666666666 0.013059701492537313 0.012578616352201259
0 0.0037313432835820895 0.6305031446540881 0.007462686567164179 0.009433962264150943
0 0.005597014925373134 0.5927672955974843 0.011194029850746268 0.009433962264150943
0 0.010261194029850746 0.46226415094339623 0.020522388059701493 0.18238993710691823
0 0.002798507462686567 0.36163522012578614 0.005597014925373134 0.006289308176100629
0 0.0018656716417910447 0.2248427672955975 0.0037313432835820895 0.0031446540880503146
0 0.19029850746268656 0.1918238993710692 0.0037313432835820895 0.006289308176100629
0 0.9981343283582089 0.15251572327044025 0.0037313432835820895 0.0220125786163522
0 0.0065298507462686565 0.10377358490566038 0.013059701492537313 0.05660377358490566
0 0.5139925373134329 0.01729559748427673 0.009328358208955223 0.0220125786163522
0 0.6203358208955224 0.007861635220125786 0.009328358208955223 0.015723270440251572
0 0.539179104477612 0.007861635220125786 0.0037313432835820895 0.015723270440251572
0 0.4832089552238806 0.0110062893081761 0.007462686567164179 0.0220125786163522
0 0.46361940298507465 0.009433962264150943 0.005597014925373134 0.018867924528301886
0 0.5065298507462687 0.44339622641509435 0.9123134328358209 0.8867924528301887
