0 0.6228915662650603 0.9929577464788732 0.012048192771084338 0.014084507042253521
0 0.608433734939759 0.9876760563380281 0.007228915662650603 0.01056338028169014
0 0.5867469879518072 0.9823943661971831 0.007228915662650603 0.014084507042253521
0 0.6277108433734939 0.9630281690140845 0.0024096385542168677 0.0035211267605633804
0 0.5686746987951807 0.9665492957746479 0.00963855421686747 0.01056338028169014
0 0.5927710843373494 0.9612676056338029 0.004819277108433735 0.007042253521126761
0 0.38072289156626504 0.9735915492957746 0.05301204819277108 0.0528169014084507
0 0.3216867469879518 0.9735915492957746 0.04096385542168675 0.0528169014084507
0 0.43855421686746987 0.971830985915493 0.02891566265060241 0.056338028169014086
0 0.555421686746988 0.9683098591549296 0.02650602409638554 0.06338028169014084
0 0.5891566265060241 0.9383802816901409 0.02650602409638554 0.017605633802816902
0 0.10843373493975904 0.8327464788732394 0.004819277108433735 0.0035211267605633804
0 0.5 0.4876760563380282 1.0 0.7992957746478874
0 0.619277108433735 0.01056338028169014 0.01927710843373494 0.02112676056338028
0 0.5795180722891566 0.01232394366197183 0.021686746987951807 0.02464788732394366
0 0.5650602409638554 0.00528169014084507 0.007228915662650603 0.01056338028169014
0 0.5469879518072289 0.01056338028169014 0.00963855421686747 0.02112676056338028
0 0.43855421686746987 0.007042253521126761 0.014457831325301205 0.014084507042253521
0 0.39397590361445783 0.01056338028169014 0.016867469879518072 0.02112676056338028
0 0.336144578313253 0.01232394366197183 0.060240963855421686 0.02464788732394366
