0 0.5176767676767676 0.9814814814814815 0.010101010101010102 0.007407407407407408
0 0.5580808080808081 0.987037037037037 0.020202020202020204 0.025925925925925925
0 0.6439393939393939 0.9685185185185186 0.005050505050505051 0.018518518518518517
0 0.5732323232323232 0.9685185185185186 0.015151515151515152 0.018518518518518517
0 0.39015151515151514 0.9777777777777777 0.027777777777777776 0.044444444444444446
0 0.33585858585858586 0.9777777777777777 0.04040404040404041 0.044444444444444446
0 0.27904040404040403 0.9777777777777777 0.04292929292929293 0.044444444444444446
0 0.5025252525252525 0.975925925925926 0.010101010101010102 0.04814814814814815
0 0.3409090909090909 0.9574074074074074 0.2676767676767677 0.08518518518518518
0 0.9949494949494949 0.825925925925926 0.010101010101010102 0.05185185185185185
0 0.9974747474747475 0.44814814814814813 0.005050505050505051 0.007407407407407408
0 0.9974747474747475 0.3425925925925926 0.005050505050505051 0.011111111111111112
0 0.9974747474747475 0.30925925925925923 0.005050505050505051 0.011111111111111112
0 0.9987373737373737 0.24814814814814815 0.0025252525252525255 0.007407407407407408
0 0.9949494949494949 0.20925925925925926 0.010101010101010102 0.03333333333333333
0 0.9936868686868687 0.15 0.012626262626262626 0.07037037037037037
0 0.9962121212121212 0.08888888888888889 0.007575757575757576 0.014814814814814815
0 0.4898989898989899 0.4722222222222222 0.9797979797979798 0.825925925925926
0 0.6414141414141414 0.020370370370370372 0.05555555555555555 0.040740740740740744
0 0.5808080808080808 0.005555555555555556 0.010101010101010102 0.011111111111111112
0 0.547979797979798 0.007407407407407408 0.015151515151515152 0.014814814814814815
0 0.523989898989899 0.007407407407407408 0.017676767676767676 0.014814814814814815
0 0.35984848484848486 0.025925925925925925 0.28535353535353536 0.05185185185185185
