0 0.29155313351498635 0.9972924187725631 0.01634877384196185 0.005415162454873646
0 0.2656675749318801 0.9972924187725631 0.01907356948228883 0.005415162454873646
0 0.02997275204359673 0.9972924187725631 0.01634877384196185 0.005415162454873646
0 0.3242506811989101 0.9936823104693141 0.005449591280653951 0.005415162454873646
0 0.20435967302452315 0.9792418772563177 0.010899182561307902 0.005415162454873646
0 0.17029972752043596 0.9675090252707581 0.01907356948228883 0.01444043321299639
0 0.11171662125340599 0.944043321299639 0.005449591280653951 0.0036101083032490976
0 0.1307901907356948 0.9602888086642599 0.2615803814713896 0.07942238267148015
0 0.8841961852861036 0.9034296028880866 0.008174386920980926 0.0018050541516245488
0 0.8664850136239782 0.9016245487364621 0.021798365122615803 0.0018050541516245488
0 0.01634877384196185 0.881768953068592 0.010899182561307902 0.009025270758122744
0 0.5463215258855586 0.8510830324909747 0.008174386920980926 0.005415162454873646
0 0.5163487738419619 0.8212996389891697 0.0027247956403269754 0.0036101083032490976
0 0.5367847411444142 0.8185920577617328 0.01634877384196185 0.009025270758122744
0 0.5272479564032697 0.8122743682310469 0.0027247956403269754 0.0036101083032490976
0 0.5040871934604905 0.8122743682310469 0.010899182561307902 0.007220216606498195
0 0.5095367847411444 0.8321299638989169 0.08174386920980926 0.04693140794223827
0 0.5899182561307902 0.8339350180505415 0.07356948228882834 0.07581227436823104
0 0.16212534059945505 0.7924187725631769 0.0027247956403269754 0.0036101083032490976
0 0.4591280653950954 0.8474729241877257 0.771117166212534 0.12815884476534295
0 0.004087193460490463 0.6732851985559567 0.008174386920980926 0.007220216606498195
0 0.3419618528610354 0.6597472924187726 0.5749318801089919 0.2509025270758123
0 0.06130790190735695 0.5189530685920578 0.013623978201634877 0.019855595667870037
0 0.8746594005449592 0.5063176895306859 0.03814713896457766 0.005415162454873646
0 0.20844686648501362 0.08664259927797834 0.05722070844686648 0.01444043321299639
0 0.5177111716621253 0.3194945848375451 0.9645776566757494 0.49458483754512633
0 0.2220708446866485 0.0703971119133574 0.02997275204359673 0.010830324909747292
0 0.09400544959128065 0.06588447653429604 0.10626702997275204 0.009025270758122744
0 0.08583106267029973 0.04512635379061372 0.1008174386920981 0.007220216606498195
0 0.9277929155313351 0.029783393501805054 0.035422343324250684 0.009025270758122744
0 0.6784741144414169 0.023465703971119134 0.010899182561307902 0.0036101083032490976
0 0.5613079019073569 0.019855595667870037 0.01634877384196185 0.007220216606498195
0 0.7656675749318801 0.017148014440433214 0.23978201634877383 0.03429602888086643
0 0.6089918256130791 0.008122743682310469 0.02452316076294278 0.016245487364620937
0 0.5081743869209809 0.01263537906137184 0.16076294277929154 0.02527075812274368
0 0.10490463215258855 0.01263537906137184 0.1444141689373297 0.02527075812274368
