0 0.5725446428571429 0.9942028985507246 0.006696428571428571 0.011594202898550725
0 0.5379464285714286 0.991304347826087 0.049107142857142856 0.017391304347826087
0 0.6127232142857143 0.9826086956521739 0.05133928571428571 0.034782608695652174
0 0.40848214285714285 0.9695652173913043 0.20982142857142858 0.06086956521739131
0 0.4174107142857143 0.8608695652173913 0.004464285714285714 0.005797101449275362
0 0.3671875 0.8594202898550725 0.002232142857142857 0.002898550724637681
0 0.38392857142857145 0.8579710144927536 0.008928571428571428 0.005797101449275362
0 0.34486607142857145 0.7840579710144927 0.002232142857142857 0.002898550724637681
0 0.4263392857142857 0.7869565217391304 0.09375 0.014492753623188406
0 0.65625 0.4666666666666667 0.03571428571428571 0.034782608695652174
0 0.6361607142857143 0.4420289855072464 0.004464285714285714 0.002898550724637681
0 0.5982142857142857 0.39420289855072466 0.004464285714285714 0.005797101449275362
0 0.5602678571428571 0.3463768115942029 0.05803571428571429 0.06666666666666667
0 0.5 0.5057971014492754 1.0 0.8608695652173913
0 0.5558035714285714 0.028985507246376812 0.022321428571428572 0.02318840579710145
0 0.43526785714285715 0.0391304347826087 0.022321428571428572 0.04927536231884058
0 0.5424107142857143 0.0463768115942029 0.06696428571428571 0.06956521739130435
0 0.3939732142857143 0.03768115942028986 0.04241071428571429 0.05217391304347826
0 0.3515625 0.03333333333333333 0.033482142857142856 0.04927536231884058
