0 0.4453125 0.9840116279069767 0.020089285714285716 0.03197674418604651
0 0.4029017857142857 0.9840116279069767 0.03794642857142857 0.03197674418604651
0 0.3627232142857143 0.9840116279069767 0.029017857142857144 0.03197674418604651
0 0.5736607142857143 0.9651162790697675 0.008928571428571428 0.011627906976744186
0 0.5457589285714286 0.9752906976744186 0.06473214285714286 0.04941860465116279
0 0.40848214285714285 0.9636627906976745 0.20535714285714285 0.07267441860465117
0 0.6116071428571429 0.9593023255813954 0.049107142857142856 0.08139534883720931
0 0.004464285714285714 0.7209302325581395 0.008928571428571428 0.011627906976744186
0 0.5 0.4898255813953488 1.0 0.8401162790697675
0 0.6004464285714286 0.061046511627906974 0.004464285714285714 0.005813953488372093
0 0.6116071428571429 0.04941860465116279 0.008928571428571428 0.011627906976744186
0 0.44754464285714285 0.04796511627906977 0.011160714285714286 0.014534883720930232
0 0.5848214285714286 0.0436046511627907 0.008928571428571428 0.01744186046511628
0 0.5725446428571429 0.050872093023255814 0.015625 0.03197674418604651
0 0.6049107142857143 0.030523255813953487 0.004464285714285714 0.0029069767441860465
0 0.5926339285714286 0.02616279069767442 0.006696428571428571 0.005813953488372093
0 0.4765625 0.03343023255813953 0.020089285714285716 0.0436046511627907
0 0.4341517857142857 0.03343023255813953 0.03794642857142857 0.0436046511627907
0 0.39285714285714285 0.03343023255813953 0.03125 0.0436046511627907
0 0.5602678571428571 0.030523255813953487 0.013392857142857142 0.0436046511627907
0 0.5792410714285714 0.00872093023255814 0.011160714285714286 0.011627906976744186
