0 0.5474777448071216 0.9993386243386243 0.002967359050445104 0.0013227513227513227
0 0.3939169139465875 0.9993386243386243 0.001483679525222552 0.0013227513227513227
0 0.5356083086053413 0.9986772486772487 0.017804154302670624 0.0026455026455026454
0 0.521513353115727 0.9986772486772487 0.004451038575667656 0.0026455026455026454
0 0.4807121661721068 0.9880952380952381 0.27299703264094954 0.023809523809523808
0 0.8286350148367952 0.9623015873015873 0.001483679525222552 0.0013227513227513227
0 0.7054896142433235 0.9636243386243386 0.025222551928783383 0.003968253968253968
0 0.7945103857566765 0.9067460317460317 0.02225519287833828 0.01455026455026455
0 0.7700296735905044 0.9087301587301587 0.008902077151335312 0.018518518518518517
0 0.8108308605341247 0.906084656084656 0.010385756676557863 0.023809523809523808
0 0.8405044510385756 0.9014550264550265 0.04599406528189911 0.01984126984126984
0 0.8635014836795252 0.8882275132275133 0.002967359050445104 0.003968253968253968
0 0.6824925816023739 0.8703703703703703 0.005934718100890208 0.0026455026455026454
0 0.9183976261127597 0.8690476190476191 0.005934718100890208 0.005291005291005291
0 0.7062314540059347 0.8617724867724867 0.005934718100890208 0.0013227513227513227
0 0.8011869436201781 0.8584656084656085 0.005934718100890208 0.0026455026455026454
0 0.010385756676557863 0.8604497354497355 0.020771513353115726 0.009259259259259259
0 0.8382789317507419 0.8578042328042328 0.017804154302670624 0.006613756613756613
0 0.8731454005934718 0.8544973544973545 0.010385756676557863 0.005291005291005291
0 0.020771513353115726 0.8353174603174603 0.002967359050445104 0.0013227513227513227
0 0.8204747774480712 0.8048941798941799 0.002967359050445104 0.003968253968253968
0 0.7789317507418397 0.8055555555555556 0.005934718100890208 0.005291005291005291
0 0.8672106824925816 0.8029100529100529 0.004451038575667656 0.0026455026455026454
0 0.9554896142433235 0.876984126984127 0.08902077151335312 0.164021164021164
0 0.9451038575667656 0.791005291005291 0.005934718100890208 0.0026455026455026454
0 0.7937685459940653 0.791005291005291 0.002967359050445104 0.0026455026455026454
0 0.8093471810089021 0.7903439153439153 0.004451038575667656 0.003968253968253968
0 0.8516320474777448 0.7883597883597884 0.002967359050445104 0.0026455026455026454
0 0.8234421364985163 0.7883597883597884 0.002967359050445104 0.0026455026455026454
0 0.9688427299703264 0.7883597883597884 0.03857566765578635 0.007936507936507936
0 0.870919881305638 0.78505291005291 0.008902077151335312 0.011904761904761904
0 0.001483679525222552 0.6408730158730159 0.002967359050445104 0.003968253968253968
0 0.9851632047477745 0.591931216931217 0.02967359050445104 0.003968253968253968
0 0.9747774480712166 0.5859788359788359 0.005934718100890208 0.0026455026455026454
0 0.9710682492581603 0.5707671957671958 0.001483679525222552 0.0013227513227513227
0 0.002225519287833828 0.5515873015873016 0.004451038575667656 0.005291005291005291
0 0.9465875370919882 0.3048941798941799 0.005934718100890208 0.0013227513227513227
0 0.4977744807121662 0.5277777777777778 0.9955489614243324 0.8809523809523809
0 0.5445103857566765 0.08333333333333333 0.017804154302670624 0.005291005291005291
0 0.5326409495548962 0.06481481481481481 0.03560830860534125 0.013227513227513227
0 0.5519287833827893 0.05291005291005291 0.002967359050445104 0.005291005291005291
0 0.5370919881305638 0.046957671957671955 0.005934718100890208 0.003968253968253968
0 0.5140949554896143 0.06481481481481481 0.025222551928783383 0.042328042328042326
0 0.521513353115727 0.04298941798941799 0.013353115727002967 0.006613756613756613
0 0.5838278931750742 0.062169312169312166 0.03412462908011869 0.07142857142857142
0 0.4102373887240356 0.06018518518518518 0.17062314540059348 0.0701058201058201
0 0.3182492581602374 0.003968253968253968 0.271513353115727 0.007936507936507936
