0 0.7846153846153846 0.9154639175257732 0.08391608391608392 0.006185567010309278
0 0.35384615384615387 0.9123711340206185 0.011188811188811189 0.002061855670103093
0 0.3356643356643357 0.9123711340206185 0.011188811188811189 0.002061855670103093
0 0.4979020979020979 0.911340206185567 0.008391608391608392 0.002061855670103093
0 0.6118881118881119 0.9103092783505154 0.0013986013986013986 0.002061855670103093
0 0.7923076923076923 0.9092783505154639 0.006993006993006993 0.002061855670103093
0 0.5538461538461539 0.9108247422680412 0.08111888111888112 0.005154639175257732
0 0.813986013986014 0.9087628865979381 0.027972027972027972 0.003092783505154639
0 0.9090909090909091 0.9077319587628866 0.10909090909090909 0.005154639175257732
0 0.33356643356643356 0.9061855670103093 0.006993006993006993 0.002061855670103093
0 0.5965034965034965 0.904639175257732 0.004195804195804196 0.0010309278350515464
0 0.6265734265734266 0.9030927835051547 0.008391608391608392 0.004123711340206186
0 0.813986013986014 0.9020618556701031 0.03076923076923077 0.004123711340206186
0 0.9034965034965035 0.9015463917525773 0.11748251748251748 0.005154639175257732
0 0.04055944055944056 0.8994845360824743 0.005594405594405594 0.0010309278350515464
0 0.3146853146853147 0.8979381443298969 0.002797202797202797 0.002061855670103093
0 0.3412587412587413 0.8974226804123712 0.03076923076923077 0.003092783505154639
0 0.6545454545454545 0.8958762886597939 0.011188811188811189 0.002061855670103093
0 0.6328671328671329 0.8958762886597939 0.004195804195804196 0.002061855670103093
0 0.5426573426573427 0.8969072164948454 0.033566433566433566 0.004123711340206186
0 0.7545454545454545 0.8943298969072165 0.004195804195804196 0.0010309278350515464
0 0.7454545454545455 0.8943298969072165 0.005594405594405594 0.0010309278350515464
0 0.8174825174825174 0.8943298969072165 0.02097902097902098 0.003092783505154639
0 0.6986013986013986 0.8994845360824743 0.1048951048951049 0.013402061855670102
0 0.8972027972027972 0.8938144329896908 0.13006993006993006 0.006185567010309278
0 0.8398601398601399 0.8871134020618556 0.012587412587412588 0.0010309278350515464
0 0.4937062937062937 0.8896907216494845 0.05314685314685315 0.006185567010309278
0 0.8076923076923077 0.8876288659793814 0.03776223776223776 0.004123711340206186
0 0.045454545454545456 0.8860824742268041 0.004195804195804196 0.0010309278350515464
0 0.03566433566433566 0.8855670103092783 0.006993006993006993 0.002061855670103093
0 0.9062937062937063 0.8865979381443299 0.10909090909090909 0.006185567010309278
0 0.43286713286713285 0.8902061855670103 0.08531468531468532 0.01752577319587629
0 0.5146853146853146 0.8824742268041237 0.011188811188811189 0.004123711340206186
0 0.4783216783216783 0.8824742268041237 0.04755244755244755 0.004123711340206186
0 0.862937062937063 0.8798969072164948 0.005594405594405594 0.0010309278350515464
0 0.8174825174825174 0.8804123711340206 0.009790209790209791 0.002061855670103093
0 0.7965034965034965 0.8798969072164948 0.004195804195804196 0.0010309278350515464
0 0.8755244755244755 0.8798969072164948 0.016783216783216783 0.003092783505154639
0 0.9328671328671329 0.8793814432989691 0.055944055944055944 0.006185567010309278
0 0.45314685314685316 0.8768041237113402 0.09230769230769231 0.005154639175257732
0 0.9531468531468531 0.872680412371134 0.006993006993006993 0.0010309278350515464
0 0.9447552447552447 0.872680412371134 0.0013986013986013986 0.0010309278350515464
0 0.8678321678321679 0.8731958762886598 0.006993006993006993 0.002061855670103093
0 0.7076923076923077 0.8814432989690721 0.13146853146853146 0.018556701030927835
0 0.6027972027972028 0.8819587628865979 0.17902097902097902 0.01958762886597938
0 0.03986013986013986 0.8716494845360825 0.004195804195804196 0.0010309278350515464
0 0.44405594405594406 0.8695876288659794 0.004195804195804196 0.0010309278350515464
0 0.43566433566433566 0.8701030927835052 0.006993006993006993 0.002061855670103093
0 0.42097902097902096 0.8701030927835052 0.013986013986013986 0.002061855670103093
0 0.5251748251748252 0.8690721649484536 0.012587412587412588 0.002061855670103093
0 0.6958041958041958 0.8685567010309279 0.023776223776223775 0.003092783505154639
0 0.7153846153846154 0.8675257731958763 0.006993006993006993 0.003092783505154639
0 0.9566433566433566 0.8654639175257732 0.013986013986013986 0.003092783505154639
0 0.4958041958041958 0.8634020618556701 0.004195804195804196 0.0010309278350515464
0 0.4643356643356643 0.8634020618556701 0.044755244755244755 0.003092783505154639
0 0.6524475524475525 0.8618556701030928 0.043356643356643354 0.004123711340206186
0 0.9587412587412587 0.8587628865979381 0.004195804195804196 0.002061855670103093
0 0.4636363636363636 0.8572164948453608 0.004195804195804196 0.0010309278350515464
0 0.3811188811188811 0.8572164948453608 0.0013986013986013986 0.0010309278350515464
0 0.3356643356643357 0.8577319587628865 0.005594405594405594 0.002061855670103093
0 0.28601398601398603 0.8587628865979381 0.08531468531468532 0.004123711340206186
0 0.35384615384615387 0.8572164948453608 0.025174825174825177 0.003092783505154639
0 0.6776223776223776 0.8541237113402061 0.0013986013986013986 0.0010309278350515464
0 0.7125874125874125 0.8546391752577319 0.046153846153846156 0.004123711340206186
0 0.7867132867132867 0.8603092783505155 0.20279720279720279 0.01958762886597938
0 0.42657342657342656 0.85 0.002797202797202797 0.0010309278350515464
0 0.4034965034965035 0.8505154639175257 0.012587412587412588 0.002061855670103093
0 0.4783216783216783 0.85 0.013986013986013986 0.003092783505154639
0 0.33426573426573425 0.8510309278350515 0.0979020979020979 0.005154639175257732
0 0.9573426573426573 0.845360824742268 0.01818181818181818 0.004123711340206186
0 0.3300699300699301 0.843298969072165 0.002797202797202797 0.002061855670103093
0 0.5 0.9149484536082474 1.0 0.14536082474226805
0 0.42097902097902096 0.8427835051546392 0.013986013986013986 0.003092783505154639
0 0.365034965034965 0.8360824742268042 0.005594405594405594 0.002061855670103093
0 0.20279720279720279 0.8360824742268042 0.005594405594405594 0.002061855670103093
0 0.43916083916083914 0.8350515463917526 0.005594405594405594 0.002061855670103093
0 0.4097902097902098 0.8355670103092784 0.011188811188811189 0.003092783505154639
0 0.22587412587412586 0.8365979381443299 0.03776223776223776 0.005154639175257732
0 0.9552447552447553 0.8309278350515464 0.025174825174825177 0.004123711340206186
0 0.44125874125874126 0.8278350515463917 0.006993006993006993 0.002061855670103093
0 0.21468531468531468 0.8288659793814434 0.06013986013986014 0.004123711340206186
0 0.5013986013986014 0.8268041237113402 0.009790209790209791 0.002061855670103093
0 0.2874125874125874 0.8221649484536082 0.0013986013986013986 0.0010309278350515464
0 0.15804195804195803 0.822680412371134 0.002797202797202797 0.002061855670103093
0 0.3825174825174825 0.8211340206185567 0.004195804195804196 0.0010309278350515464
0 0.36153846153846153 0.8216494845360824 0.02097902097902098 0.004123711340206186
0 0.21188811188811188 0.784020618556701 0.032167832167832165 0.023711340206185566
0 0.24475524475524477 0.7484536082474227 0.002797202797202797 0.002061855670103093
0 0.12377622377622377 0.7932989690721649 0.24755244755244754 0.09381443298969072
0 0.33636363636363636 0.7469072164948454 0.1020979020979021 0.005154639175257732
0 0.3027972027972028 0.7407216494845361 0.004195804195804196 0.0010309278350515464
0 0.24475524475524477 0.7412371134020619 0.002797202797202797 0.002061855670103093
0 0.08811188811188811 0.7422680412371134 0.07832167832167833 0.004123711340206186
0 0.38181818181818183 0.7402061855670103 0.005594405594405594 0.002061855670103093
0 0.4398601398601399 0.7391752577319588 0.004195804195804196 0.002061855670103093
0 0.12307692307692308 0.7350515463917526 0.005594405594405594 0.002061855670103093
0 0.2874125874125874 0.734020618556701 0.0013986013986013986 0.002061855670103093
0 0.08391608391608392 0.7355670103092784 0.06993006993006994 0.005154639175257732
0 0.3811188811188811 0.7324742268041237 0.009790209790209791 0.003092783505154639
0 0.2881118881118881 0.727319587628866 0.002797202797202797 0.0010309278350515464
0 0.17202797202797201 0.727319587628866 0.002797202797202797 0.0010309278350515464
0 0.08811188811188811 0.7283505154639175 0.07552447552447553 0.003092783505154639
0 0.24405594405594405 0.7268041237113402 0.004195804195804196 0.002061855670103093
0 0.38181818181818183 0.7257731958762886 0.005594405594405594 0.002061855670103093
0 0.24685314685314685 0.7206185567010309 0.006993006993006993 0.002061855670103093
0 0.17412587412587413 0.7206185567010309 0.004195804195804196 0.002061855670103093
0 0.08461538461538462 0.7216494845360825 0.06853146853146853 0.004123711340206186
0 0.3825174825174825 0.7190721649484536 0.0013986013986013986 0.0010309278350515464
0 0.44125874125874126 0.7185567010309278 0.004195804195804196 0.002061855670103093
0 0.38181818181818183 0.7128865979381444 0.002797202797202797 0.0010309278350515464
0 0.34545454545454546 0.7128865979381444 0.002797202797202797 0.0010309278350515464
0 0.3258741258741259 0.7128865979381444 0.002797202797202797 0.0010309278350515464
0 0.3167832167832168 0.7134020618556701 0.004195804195804196 0.002061855670103093
0 0.3027972027972028 0.7134020618556701 0.015384615384615385 0.002061855670103093
0 0.2895104895104895 0.7134020618556701 0.005594405594405594 0.002061855670103093
0 0.24615384615384617 0.7134020618556701 0.008391608391608392 0.002061855670103093
0 0.08251748251748252 0.7144329896907217 0.06153846153846154 0.004123711340206186
0 0.16923076923076924 0.7139175257731959 0.013986013986013986 0.005154639175257732
0 0.44475524475524475 0.7118556701030928 0.019580419580419582 0.003092783505154639
0 0.41188811188811186 0.7118556701030928 0.032167832167832165 0.005154639175257732
0 0.10839160839160839 0.7077319587628866 0.004195804195804196 0.0010309278350515464
0 0.16853146853146853 0.7077319587628866 0.015384615384615385 0.003092783505154639
0 0.34475524475524477 0.7056701030927836 0.004195804195804196 0.0010309278350515464
0 0.24685314685314685 0.7061855670103093 0.006993006993006993 0.002061855670103093
0 0.07692307692307693 0.7072164948453609 0.05314685314685315 0.004123711340206186
0 0.30979020979020977 0.7061855670103093 0.04895104895104895 0.004123711340206186
0 0.4286713286713287 0.7051546391752578 0.06573426573426573 0.006185567010309278
0 0.15734265734265734 0.7 0.004195804195804196 0.002061855670103093
0 0.0944055944055944 0.7 0.006993006993006993 0.002061855670103093
0 0.26083916083916087 0.6989690721649484 0.004195804195804196 0.002061855670103093
0 0.17062937062937064 0.7 0.011188811188811189 0.004123711340206186
0 0.06853146853146853 0.7 0.03636363636363636 0.004123711340206186
0 0.2951048951048951 0.6989690721649484 0.016783216783216783 0.004123711340206186
0 0.24685314685314685 0.6989690721649484 0.012587412587412588 0.004123711340206186
0 0.4314685314685315 0.6979381443298969 0.07132867132867132 0.006185567010309278
0 0.16643356643356644 0.6922680412371134 0.005594405594405594 0.0010309278350515464
0 0.15874125874125875 0.6927835051546392 0.004195804195804196 0.002061855670103093
0 0.29790209790209793 0.6912371134020618 0.002797202797202797 0.0010309278350515464
0 0.24545454545454545 0.6922680412371134 0.006993006993006993 0.003092783505154639
0 0.07272727272727272 0.6932989690721649 0.044755244755244755 0.005154639175257732
0 0.2902097902097902 0.6912371134020618 0.006993006993006993 0.003092783505154639
0 0.4370629370629371 0.6907216494845361 0.08251748251748252 0.006185567010309278
0 0.06853146853146853 0.6860824742268041 0.039160839160839164 0.003092783505154639
0 0.28881118881118883 0.6845360824742268 0.004195804195804196 0.002061855670103093
0 0.24475524475524477 0.6845360824742268 0.005594405594405594 0.004123711340206186
0 0.44125874125874126 0.6829896907216495 0.08811188811188811 0.005154639175257732
0 0.5706293706293706 0.6814432989690722 0.011188811188811189 0.004123711340206186
0 0.08811188811188811 0.6783505154639176 0.005594405594405594 0.002061855670103093
0 0.3839160839160839 0.6762886597938145 0.004195804195804196 0.002061855670103093
0 0.24475524475524477 0.6768041237113402 0.005594405594405594 0.003092783505154639
0 0.06643356643356643 0.6783505154639176 0.03496503496503497 0.006185567010309278
0 0.44265734265734263 0.6757731958762887 0.09090909090909091 0.005154639175257732
0 0.293006993006993 0.6695876288659793 0.004195804195804196 0.0010309278350515464
0 0.24475524475524477 0.6701030927835051 0.002797202797202797 0.002061855670103093
0 0.06503496503496503 0.6716494845360824 0.03496503496503497 0.005154639175257732
0 0.3839160839160839 0.6685567010309278 0.0013986013986013986 0.0010309278350515464
0 0.44475524475524475 0.6685567010309278 0.09230769230769231 0.005154639175257732
0 0.08951048951048951 0.6644329896907216 0.002797202797202797 0.0010309278350515464
0 0.2923076923076923 0.6628865979381443 0.005594405594405594 0.002061855670103093
0 0.06503496503496503 0.6644329896907216 0.03776223776223776 0.005154639175257732
0 0.37832167832167835 0.6618556701030928 0.015384615384615385 0.002061855670103093
0 0.44545454545454544 0.661340206185567 0.0965034965034965 0.005154639175257732
0 0.09020979020979021 0.656701030927835 0.006993006993006993 0.002061855670103093
0 0.06433566433566433 0.6577319587628866 0.04195804195804196 0.004123711340206186
0 0.2881118881118881 0.6556701030927835 0.002797202797202797 0.002061855670103093
0 0.4937062937062937 0.6536082474226804 0.005594405594405594 0.002061855670103093
0 0.4125874125874126 0.654639175257732 0.027972027972027972 0.004123711340206186
0 0.5566433566433566 0.6530927835051547 0.008391608391608392 0.003092783505154639
0 0.46153846153846156 0.6541237113402062 0.055944055944055944 0.005154639175257732
0 0.33986013986013985 0.6484536082474227 0.019580419580419582 0.002061855670103093
0 0.3020979020979021 0.6489690721649485 0.03636363636363636 0.003092783505154639
0 0.37272727272727274 0.6479381443298969 0.023776223776223775 0.003092783505154639
0 0.2125874125874126 0.6211340206185567 0.03636363636363636 0.03402061855670103
0 0.6412587412587413 0.6716494845360824 0.7174825174825175 0.3989690721649485
0 0.35804195804195804 0.4695876288659794 0.14825174825174825 0.005154639175257732
0 0.12447552447552447 0.5597938144329897 0.24895104895104894 0.18762886597938144
0 0.16573426573426572 0.4695876288659794 0.16083916083916083 0.009278350515463918
0 0.03426573426573427 0.4639175257731959 0.009790209790209791 0.002061855670103093
0 0.7118881118881119 0.4608247422680412 0.005594405594405594 0.004123711340206186
0 0.6454545454545455 0.4592783505154639 0.11608391608391608 0.007216494845360825
0 0.720979020979021 0.44896907216494847 0.0013986013986013986 0.0010309278350515464
0 0.706993006993007 0.4469072164948454 0.004195804195804196 0.0010309278350515464
0 0.8048951048951049 0.44742268041237115 0.043356643356643354 0.008247422680412371
0 0.7433566433566433 0.4479381443298969 0.03496503496503497 0.009278350515463918
0 0.019580419580419582 0.4479381443298969 0.039160839160839164 0.01134020618556701
0 0.9181818181818182 0.44072164948453607 0.004195804195804196 0.0010309278350515464
0 0.6916083916083916 0.43711340206185567 0.004195804195804196 0.002061855670103093
0 0.6566433566433566 0.43711340206185567 0.004195804195804196 0.002061855670103093
0 0.7034965034965035 0.43608247422680413 0.016783216783216783 0.004123711340206186
0 0.6713286713286714 0.4365979381443299 0.013986013986013986 0.005154639175257732
0 0.779020979020979 0.4350515463917526 0.027972027972027972 0.008247422680412371
0 0.7454545454545455 0.4350515463917526 0.033566433566433566 0.008247422680412371
0 0.011888111888111888 0.43195876288659796 0.012587412587412588 0.004123711340206186
0 0.35454545454545455 0.43041237113402064 0.006993006993006993 0.003092783505154639
0 0.3657342657342657 0.44536082474226807 0.6503496503496503 0.03711340206185567
0 0.6664335664335664 0.422680412371134 0.004195804195804196 0.002061855670103093
0 0.7286713286713287 0.4231958762886598 0.013986013986013986 0.005154639175257732
0 0.7034965034965035 0.422680412371134 0.011188811188811189 0.004123711340206186
0 0.6538461538461539 0.4231958762886598 0.006993006993006993 0.005154639175257732
0 0.7440559440559441 0.4216494845360825 0.008391608391608392 0.006185567010309278
0 0.6762237762237763 0.4092783505154639 0.004195804195804196 0.002061855670103093
0 0.7573426573426574 0.40824742268041236 0.004195804195804196 0.002061855670103093
0 0.6594405594405595 0.4097938144329897 0.012587412587412588 0.005154639175257732
0 0.7783216783216783 0.41649484536082476 0.04895104895104895 0.020618556701030927
0 0.6958041958041958 0.4092783505154639 0.02097902097902098 0.006185567010309278
0 0.727972027972028 0.4092783505154639 0.032167832167832165 0.008247422680412371
0 0.9272727272727272 0.40154639175257734 0.005594405594405594 0.0010309278350515464
0 0.8986013986013986 0.40154639175257734 0.0013986013986013986 0.0010309278350515464
0 0.8545454545454545 0.43711340206185567 0.23496503496503496 0.07422680412371134
0 0.413986013986014 0.39639175257731957 0.002797202797202797 0.0010309278350515464
0 0.7440559440559441 0.39484536082474225 0.011188811188811189 0.002061855670103093
0 0.7181818181818181 0.395360824742268 0.01818181818181818 0.003092783505154639
0 0.6923076923076923 0.3958762886597938 0.013986013986013986 0.004123711340206186
0 0.5923076923076923 0.39639175257731957 0.009790209790209791 0.005154639175257732
0 0.7769230769230769 0.3943298969072165 0.009790209790209791 0.003092783505154639
0 0.8048951048951049 0.395360824742268 0.03496503496503497 0.007216494845360825
0 0.25944055944055944 0.39278350515463917 0.004195804195804196 0.002061855670103093
0 0.23846153846153847 0.3922680412371134 0.004195804195804196 0.0010309278350515464
0 0.8923076923076924 0.39484536082474225 0.12307692307692308 0.008247422680412371
0 0.5076923076923077 0.3902061855670103 0.002797202797202797 0.0010309278350515464
0 0.33426573426573425 0.388659793814433 0.039160839160839164 0.004123711340206186
0 0.2783216783216783 0.38762886597938145 0.013986013986013986 0.002061855670103093
0 0.15034965034965034 0.39123711340206185 0.16363636363636364 0.009278350515463918
0 0.3832167832167832 0.38608247422680414 0.002797202797202797 0.0010309278350515464
0 0.3678321678321678 0.3871134020618557 0.013986013986013986 0.003092783505154639
0 0.393006993006993 0.3850515463917526 0.002797202797202797 0.0010309278350515464
0 0.6363636363636364 0.38144329896907214 0.005594405594405594 0.004123711340206186
0 0.7839160839160839 0.3824742268041237 0.08811188811188811 0.008247422680412371
0 0.7286713286713287 0.3819587628865979 0.019580419580419582 0.007216494845360825
0 0.679020979020979 0.3824742268041237 0.06293706293706294 0.008247422680412371
0 0.986013986013986 0.32577319587628867 0.002797202797202797 0.006185567010309278
0 0.9370629370629371 0.2737113402061856 0.002797202797202797 0.003092783505154639
0 0.9370629370629371 0.2685567010309278 0.002797202797202797 0.003092783505154639
0 0.9244755244755245 0.2603092783505155 0.002797202797202797 0.003092783505154639
0 0.5160839160839161 0.3402061855670103 0.9482517482517483 0.177319587628866
0 0.9685314685314685 0.15103092783505154 0.0013986013986013986 0.003092783505154639
0 0.9685314685314685 0.14484536082474228 0.004195804195804196 0.005154639175257732
0 0.9713286713286713 0.12216494845360824 0.009790209790209791 0.02577319587628866
0 0.9594405594405594 0.11185567010309279 0.005594405594405594 0.005154639175257732
0 0.9692307692307692 0.10360824742268042 0.008391608391608392 0.003092783505154639
0 0.9685314685314685 0.09690721649484536 0.004195804195804196 0.004123711340206186
0 0.9342657342657342 0.07989690721649484 0.12027972027972028 0.05257731958762887
0 0.0034965034965034965 0.052061855670103095 0.006993006993006993 0.01134020618556701
0 0.479020979020979 0.05257731958762887 0.6027972027972028 0.01443298969072165
0 0.005594405594405594 0.021134020618556702 0.011188811188811189 0.015463917525773196
0 0.005594405594405594 0.004123711340206186 0.011188811188811189 0.008247422680412371
