0 0.4667221297836938 0.988831615120275 0.16805324459234608 0.022336769759450172
0 0.04159733777038269 0.8823024054982818 0.029950083194675542 0.08075601374570447
0 0.7038269550748752 0.8049828178694158 0.019966722129783693 0.005154639175257732
0 0.6880199667221298 0.7963917525773195 0.0016638935108153079 0.001718213058419244
0 0.44093178036605657 0.7955326460481099 0.0066555740432612314 0.006872852233676976
0 0.56738768718802 0.7920962199312714 0.0066555740432612314 0.003436426116838488
0 0.6148086522462562 0.7895189003436426 0.0016638935108153079 0.001718213058419244
0 0.5482529118136439 0.7955326460481099 0.018302828618968387 0.01718213058419244
0 0.4101497504159734 0.7774914089347079 0.014975041597337771 0.005154639175257732
0 0.540765391014975 0.7740549828178694 0.0033277870216306157 0.001718213058419244
0 0.5956738768718802 0.7723367697594502 0.059900166389351084 0.00859106529209622
0 0.4068219633943428 0.7620274914089347 0.008319467554076539 0.005154639175257732
0 0.47254575707154745 0.7603092783505154 0.013311148086522463 0.005154639175257732
0 0.6464226289517471 0.7525773195876289 0.014975041597337771 0.003436426116838488
0 0.5790349417637272 0.7396907216494846 0.013311148086522463 0.005154639175257732
0 0.4043261231281198 0.743127147766323 0.009983361064891847 0.015463917525773196
0 0.5940099833610649 0.7310996563573883 0.0033277870216306157 0.001718213058419244
0 0.9800332778702163 0.6675257731958762 0.0066555740432612314 0.005154639175257732
0 0.024126455906821963 0.6743986254295533 0.024958402662229616 0.02577319587628866
0 0.045757071547420966 0.6219931271477663 0.008319467554076539 0.03436426116838488
0 0.3860232945091514 0.5773195876288659 0.0066555740432612314 0.030927835051546393
0 0.5490848585690515 0.4793814432989691 0.0066555740432612314 0.003436426116838488
0 0.5415973377703827 0.4536082474226804 0.004991680532445923 0.003436426116838488
0 0.6439267886855241 0.45017182130584193 0.0066555740432612314 0.003436426116838488
0 0.6647254575707154 0.4475945017182131 0.011647254575707155 0.005154639175257732
0 0.6173044925124792 0.4338487972508591 0.16306156405990016 0.015463917525773196
0 0.5124792013311148 0.4183848797250859 0.0033277870216306157 0.001718213058419244
0 0.38519134775374375 0.4209621993127148 0.07154742096505824 0.013745704467353952
0 0.9816971713810316 0.41237113402061853 0.036605657237936774 0.006872852233676976
0 0.5748752079866889 0.41580756013745707 0.07487520798668885 0.013745704467353952
0 0.7495840266222962 0.40893470790378006 0.03494176372712146 0.013745704467353952
0 0.37271214642262895 0.4020618556701031 0.07321131447587355 0.01718213058419244
0 0.6480865224625624 0.39261168384879724 0.004991680532445923 0.005154639175257732
0 0.5973377703826955 0.39347079037800686 0.06655574043261231 0.013745704467353952
0 0.11564059900166389 0.38917525773195877 0.008319467554076539 0.005154639175257732
0 0.09317803660565724 0.38831615120274915 0.0033277870216306157 0.003436426116838488
0 0.04326123128119801 0.3900343642611684 0.02329450915141431 0.010309278350515464
0 0.7770382695507487 0.38917525773195877 0.029950083194675542 0.012027491408934709
0 0.07903494176372712 0.38745704467353953 0.011647254575707155 0.00859106529209622
0 0.6738768718801996 0.686426116838488 0.6522462562396006 0.627147766323024
0 0.9825291181364393 0.3788659793814433 0.03494176372712146 0.015463917525773196
0 0.31281198003327787 0.3797250859106529 0.18302828618968386 0.01718213058419244
0 0.10898502495840266 0.3711340206185567 0.024958402662229616 0.006872852233676976
0 0.6073211314475874 0.3711340206185567 0.07321131447587355 0.013745704467353952
0 0.8377703826955075 0.36168384879725085 0.0016638935108153079 0.001718213058419244
0 0.36605657237936773 0.36082474226804123 0.059900166389351084 0.010309278350515464
0 0.937603993344426 0.36082474226804123 0.12479201331114809 0.020618556701030927
0 0.12562396006655574 0.3539518900343643 0.014975041597337771 0.006872852233676976
0 0.6505823627287853 0.35051546391752575 0.0066555740432612314 0.003436426116838488
0 0.6039933444259568 0.35223367697594504 0.06988352745424292 0.010309278350515464
0 0.6896838602329451 0.3487972508591065 0.021630615640599003 0.006872852233676976
0 0.3302828618968386 0.3470790378006873 0.008319467554076539 0.003436426116838488
0 0.8302828618968386 0.3445017182130584 0.0066555740432612314 0.005154639175257732
0 0.9442595673876872 0.34106529209621994 0.11148086522462562 0.015463917525773196
0 0.7129783693843594 0.33075601374570446 0.051580698835274545 0.00859106529209622
0 0.4492512479201331 0.3281786941580756 0.016638935108153077 0.010309278350515464
0 0.4068219633943428 0.327319587628866 0.011647254575707155 0.00859106529209622
0 0.8427620632279534 0.32560137457044674 0.021630615640599003 0.00859106529209622
0 0.7079866888519135 0.3084192439862543 0.024958402662229616 0.022336769759450172
0 0.2454242928452579 0.2981099656357388 0.004991680532445923 0.005154639175257732
0 0.240432612312812 0.23024054982817868 0.004991680532445923 0.013745704467353952
0 0.38519134775374375 0.28350515463917525 0.06156405990016639 0.13745704467353953
0 0.8477537437603994 0.20103092783505155 0.011647254575707155 0.020618556701030927
0 0.43594009983361065 0.12027491408934708 0.0066555740432612314 0.006872852233676976
0 0.673044925124792 0.1134020618556701 0.03494176372712146 0.013745704467353952
0 0.5823627287853578 0.08934707903780069 0.03993344425956739 0.030927835051546393
0 0.42845257903494177 0.16323024054982818 0.12146422628951747 0.19243986254295534
0 0.757071547420965 0.07388316151202749 0.09317803660565724 0.03436426116838488
0 0.13061564059900166 0.211340206185567 0.22129783693843594 0.30927835051546393
0 0.7978369384359401 0.19158075601374572 0.4043261231281198 0.2972508591065292
0 0.5940099833610649 0.04553264604810996 0.0033277870216306157 0.005154639175257732
0 0.5607321131447587 0.044673539518900345 0.0033277870216306157 0.006872852233676976
0 0.5740432612312812 0.0429553264604811 0.016638935108153077 0.01718213058419244
0 0.5640599001663894 0.03264604810996564 0.009983361064891847 0.010309278350515464
0 0.589018302828619 0.024054982817869417 0.0033277870216306157 0.003436426116838488
0 0.4683860232945091 0.022336769759450172 0.011647254575707155 0.006872852233676976
0 0.4584026622296173 0.03264604810996564 0.03161397670549085 0.027491408934707903
0 0.4226289517470882 0.03264604810996564 0.013311148086522463 0.027491408934707903
0 0.4933444259567388 0.030927835051546393 0.014975041597337771 0.027491408934707903
0 0.5615640599001663 0.020618556701030927 0.004991680532445923 0.010309278350515464
0 0.5782029950083195 0.014604810996563574 0.004991680532445923 0.005154639175257732
