0 0.5384615384615384 0.9819277108433735 0.005494505494505495 0.004016064257028112
0 0.5247252747252747 0.9819277108433735 0.01098901098901099 0.012048192771084338
0 0.49313186813186816 0.9879518072289156 0.013736263736263736 0.024096385542168676
0 0.38186813186813184 0.9859437751004017 0.03296703296703297 0.028112449799196786
0 0.3516483516483517 0.9859437751004017 0.016483516483516484 0.028112449799196786
0 0.3131868131868132 0.9839357429718876 0.016483516483516484 0.0321285140562249
0 0.26785714285714285 0.9819277108433735 0.03021978021978022 0.03614457831325301
0 0.013736263736263736 0.6686746987951807 0.005494505494505495 0.004016064257028112
0 0.0027472527472527475 0.6666666666666666 0.005494505494505495 0.008032128514056224
0 0.5 0.5040160642570282 1.0 0.8232931726907631
0 0.4848901098901099 0.07630522088353414 0.08516483516483517 0.0321285140562249
0 0.5206043956043956 0.05622489959839357 0.008241758241758242 0.01606425702811245
0 0.510989010989011 0.040160642570281124 0.005494505494505495 0.008032128514056224
0 0.4697802197802198 0.040160642570281124 0.005494505494505495 0.008032128514056224
0 0.49038461538461536 0.02610441767068273 0.013736263736263736 0.03614457831325301
0 0.5247252747252747 0.010040160642570281 0.01098901098901099 0.020080321285140562
0 0.4532967032967033 0.028112449799196786 0.02197802197802198 0.05622489959839357
0 0.34203296703296704 0.03413654618473896 0.03021978021978022 0.06827309236947791
0 0.2980769230769231 0.03413654618473896 0.019230769230769232 0.06827309236947791
0 0.23763736263736263 0.03413654618473896 0.04120879120879121 0.06827309236947791
