0 0.5 0.9692671394799054 1.0 0.061465721040189124
0 0.5 0.5047281323877069 1.0 0.8486997635933806
0 0.6435045317220544 0.06264775413711583 0.06042296072507553 0.02127659574468085
0 0.6283987915407855 0.05319148936170213 0.006042296072507553 0.002364066193853428
0 0.6510574018126888 0.03546099290780142 0.021148036253776436 0.018912529550827423
0 0.486404833836858 0.04609929078014184 0.030211480362537766 0.04018912529550828
0 0.43202416918429004 0.04491725768321513 0.054380664652567974 0.0425531914893617
0 0.3716012084592145 0.04491725768321513 0.04229607250755287 0.0425531914893617
0 0.6299093655589124 0.022458628841607566 0.0030211480362537764 0.002364066193853428
0 0.6057401812688822 0.04018912529550828 0.027190332326283987 0.037825059101654845
