0 0.4381578947368421 0.9961538461538462 0.007894736842105263 0.007692307692307693
0 0.37763157894736843 0.9961538461538462 0.039473684210526314 0.007692307692307693
0 0.6052631578947368 0.9942307692307693 0.015789473684210527 0.011538461538461539
0 0.5828947368421052 0.9942307692307693 0.007894736842105263 0.011538461538461539
0 0.5486842105263158 0.9942307692307693 0.007894736842105263 0.011538461538461539
0 0.31973684210526315 0.9942307692307693 0.02894736842105263 0.011538461538461539
0 0.6789473684210526 0.9769230769230769 0.05263157894736842 0.046153846153846156
0 0.3868421052631579 0.975 0.28421052631578947 0.05
0 0.08157894736842106 0.35192307692307695 0.005263157894736842 0.0038461538461538464
0 0.002631578947368421 0.35384615384615387 0.005263157894736842 0.023076923076923078
0 0.04342105263157895 0.3096153846153846 0.018421052631578946 0.0038461538461538464
0 0.11710526315789474 0.3057692307692308 0.002631578947368421 0.0038461538461538464
0 0.002631578947368421 0.3057692307692308 0.005263157894736842 0.011538461538461539
0 0.2131578947368421 0.3057692307692308 0.05263157894736842 0.019230769230769232
0 0.5 0.48653846153846153 1.0 0.85
0 0.5960526315789474 0.04807692307692308 0.02894736842105263 0.011538461538461539
0 0.6144736842105263 0.028846153846153848 0.007894736842105263 0.011538461538461539
0 0.6381578947368421 0.032692307692307694 0.02894736842105263 0.03461538461538462
0 0.6947368421052632 0.038461538461538464 0.05263157894736842 0.07692307692307693
0 0.675 0.019230769230769232 0.002631578947368421 0.038461538461538464
0 0.5776315789473684 0.025 0.02368421052631579 0.05
0 0.45921052631578946 0.01730769230769231 0.013157894736842105 0.03461538461538462
0 0.3868421052631579 0.015384615384615385 0.015789473684210527 0.03076923076923077
0 0.3447368421052632 0.015384615384615385 0.04736842105263158 0.03076923076923077
0 0.4052631578947368 0.03653846153846154 0.2789473684210526 0.07307692307692308
