0 0.5459459459459459 0.9940476190476191 0.016216216216216217 0.011904761904761904
0 0.5297297297297298 0.9642857142857143 0.005405405405405406 0.007936507936507936
0 0.4972972972972973 0.9781746031746031 0.016216216216216217 0.04365079365079365
0 0.39054054054054055 0.9742063492063492 0.02972972972972973 0.051587301587301584
0 0.33783783783783783 0.9662698412698413 0.05945945945945946 0.06746031746031746
0 0.2743243243243243 0.9642857142857143 0.02972972972972973 0.07142857142857142
0 0.5 0.501984126984127 1.0 0.8849206349206349
0 0.5472972972972973 0.06349206349206349 0.01891891891891892 0.015873015873015872
0 0.6405405405405405 0.047619047619047616 0.05405405405405406 0.09523809523809523
0 0.5675675675675675 0.03571428571428571 0.05405405405405406 0.07142857142857142
0 0.5202702702702703 0.03373015873015873 0.01891891891891892 0.06746031746031746
0 0.3621621621621622 0.041666666666666664 0.2756756756756757 0.08333333333333333
