0 0.568733153638814 0.9071428571428571 0.6792452830188679 0.08214285714285714
0 0.9703504043126685 0.9178571428571428 0.05929919137466307 0.12142857142857143
0 0.14555256064690028 0.8321428571428572 0.005390835579514825 0.0035714285714285713
0 0.16981132075471697 0.8303571428571429 0.016172506738544475 0.010714285714285714
0 0.9339622641509434 0.7776785714285714 0.018867924528301886 0.005357142857142857
0 0.8840970350404312 0.7776785714285714 0.0215633423180593 0.005357142857142857
0 0.19811320754716982 0.8044642857142857 0.11590296495956873 0.06607142857142857
0 0.8328840970350404 0.7607142857142857 0.01078167115902965 0.0035714285714285713
0 0.7695417789757413 0.74375 0.008086253369272238 0.0017857142857142857
0 0.5983827493261455 0.7428571428571429 0.005390835579514825 0.0035714285714285713
0 0.8584905660377359 0.7473214285714286 0.10512129380053908 0.01607142857142857
0 0.793800539083558 0.7348214285714286 0.03504043126684636 0.005357142857142857
0 0.5943396226415094 0.7339285714285714 0.02425876010781671 0.007142857142857143
0 0.5741239892183289 0.725 0.01078167115902965 0.0035714285714285713
0 0.9690026954177897 0.7214285714285714 0.013477088948787063 0.0035714285714285713
0 0.6873315363881402 0.71875 0.005390835579514825 0.0017857142857142857
0 0.5929919137466307 0.7169642857142857 0.05390835579514825 0.005357142857142857
0 0.5134770889487871 0.7125 0.029649595687331536 0.007142857142857143
0 0.807277628032345 0.6973214285714285 0.018867924528301886 0.005357142857142857
0 0.9043126684636119 0.6946428571428571 0.008086253369272238 0.0035714285714285713
0 0.5512129380053908 0.6946428571428571 0.02425876010781671 0.0035714285714285713
0 0.49056603773584906 0.6883928571428571 0.07008086253369272 0.01607142857142857
0 0.8140161725067385 0.6794642857142857 0.026954177897574125 0.005357142857142857
0 0.9582210242587601 0.6758928571428572 0.03504043126684636 0.0017857142857142857
0 0.9919137466307277 0.675 0.016172506738544475 0.007142857142857143
0 0.16846361185983827 0.6723214285714286 0.008086253369272238 0.0017857142857142857
0 0.6913746630727763 0.76875 0.6172506738544474 0.20535714285714285
0 0.7978436657681941 0.6616071428571428 0.005390835579514825 0.0017857142857142857
0 0.5943396226415094 0.6616071428571428 0.008086253369272238 0.0017857142857142857
0 0.4339622641509434 0.6544642857142857 0.005390835579514825 0.0017857142857142857
0 0.16442048517520216 0.6553571428571429 0.0215633423180593 0.0035714285714285713
0 0.005390835579514825 0.70625 0.01078167115902965 0.13035714285714287
0 0.8463611859838275 0.6294642857142857 0.03773584905660377 0.019642857142857142
0 0.8382749326145552 0.6107142857142858 0.005390835579514825 0.0035714285714285713
0 0.7601078167115903 0.625 0.11320754716981132 0.06428571428571428
0 0.5970350404312669 0.5616071428571429 0.008086253369272238 0.0017857142857142857
0 0.29649595687331537 0.5794642857142858 0.03234501347708895 0.11964285714285715
0 0.5067385444743935 0.5857142857142857 0.22641509433962265 0.1392857142857143
0 0.7452830188679245 0.5107142857142857 0.013477088948787063 0.0035714285714285713
0 0.9204851752021563 0.58125 0.15902964959568733 0.14821428571428572
0 0.16307277628032346 0.5660714285714286 0.0889487870619946 0.14642857142857144
0 0.009433962264150943 0.5625 0.018867924528301886 0.14642857142857144
0 0.9946091644204852 0.48660714285714285 0.01078167115902965 0.005357142857142857
0 0.008086253369272238 0.4830357142857143 0.016172506738544475 0.008928571428571428
0 0.5363881401617251 0.47232142857142856 0.016172506738544475 0.005357142857142857
0 0.7129380053908356 0.4544642857142857 0.018867924528301886 0.005357142857142857
0 0.72911051212938 0.4330357142857143 0.013477088948787063 0.005357142857142857
0 0.8733153638814016 0.43214285714285716 0.05929919137466307 0.007142857142857143
0 0.7762803234501348 0.43125 0.01078167115902965 0.005357142857142857
0 0.7398921832884097 0.4125 0.018867924528301886 0.007142857142857143
0 0.8800539083557951 0.4160714285714286 0.05660377358490566 0.017857142857142856
0 0.7506738544474394 0.3982142857142857 0.013477088948787063 0.007142857142857143
0 0.21024258760107817 0.4089285714285714 0.2371967654986523 0.1357142857142857
0 0.29514824797843664 0.2839285714285714 0.03504043126684636 0.014285714285714285
0 0.25202156334231807 0.28660714285714284 0.03504043126684636 0.023214285714285715
0 0.2210242587601078 0.28214285714285714 0.01078167115902965 0.014285714285714285
0 0.1940700808625337 0.28035714285714286 0.016172506738544475 0.017857142857142856
0 0.1725067385444744 0.2794642857142857 0.01078167115902965 0.01607142857142857
0 0.1495956873315364 0.2785714285714286 0.013477088948787063 0.017857142857142856
0 0.11725067385444744 0.2785714285714286 0.03504043126684636 0.017857142857142856
0 0.07142857142857142 0.27767857142857144 0.018867924528301886 0.019642857142857142
0 0.7008086253369272 0.3732142857142857 0.5983827493261455 0.21428571428571427
0 0.9083557951482479 0.2625 0.09164420485175202 0.0035714285714285713
0 0.8935309973045822 0.2517857142857143 0.008086253369272238 0.0035714285714285713
0 0.4757412398921833 0.24910714285714286 0.05660377358490566 0.005357142857142857
0 0.8921832884097035 0.24017857142857144 0.005390835579514825 0.0017857142857142857
0 0.9083557951482479 0.24017857142857144 0.0215633423180593 0.005357142857142857
0 0.5 0.2375 0.013477088948787063 0.0035714285714285713
0 0.46900269541778977 0.2375 0.026954177897574125 0.0035714285714285713
0 0.8908355795148248 0.2294642857142857 0.013477088948787063 0.0017857142857142857
0 0.8140161725067385 0.2294642857142857 0.01078167115902965 0.0017857142857142857
0 0.7911051212938005 0.2294642857142857 0.008086253369272238 0.0017857142857142857
0 0.5107816711590296 0.22767857142857142 0.0026954177897574125 0.0017857142857142857
0 0.49595687331536387 0.22767857142857142 0.005390835579514825 0.0017857142857142857
0 0.477088948787062 0.22678571428571428 0.01078167115902965 0.0035714285714285713
0 0.45956873315363883 0.22678571428571428 0.013477088948787063 0.0035714285714285713
0 0.07412398921832884 0.22053571428571428 0.0026954177897574125 0.0017857142857142857
0 0.862533692722372 0.21785714285714286 0.0215633423180593 0.0035714285714285713
0 0.4555256064690027 0.21517857142857144 0.016172506738544475 0.0017857142857142857
0 0.4380053908355795 0.21517857142857144 0.0026954177897574125 0.0017857142857142857
0 0.40161725067385445 0.21428571428571427 0.01078167115902965 0.0035714285714285713
0 0.38409703504043125 0.21428571428571427 0.008086253369272238 0.0035714285714285713
0 0.44609164420485176 0.20357142857142857 0.03504043126684636 0.0035714285714285713
0 0.39622641509433965 0.20357142857142857 0.03234501347708895 0.0035714285714285713
0 0.35444743935309975 0.20267857142857143 0.0026954177897574125 0.0017857142857142857
0 0.34097035040431267 0.20267857142857143 0.008086253369272238 0.0017857142857142857
0 0.3261455525606469 0.20267857142857143 0.01078167115902965 0.0017857142857142857
0 0.30997304582210244 0.20267857142857143 0.01078167115902965 0.0017857142857142857
0 0.29110512129380056 0.20267857142857143 0.01078167115902965 0.0017857142857142857
0 0.24797843665768193 0.2017857142857143 0.01078167115902965 0.0035714285714285713
0 0.41778975741239893 0.19196428571428573 0.005390835579514825 0.0017857142857142857
0 0.37331536388140163 0.1705357142857143 0.1105121293800539 0.005357142857142857
0 0.2991913746630728 0.15982142857142856 0.01078167115902965 0.0017857142857142857
0 0.38409703504043125 0.16071428571428573 0.09973045822102426 0.007142857142857143
0 0.408355795148248 0.15089285714285713 0.03504043126684636 0.0017857142857142857
0 0.35714285714285715 0.15 0.04043126684636118 0.0035714285714285713
0 0.38544474393531 0.14107142857142857 0.1078167115902965 0.007142857142857143
0 0.3045822102425876 0.13214285714285715 0.026954177897574125 0.0035714285714285713
0 0.26549865229110514 0.25089285714285714 0.5309973045822103 0.44821428571428573
0 0.8854447439353099 0.06428571428571428 0.16981132075471697 0.09285714285714286
0 0.6482479784366577 0.008928571428571428 0.05121293800539083 0.017857142857142856
0 0.545822102425876 0.0035714285714285713 0.013477088948787063 0.007142857142857143
0 0.36522911051212936 0.009821428571428571 0.2776280323450135 0.019642857142857142
