0 0.2914285714285714 0.9639705882352941 0.518095238095238 0.07205882352941176
0 0.9752380952380952 0.8948529411764706 0.049523809523809526 0.07794117647058824
0 0.9057142857142857 0.8183823529411764 0.005714285714285714 0.0014705882352941176
0 0.9447619047619048 0.8191176470588235 0.05714285714285714 0.0058823529411764705
0 0.8933333333333333 0.8066176470588236 0.007619047619047619 0.0014705882352941176
0 0.74 0.8007352941176471 0.009523809523809525 0.0014705882352941176
0 0.7285714285714285 0.8022058823529412 0.009523809523809525 0.004411764705882353
0 0.9980952380952381 0.7948529411764705 0.0038095238095238095 0.0014705882352941176
0 0.30952380952380953 0.7933823529411764 0.024761904761904763 0.004411764705882353
0 0.27714285714285714 0.7926470588235294 0.009523809523809525 0.0029411764705882353
0 0.32285714285714284 0.7860294117647059 0.0019047619047619048 0.0014705882352941176
0 0.1761904761904762 0.7867647058823529 0.009523809523809525 0.0029411764705882353
0 0.9419047619047619 0.7955882352941176 0.06285714285714286 0.023529411764705882
0 0.9914285714285714 0.7786764705882353 0.017142857142857144 0.004411764705882353
0 0.9561904761904761 0.7764705882352941 0.02666666666666667 0.0058823529411764705
0 0.06190476190476191 0.7713235294117647 0.005714285714285714 0.0014705882352941176
0 0.9571428571428572 0.7669117647058824 0.009523809523809525 0.004411764705882353
0 0.559047619047619 0.7683823529411765 0.03619047619047619 0.007352941176470588
0 0.9876190476190476 0.7617647058823529 0.005714285714285714 0.0029411764705882353
0 0.5428571428571428 0.7595588235294117 0.007619047619047619 0.0014705882352941176
0 0.5057142857142857 0.8448529411764706 0.9619047619047619 0.18382352941176472
0 0.030476190476190476 0.7536764705882353 0.0038095238095238095 0.0014705882352941176
0 0.5304761904761904 0.7507352941176471 0.009523809523809525 0.004411764705882353
0 0.5076190476190476 0.7492647058823529 0.013333333333333334 0.004411764705882353
0 0.9809523809523809 0.7477941176470588 0.007619047619047619 0.007352941176470588
0 0.03238095238095238 0.7448529411764706 0.011428571428571429 0.004411764705882353
0 0.44952380952380955 0.7477941176470588 0.09904761904761905 0.016176470588235296
0 0.4657142857142857 0.7375 0.009523809523809525 0.004411764705882353
0 0.4085714285714286 0.7330882352941176 0.017142857142857144 0.004411764705882353
0 0.5114285714285715 0.7316176470588235 0.005714285714285714 0.004411764705882353
0 0.4828571428571429 0.7308823529411764 0.02095238095238095 0.0058823529411764705
0 0.3476190476190476 0.7294117647058823 0.009523809523809525 0.0029411764705882353
0 0.14 0.7294117647058823 0.013333333333333334 0.0029411764705882353
0 0.32571428571428573 0.7272058823529411 0.0038095238095238095 0.0014705882352941176
0 0.4380952380952381 0.7264705882352941 0.011428571428571429 0.0029411764705882353
0 0.580952380952381 0.7235294117647059 0.022857142857142857 0.008823529411764706
0 0.14857142857142858 0.7227941176470588 0.01904761904761905 0.007352941176470588
0 0.03619047619047619 0.7213235294117647 0.015238095238095238 0.004411764705882353
0 0.3323809523809524 0.7191176470588235 0.009523809523809525 0.0058823529411764705
0 0.26285714285714284 0.7220588235294118 0.10666666666666667 0.020588235294117647
0 0.13047619047619047 0.7125 0.009523809523809525 0.004411764705882353
0 0.520952380952381 0.7066176470588236 0.02095238095238095 0.007352941176470588
0 0.11619047619047619 0.7044117647058824 0.011428571428571429 0.0058823529411764705
0 0.0761904761904762 0.7198529411764706 0.10285714285714286 0.039705882352941174
0 0.03333333333333333 0.7088235294117647 0.024761904761904763 0.01764705882352941
0 0.5314285714285715 0.6941176470588235 0.007619047619047619 0.0058823529411764705
0 0.004761904761904762 0.6735294117647059 0.009523809523809525 0.023529411764705882
0 0.9857142857142858 0.6772058823529412 0.02857142857142857 0.14852941176470588
0 0.9971428571428571 0.5911764705882353 0.005714285714285714 0.0029411764705882353
0 0.560952380952381 0.5882352941176471 0.009523809523809525 0.0058823529411764705
0 0.96 0.5816176470588236 0.011428571428571429 0.004411764705882353
0 0.9914285714285714 0.5786764705882353 0.017142857142857144 0.016176470588235296
0 0.5780952380952381 0.5698529411764706 0.09714285714285714 0.010294117647058823
0 0.9571428571428572 0.5639705882352941 0.013333333333333334 0.004411764705882353
0 0.9866666666666667 0.5647058823529412 0.02666666666666667 0.008823529411764706
0 0.10857142857142857 0.5602941176470588 0.0038095238095238095 0.0029411764705882353
0 0.3476190476190476 0.5617647058823529 0.08952380952380952 0.011764705882352941
0 0.2923809523809524 0.5595588235294118 0.009523809523809525 0.007352941176470588
0 0.9961904761904762 0.5558823529411765 0.007619047619047619 0.0029411764705882353
0 0.2704761904761905 0.5588235294117647 0.015238095238095238 0.008823529411764706
0 0.17714285714285713 0.5551470588235294 0.01904761904761905 0.010294117647058823
0 0.15047619047619049 0.5536764705882353 0.01904761904761905 0.010294117647058823
0 0.12095238095238095 0.5514705882352942 0.024761904761904763 0.008823529411764706
0 0.9495238095238095 0.5463235294117647 0.005714285714285714 0.0014705882352941176
0 0.0980952380952381 0.549264705882353 0.009523809523809525 0.007352941176470588
0 0.9914285714285714 0.5470588235294118 0.017142857142857144 0.0058823529411764705
0 0.4990476190476191 0.5477941176470589 0.011428571428571429 0.007352941176470588
0 0.4847619047619048 0.5485294117647059 0.013333333333333334 0.008823529411764706
0 0.29619047619047617 0.5448529411764705 0.009523809523809525 0.004411764705882353
0 0.13714285714285715 0.5448529411764705 0.007619047619047619 0.004411764705882353
0 0.5761904761904761 0.5433823529411764 0.009523809523809525 0.004411764705882353
0 0.10380952380952381 0.5419117647058823 0.005714285714285714 0.004411764705882353
0 0.3333333333333333 0.5433823529411764 0.015238095238095238 0.013235294117647059
0 0.18285714285714286 0.5367647058823529 0.0038095238095238095 0.0029411764705882353
0 0.11047619047619048 0.5330882352941176 0.007619047619047619 0.007352941176470588
0 0.14095238095238094 0.5338235294117647 0.0380952380952381 0.011764705882352941
0 0.4638095238095238 0.5301470588235294 0.017142857142857144 0.007352941176470588
0 0.4895238095238095 0.663235294117647 0.940952380952381 0.2735294117647059
0 0.9914285714285714 0.5286764705882353 0.017142857142857144 0.007352941176470588
0 0.37714285714285717 0.5272058823529412 0.09904761904761905 0.013235294117647059
0 0.30666666666666664 0.5227941176470589 0.007619047619047619 0.004411764705882353
0 0.9980952380952381 0.5205882352941177 0.0038095238095238095 0.0029411764705882353
0 0.20857142857142857 0.5213235294117647 0.005714285714285714 0.004411764705882353
0 0.029523809523809525 0.5198529411764706 0.017142857142857144 0.004411764705882353
0 0.1457142857142857 0.5176470588235295 0.07047619047619047 0.008823529411764706
0 0.7076190476190476 0.5125 0.013333333333333334 0.004411764705882353
0 0.035238095238095235 0.5125 0.02857142857142857 0.007352941176470588
0 0.28285714285714286 0.5073529411764706 0.013333333333333334 0.008823529411764706
0 0.9914285714285714 0.5080882352941176 0.017142857142857144 0.013235294117647059
0 0.9923809523809524 0.4933823529411765 0.015238095238095238 0.007352941176470588
0 0.1457142857142857 0.49779411764705883 0.1657142857142857 0.022058823529411766
0 0.82 0.4904411764705882 0.21523809523809523 0.013235294117647059
0 0.7104761904761905 0.5330882352941176 0.4723809523809524 0.1161764705882353
0 0.12285714285714286 0.47352941176470587 0.005714285714285714 0.0029411764705882353
0 0.5028571428571429 0.4625 0.0380952380952381 0.007352941176470588
0 0.3333333333333333 0.48823529411764705 0.6285714285714286 0.07058823529411765
0 0.5438095238095239 0.44926470588235295 0.009523809523809525 0.010294117647058823
0 0.5 0.4404411764705882 0.07809523809523809 0.033823529411764704
0 0.5333333333333333 0.41911764705882354 0.0038095238095238095 0.0029411764705882353
0 0.559047619047619 0.4176470588235294 0.009523809523809525 0.014705882352941176
0 0.5419047619047619 0.3926470588235294 0.017142857142857144 0.014705882352941176
0 0.5838095238095238 0.37279411764705883 0.009523809523809525 0.016176470588235296
0 0.6952380952380952 0.3713235294117647 0.01904761904761905 0.03676470588235294
0 0.54 0.36323529411764705 0.06666666666666667 0.03823529411764706
0 0.9876190476190476 0.4088235294117647 0.024761904761904763 0.1323529411764706
0 0.800952380952381 0.40661764705882353 0.2419047619047619 0.14852941176470588
0 0.023809523809523808 0.3352941176470588 0.009523809523809525 0.014705882352941176
0 0.9857142857142858 0.32279411764705884 0.02857142857142857 0.004411764705882353
0 0.8828571428571429 0.3205882352941177 0.017142857142857144 0.0029411764705882353
0 0.8580952380952381 0.31985294117647056 0.009523809523809525 0.0014705882352941176
0 0.35333333333333333 0.38676470588235295 0.29904761904761906 0.13529411764705881
0 0.5838095238095238 0.3139705882352941 0.0019047619047619048 0.0014705882352941176
0 0.560952380952381 0.3139705882352941 0.0019047619047619048 0.0014705882352941176
0 0.8171428571428572 0.31029411764705883 0.030476190476190476 0.0029411764705882353
0 0.7933333333333333 0.3139705882352941 0.11238095238095239 0.016176470588235296
0 0.9990476190476191 0.30514705882352944 0.0019047619047619048 0.0014705882352941176
0 0.9771428571428571 0.30514705882352944 0.011428571428571429 0.0014705882352941176
0 0.30857142857142855 0.30808823529411766 0.049523809523809526 0.010294117647058823
0 0.8180952380952381 0.3014705882352941 0.03619047619047619 0.0058823529411764705
0 0.7533333333333333 0.3 0.017142857142857144 0.0058823529411764705
0 0.18761904761904763 0.2963235294117647 0.0019047619047619048 0.0014705882352941176
0 0.10380952380952381 0.2948529411764706 0.005714285714285714 0.0014705882352941176
0 0.7561904761904762 0.2911764705882353 0.007619047619047619 0.0029411764705882353
0 0.9980952380952381 0.2897058823529412 0.0038095238095238095 0.0029411764705882353
0 0.9761904761904762 0.2889705882352941 0.009523809523809525 0.004411764705882353
0 0.2057142857142857 0.37573529411764706 0.37714285714285717 0.17794117647058824
0 0.758095238095238 0.28455882352941175 0.0038095238095238095 0.0014705882352941176
0 0.16 0.2875 0.11047619047619048 0.007352941176470588
0 0.5819047619047619 0.28088235294117647 0.009523809523809525 0.0029411764705882353
0 0.76 0.2757352941176471 0.0038095238095238095 0.0014705882352941176
0 0.2542857142857143 0.27426470588235297 0.005714285714285714 0.0014705882352941176
0 0.6019047619047619 0.2727941176470588 0.007619047619047619 0.0014705882352941176
0 0.2866666666666667 0.2772058823529412 0.017142857142857144 0.010294117647058823
0 0.9971428571428571 0.2727941176470588 0.005714285714285714 0.004411764705882353
0 0.9752380952380952 0.2727941176470588 0.015238095238095238 0.004411764705882353
0 0.7895238095238095 0.2691176470588235 0.06666666666666667 0.0058823529411764705
0 0.9761904761904762 0.2639705882352941 0.0019047619047619048 0.0014705882352941176
0 0.5904761904761905 0.2661764705882353 0.030476190476190476 0.0058823529411764705
0 0.7876190476190477 0.26029411764705884 0.05142857142857143 0.0058823529411764705
0 0.2923809523809524 0.2595588235294118 0.02857142857142857 0.007352941176470588
0 0.2580952380952381 0.25882352941176473 0.024761904761904763 0.0058823529411764705
0 0.9657142857142857 0.2536764705882353 0.007619047619047619 0.0014705882352941176
0 0.1895238095238095 0.2676470588235294 0.09714285714285714 0.029411764705882353
0 0.9952380952380953 0.2580882352941177 0.009523809523809525 0.016176470588235296
0 0.3038095238095238 0.25220588235294117 0.009523809523809525 0.004411764705882353
0 0.26095238095238094 0.2514705882352941 0.007619047619047619 0.0029411764705882353
0 0.2257142857142857 0.25073529411764706 0.017142857142857144 0.004411764705882353
0 0.2019047619047619 0.25 0.01904761904761905 0.0029411764705882353
0 0.7857142857142857 0.25073529411764706 0.047619047619047616 0.007352941176470588
0 0.2276190476190476 0.24338235294117647 0.18095238095238095 0.016176470588235296
0 0.3180952380952381 0.23308823529411765 0.0038095238095238095 0.0014705882352941176
0 0.28285714285714286 0.23308823529411765 0.0019047619047619048 0.0014705882352941176
0 0.2752380952380952 0.23308823529411765 0.0019047619047619048 0.0014705882352941176
0 0.9961904761904762 0.23970588235294119 0.007619047619047619 0.01764705882352941
0 0.7628571428571429 0.2323529411764706 0.005714285714285714 0.0029411764705882353
0 0.7514285714285714 0.2323529411764706 0.009523809523809525 0.0029411764705882353
0 0.18857142857142858 0.23088235294117648 0.007619047619047619 0.0029411764705882353
0 0.9980952380952381 0.22573529411764706 0.0038095238095238095 0.004411764705882353
0 0.3161904761904762 0.22573529411764706 0.030476190476190476 0.007352941176470588
0 0.1580952380952381 0.2213235294117647 0.0038095238095238095 0.0014705882352941176
0 0.23714285714285716 0.22279411764705884 0.11619047619047619 0.007352941176470588
0 0.9952380952380953 0.2161764705882353 0.009523809523809525 0.008823529411764706
0 0.6295238095238095 0.2125 0.0019047619047619048 0.0014705882352941176
0 0.6180952380952381 0.21102941176470588 0.0019047619047619048 0.0014705882352941176
0 0.6771428571428572 0.21176470588235294 0.03619047619047619 0.0058823529411764705
0 0.1580952380952381 0.2051470588235294 0.0038095238095238095 0.0014705882352941176
0 0.3180952380952381 0.2073529411764706 0.049523809523809526 0.008823529411764706
0 0.14761904761904762 0.20441176470588235 0.005714285714285714 0.0029411764705882353
0 0.23238095238095238 0.20808823529411766 0.06476190476190476 0.013235294117647059
0 0.43714285714285717 0.18308823529411763 0.44 0.04264705882352941
0 0.15523809523809523 0.1713235294117647 0.02857142857142857 0.04852941176470588
0 0.16857142857142857 0.13602941176470587 0.005714285714285714 0.007352941176470588
0 0.8809523809523809 0.07720588235294118 0.0019047619047619048 0.0014705882352941176
0 0.959047619047619 0.1375 0.08190476190476191 0.1426470588235294
0 0.4542857142857143 0.041176470588235294 0.005714285714285714 0.0029411764705882353
0 0.43333333333333335 0.041176470588235294 0.005714285714285714 0.0029411764705882353
0 0.46476190476190476 0.03823529411764706 0.007619047619047619 0.008823529411764706
0 0.44857142857142857 0.029411764705882353 0.005714285714285714 0.0029411764705882353
0 0.4142857142857143 0.030882352941176472 0.005714285714285714 0.01764705882352941
0 0.07047619047619047 0.10661764705882353 0.11047619047619048 0.17794117647058824
0 0.44571428571428573 0.01764705882352941 0.007619047619047619 0.0058823529411764705
0 0.41523809523809524 0.0125 0.007619047619047619 0.010294117647058823
0 0.43142857142857144 0.006617647058823529 0.013333333333333334 0.004411764705882353
0 0.5019047619047619 0.026470588235294117 0.04 0.052941176470588235
0 0.30952380952380953 0.02426470588235294 0.1961904761904762 0.04852941176470588
