0 0.1312785388127854 0.9421708185053381 0.01141552511415525 0.005338078291814947
0 0.10730593607305935 0.9323843416370107 0.0136986301369863 0.0035587188612099642
0 0.973744292237443 0.9083629893238434 0.00684931506849315 0.0017793594306049821
0 0.4828767123287671 0.8656583629893239 0.01141552511415525 0.005338078291814947
0 0.1552511415525114 0.8558718861209964 0.0045662100456621 0.0035587188612099642
0 0.5148401826484018 0.8540925266903915 0.02054794520547945 0.0071174377224199285
0 0.3938356164383562 0.8540925266903915 0.02054794520547945 0.0071174377224199285
0 0.2568493150684932 0.8523131672597865 0.00684931506849315 0.0035587188612099642
0 0.1769406392694064 0.8603202846975089 0.02054794520547945 0.019572953736654804
0 0.5342465753424658 0.858540925266904 0.0228310502283105 0.019572953736654804
0 0.08789954337899543 0.8923487544483986 0.17579908675799086 0.09074733096085409
0 0.1815068493150685 0.8451957295373665 0.02511415525114155 0.0071174377224199285
0 0.4977168949771689 0.8416370106761566 0.0091324200913242 0.0035587188612099642
0 0.4006849315068493 0.8434163701067615 0.02511415525114155 0.0071174377224199285
0 0.2899543378995434 0.8540925266903915 0.0547945205479452 0.03202846975088968
0 0.2842465753424658 0.8905693950177936 0.2808219178082192 0.11209964412811388
0 0.4235159817351598 0.8380782918149466 0.02054794520547945 0.017793594306049824
0 0.5342465753424658 0.8371886120996441 0.0410958904109589 0.019572953736654804
0 0.15753424657534246 0.8131672597864769 0.0091324200913242 0.0035587188612099642
0 0.9954337899543378 0.8087188612099644 0.0091324200913242 0.008896797153024912
0 0.24429223744292236 0.7072953736654805 0.0136986301369863 0.005338078291814947
0 0.4840182648401826 0.6957295373665481 0.0136986301369863 0.0071174377224199285
0 0.07876712328767123 0.2402135231316726 0.00228310502283105 0.0035587188612099642
0 0.001141552511415525 0.23220640569395018 0.00228310502283105 0.005338078291814947
0 0.617579908675799 0.12722419928825623 0.00228310502283105 0.0017793594306049821
0 0.03767123287671233 0.11921708185053381 0.07534246575342465 0.0498220640569395
0 0.8162100456621004 0.08896797153024912 0.01141552511415525 0.010676156583629894
0 0.5 0.5026690391459074 1.0 0.905693950177936
