0 0.5814606741573034 0.9877675840978594 0.0056179775280898875 0.0061162079510703364
0 0.398876404494382 0.9908256880733946 0.028089887640449437 0.01834862385321101
0 0.34831460674157305 0.9908256880733946 0.05056179775280899 0.01834862385321101
0 0.28792134831460675 0.9908256880733946 0.042134831460674156 0.01834862385321101
0 0.5547752808988764 0.9862385321100917 0.019662921348314606 0.027522935779816515
0 0.5379213483146067 0.9770642201834863 0.008426966292134831 0.009174311926605505
0 0.5070224719101124 0.9862385321100917 0.014044943820224719 0.027522935779816515
0 0.9648876404494382 0.6697247706422018 0.008426966292134831 0.0061162079510703364
0 0.9676966292134831 0.6513761467889908 0.008426966292134831 0.0061162079510703364
0 0.9775280898876404 0.7584097859327217 0.0449438202247191 0.2996941896024465
0 0.9634831460674157 0.4984709480122324 0.016853932584269662 0.12844036697247707
0 0.5 0.4954128440366973 1.0 0.8440366972477065
0 0.3595505617977528 0.04892966360856269 0.028089887640449437 0.05504587155963303
0 0.30758426966292135 0.04892966360856269 0.05898876404494382 0.05504587155963303
0 0.24578651685393257 0.04892966360856269 0.042134831460674156 0.05504587155963303
0 0.5 0.05198776758409786 0.0898876404494382 0.0672782874617737
0 0.4943820224719101 0.019877675840978593 0.011235955056179775 0.009174311926605505
