0 0.2935267857142857 0.9973913043478261 0.024553571428571428 0.0052173913043478265
0 0.2734375 0.9782608695652174 0.006696428571428571 0.0017391304347826088
0 0.24441964285714285 0.9878260869565217 0.033482142857142856 0.02434782608695652
0 0.3828125 0.7026086956521739 0.006696428571428571 0.0034782608695652175
0 0.09040178571428571 0.6930434782608695 0.140625 0.008695652173913044
0 0.40066964285714285 0.6695652173913044 0.020089285714285716 0.006956521739130435
0 0.0703125 0.6739130434782609 0.140625 0.022608695652173914
0 0.05915178571428571 0.6382608695652174 0.11830357142857142 0.034782608695652174
0 0.2622767857142857 0.6434782608695652 0.25669642857142855 0.08
0 0.0011160714285714285 0.4608695652173913 0.002232142857142857 0.0034782608695652175
0 0.5 0.5504347826086956 1.0 0.7982608695652174
0 0.06919642857142858 0.13130434782608696 0.008928571428571428 0.008695652173913044
0 0.013392857142857142 0.01391304347826087 0.026785714285714284 0.006956521739130435
