0 0.4961139896373057 0.9771863117870723 0.007772020725388601 0.0076045627376425855
0 0.4689119170984456 0.9866920152091255 0.02072538860103627 0.026615969581749048
0 0.35621761658031087 0.9847908745247148 0.02849740932642487 0.030418250950570342
0 0.31088082901554404 0.9828897338403042 0.02072538860103627 0.034220532319391636
0 0.25129533678756477 0.9828897338403042 0.04145077720207254 0.034220532319391636
0 0.9844559585492227 0.45817490494296575 0.010362694300518135 0.011406844106463879
0 0.9831606217616581 0.41634980988593157 0.0025906735751295338 0.0038022813688212928
0 0.9831606217616581 0.3916349809885932 0.007772020725388601 0.0076045627376425855
0 0.9727979274611399 0.3060836501901141 0.0025906735751295338 0.0038022813688212928
0 0.9740932642487047 0.21863117870722434 0.0051813471502590676 0.0038022813688212928
0 0.011658031088082901 0.16159695817490494 0.023316062176165803 0.011406844106463879
0 0.9818652849740933 0.19391634980988592 0.03626943005181347 0.24334600760456274
0 0.5 0.4828897338403042 1.0 0.8212927756653993
0 0.5025906735751295 0.04182509505703422 0.025906735751295335 0.030418250950570342
0 0.4740932642487047 0.03612167300380228 0.031088082901554404 0.04182509505703422
0 0.5751295336787565 0.03802281368821293 0.025906735751295335 0.07604562737642585
0 0.5440414507772021 0.03802281368821293 0.015544041450777202 0.07604562737642585
0 0.4727979274611399 0.0038022813688212928 0.007772020725388601 0.0076045627376425855
0 0.4481865284974093 0.024714828897338403 0.031088082901554404 0.049429657794676805
0 0.3329015544041451 0.017110266159695818 0.012953367875647668 0.034220532319391636
0 0.27202072538860106 0.017110266159695818 0.04145077720207254 0.034220532319391636
0 0.22927461139896374 0.015209125475285171 0.012953367875647668 0.030418250950570342
0 0.28756476683937826 0.03612167300380228 0.2694300518134715 0.07224334600760456
