0 0.4124668435013263 0.9649805447470817 0.04509283819628647 0.07003891050583658
0 0.5251989389920424 0.9610894941634242 0.03183023872679045 0.07782101167315175
0 0.46684350132625996 0.9610894941634242 0.04774535809018567 0.07782101167315175
0 0.6644562334217506 0.9513618677042801 0.08753315649867374 0.09727626459143969
0 0.015915119363395226 0.8871595330739299 0.005305039787798408 0.007782101167315175
0 0.7944297082228117 0.8735408560311284 0.002652519893899204 0.0038910505836575876
0 0.41114058355437666 0.8618677042801557 0.005305039787798408 0.0038910505836575876
0 0.3912466843501326 0.8638132295719845 0.013262599469496022 0.007782101167315175
0 0.3713527851458886 0.8657587548638133 0.010610079575596816 0.011673151750972763
0 0.003978779840848806 0.8657587548638133 0.007957559681697613 0.019455252918287938
0 0.46021220159151194 0.8618677042801557 0.050397877984084884 0.019455252918287938
0 0.006631299734748011 0.8463035019455253 0.013262599469496022 0.011673151750972763
0 0.06896551724137931 0.7412451361867705 0.005305039787798408 0.0038910505836575876
0 0.05570291777188329 0.7412451361867705 0.010610079575596816 0.0038910505836575876
0 0.20822281167108753 0.7373540856031129 0.013262599469496022 0.011673151750972763
0 0.08355437665782493 0.7237354085603113 0.007957559681697613 0.007782101167315175
0 0.05968169761273209 0.72568093385214 0.01856763925729443 0.011673151750972763
0 0.14456233421750664 0.7003891050583657 0.007957559681697613 0.007782101167315175
0 0.1419098143236074 0.6828793774319066 0.013262599469496022 0.011673151750972763
0 0.129973474801061 0.7801556420233463 0.18037135278514588 0.2140077821011673
0 0.17639257294429708 0.6809338521400778 0.04509283819628647 0.01556420233463035
0 0.013262599469496022 0.7120622568093385 0.026525198938992044 0.1556420233463035
0 0.14323607427055704 0.5525291828793775 0.15915119363395225 0.023346303501945526
0 0.4946949602122016 0.566147859922179 0.11405835543766578 0.15953307392996108
0 0.39389920424403185 0.5116731517509727 0.14588859416445624 0.2140077821011673
0 0.20822281167108753 0.39105058365758755 0.002652519893899204 0.0038910505836575876
0 0.021220159151193633 0.4357976653696498 0.042440318302387266 0.38910505836575876
0 0.07559681697612732 0.1614785992217899 0.01856763925729443 0.03501945525291829
0 0.01856763925729443 0.16731517509727625 0.03713527851458886 0.1245136186770428
0 0.6962864721485411 0.0622568093385214 0.029177718832891247 0.007782101167315175
0 0.5981432360742706 0.5233463035019456 0.8037135278514589 0.953307392996109
0 0.7758620689655172 0.0311284046692607 0.07692307692307693 0.0622568093385214
0 0.6989389920424404 0.023346303501945526 0.08753315649867374 0.04669260700389105
0 0.5583554376657824 0.019455252918287938 0.01856763925729443 0.038910505836575876
0 0.5013262599469496 0.019455252918287938 0.03713527851458886 0.038910505836575876
0 0.4496021220159151 0.019455252918287938 0.050397877984084884 0.038910505836575876
0 0.5092838196286472 0.03501945525291829 0.27586206896551724 0.07003891050583658
