0 0.695 0.9872262773722628 0.025 0.025547445255474453
0 0.54125 0.9781021897810219 0.0275 0.043795620437956206
0 0.4975 0.9781021897810219 0.015 0.043795620437956206
0 0.42625 0.9635036496350365 0.0175 0.014598540145985401
0 0.65 0.9762773722627737 0.015 0.04744525547445255
0 0.45 0.9762773722627737 0.03 0.04744525547445255
0 0.995 0.5857664233576643 0.01 0.040145985401459854
0 0.9975 0.5583941605839416 0.005 0.0072992700729927005
0 0.69375 0.03102189781021898 0.0025 0.0036496350364963502
0 0.5 0.46167883211678834 1.0 0.864963503649635
0 0.6725 0.02737226277372263 0.005 0.010948905109489052
0 0.76 0.032846715328467155 0.02 0.06569343065693431
0 0.72625 0.029197080291970802 0.0125 0.058394160583941604
0 0.66875 0.0036496350364963502 0.0075 0.0072992700729927005
0 0.6375 0.016423357664233577 0.04 0.032846715328467155
0 0.515 0.0036496350364963502 0.01 0.0072992700729927005
0 0.45375 0.0018248175182481751 0.0125 0.0036496350364963502
0 0.46875 0.025547445255474453 0.2675 0.051094890510948905
