0 0.5298102981029811 0.9955116696588869 0.08943089430894309 0.008976660682226212
0 0.9728997289972899 0.9901256732495511 0.02168021680216802 0.019748653500897665
0 0.42276422764227645 0.9865350089766607 0.44986449864498645 0.026929982046678635
0 0.994579945799458 0.9344703770197487 0.01084010840108401 0.019748653500897665
0 0.5975609756097561 0.6526032315978456 0.013550135501355014 0.008976660682226212
0 0.5650406504065041 0.6490125673249552 0.008130081300813009 0.005385996409335727
0 0.5203252032520326 0.6490125673249552 0.01084010840108401 0.005385996409335727
0 0.2588075880758808 0.5933572710951526 0.013550135501355014 0.005385996409335727
0 0.7520325203252033 0.573608617594255 0.0027100271002710027 0.0017953321364452424
0 0.2506775067750677 0.559245960502693 0.0027100271002710027 0.0017953321364452424
0 0.22493224932249323 0.559245960502693 0.01084010840108401 0.005385996409335727
0 0.7574525745257452 0.5394973070017953 0.0027100271002710027 0.0017953321364452424
0 0.6626016260162602 0.30610412926391384 0.008130081300813009 0.0017953321364452424
0 0.2682926829268293 0.3052064631956912 0.005420054200542005 0.003590664272890485
0 0.6219512195121951 0.2881508078994614 0.008130081300813009 0.0017953321364452424
0 0.2899728997289973 0.289048473967684 0.01084010840108401 0.003590664272890485
0 0.5853658536585366 0.26840215439856374 0.01084010840108401 0.0017953321364452424
0 0.2994579945799458 0.26929982046678635 0.008130081300813009 0.003590664272890485
0 0.2750677506775068 0.26929982046678635 0.008130081300813009 0.003590664272890485
0 0.505420054200542 0.24865350089766608 0.008130081300813009 0.0017953321364452424
0 0.46476964769647694 0.24865350089766608 0.008130081300813009 0.0017953321364452424
0 0.2804878048780488 0.2495511669658887 0.018970189701897018 0.003590664272890485
0 0.592140921409214 0.24685816876122083 0.0027100271002710027 0.0017953321364452424
0 0.573170731707317 0.24775583482944344 0.018970189701897018 0.003590664272890485
0 0.5474254742547425 0.24865350089766608 0.01084010840108401 0.005385996409335727
0 0.5284552845528455 0.24865350089766608 0.01084010840108401 0.005385996409335727
0 0.48644986449864497 0.24865350089766608 0.008130081300813009 0.005385996409335727
0 0.6124661246612466 0.22621184919210055 0.016260162601626018 0.003590664272890485
0 0.7506775067750677 0.20377019748653502 0.005420054200542005 0.0017953321364452424
0 0.8346883468834688 0.20377019748653502 0.14634146341463414 0.012567324955116697
0 0.521680216802168 0.18402154398563733 0.024390243902439025 0.005385996409335727
0 0.47696476964769646 0.18402154398563733 0.032520325203252036 0.005385996409335727
0 0.44579945799457993 0.1822262118491921 0.013550135501355014 0.005385996409335727
0 0.3943089430894309 0.18312387791741472 0.07317073170731707 0.00718132854578097
0 0.5 0.5233393177737882 1.0 0.8563734290843806
0 0.47831978319783197 0.20197486535008977 0.9566395663956639 0.22082585278276481
0 0.5433604336043361 0.0421903052064632 0.0027100271002710027 0.0017953321364452424
0 0.502710027100271 0.04937163375224417 0.08943089430894309 0.05565529622980251
0 0.39295392953929537 0.04847396768402154 0.45528455284552843 0.08258527827648116
