0 0.6616847826086957 0.9900793650793651 0.024456521739130436 0.01984126984126984
0 0.49728260869565216 0.9841269841269841 0.02717391304347826 0.031746031746031744
0 0.46603260869565216 0.9841269841269841 0.01358695652173913 0.031746031746031744
0 0.4279891304347826 0.9841269841269841 0.01358695652173913 0.031746031746031744
0 0.3858695652173913 0.9841269841269841 0.03260869565217391 0.031746031746031744
0 0.6725543478260869 0.9642857142857143 0.002717391304347826 0.007936507936507936
0 0.6127717391304348 0.9801587301587301 0.01358695652173913 0.03968253968253968
0 0.008152173913043478 0.6527777777777778 0.016304347826086956 0.44841269841269843
0 0.004076086956521739 0.40476190476190477 0.008152173913043478 0.023809523809523808
0 0.002717391304347826 0.35912698412698413 0.005434782608695652 0.01984126984126984
0 0.006793478260869565 0.3055555555555556 0.01358695652173913 0.05555555555555555
0 0.5095108695652174 0.49007936507936506 0.9809782608695652 0.8134920634920635
0 0.7051630434782609 0.04563492063492063 0.008152173913043478 0.01984126984126984
0 0.39809782608695654 0.03373015873015873 0.024456521739130436 0.01984126984126984
0 0.6684782608695652 0.00992063492063492 0.016304347826086956 0.01984126984126984
0 0.6535326086956522 0.02976190476190476 0.051630434782608696 0.05952380952380952
0 0.5163043478260869 0.021825396825396824 0.010869565217391304 0.04365079365079365
0 0.4701086956521739 0.023809523809523808 0.016304347826086956 0.047619047619047616
0 0.42391304347826086 0.021825396825396824 0.03804347826086957 0.04365079365079365
