0 0.4844961240310077 0.9940298507462687 0.06201550387596899 0.011940298507462687
0 0.5436046511627907 0.9880597014925373 0.04844961240310078 0.023880597014925373
0 0.36627906976744184 0.9865671641791045 0.24031007751937986 0.026865671641791045
0 0.18992248062015504 0.95 0.003875968992248062 0.0014925373134328358
0 0.14437984496124032 0.9470149253731344 0.029069767441860465 0.007462686567164179
0 0.9447674418604651 0.9447761194029851 0.001937984496124031 0.005970149253731343
0 0.9738372093023255 0.926865671641791 0.05232558139534884 0.06865671641791045
0 0.011627906976744186 0.8761194029850746 0.003875968992248062 0.0029850746268656717
0 0.9903100775193798 0.8417910447761194 0.01937984496124031 0.005970149253731343
0 0.9854651162790697 0.8335820895522388 0.001937984496124031 0.0014925373134328358
0 0.998062015503876 0.823134328358209 0.003875968992248062 0.0014925373134328358
0 0.9835271317829457 0.30149253731343284 0.005813953488372093 0.014925373134328358
0 0.999031007751938 0.2746268656716418 0.001937984496124031 0.0029850746268656717
0 0.9854651162790697 0.25223880597014925 0.029069767441860465 0.04776119402985075
0 0.9922480620155039 0.21865671641791046 0.015503875968992248 0.004477611940298508
0 0.9757751937984496 0.21791044776119403 0.001937984496124031 0.0029850746268656717
0 0.9854651162790697 0.19925373134328359 0.029069767441860465 0.007462686567164179
0 0.9854651162790697 0.18208955223880596 0.029069767441860465 0.005970149253731343
0 0.9854651162790697 0.16567164179104477 0.029069767441860465 0.005970149253731343
0 0.9835271317829457 0.14925373134328357 0.03294573643410853 0.005970149253731343
0 0.6695736434108527 0.13208955223880597 0.044573643410852716 0.004477611940298508
0 0.9815891472868217 0.13208955223880597 0.03682170542635659 0.007462686567164179
0 0.7122093023255814 0.12462686567164179 0.001937984496124031 0.0014925373134328358
0 0.9777131782945736 0.11343283582089553 0.044573643410852716 0.005970149253731343
0 0.6569767441860465 0.09701492537313433 0.007751937984496124 0.0029850746268656717
0 0.7819767441860465 0.07985074626865672 0.013565891472868217 0.0014925373134328358
0 0.48643410852713176 0.05 0.007751937984496124 0.004477611940298508
0 0.47771317829457366 0.03507462686567164 0.013565891472868217 0.010447761194029851
0 0.4563953488372093 0.03880597014925373 0.025193798449612403 0.026865671641791045
0 0.48643410852713176 0.023134328358208955 0.011627906976744186 0.013432835820895522
0 0.4476744186046512 0.017164179104477612 0.007751937984496124 0.010447761194029851
0 0.36627906976744184 0.025373134328358207 0.01937984496124031 0.029850746268656716
0 0.46608527131782945 0.011194029850746268 0.009689922480620155 0.004477611940298508
0 0.32751937984496127 0.024626865671641792 0.03488372093023256 0.03134328358208955
0 0.2858527131782946 0.023880597014925373 0.01744186046511628 0.029850746268656716
0 0.5445736434108527 0.030597014925373135 0.023255813953488372 0.06119402985074627
0 0.5242248062015504 0.029850746268656716 0.013565891472868217 0.05970149253731343
0 0.5096899224806202 0.48208955223880595 0.9806201550387597 0.9641791044776119
