0 0.38903394255874674 0.9942965779467681 0.010443864229765013 0.011406844106463879
0 0.6253263707571801 0.9695817490494296 0.007832898172323759 0.022813688212927757
0 0.39033942558746737 0.9372623574144486 0.0026109660574412533 0.0038022813688212928
0 0.42428198433420367 0.9657794676806084 0.02349869451697128 0.06844106463878327
0 0.5117493472584856 0.9638783269961977 0.020887728459530026 0.07224334600760456
0 0.4660574412532637 0.9638783269961977 0.013054830287206266 0.07224334600760456
0 0.6906005221932114 0.9258555133079848 0.0026109660574412533 0.0038022813688212928
0 0.8067885117493473 0.8136882129277566 0.010443864229765013 0.0076045627376425855
0 0.7506527415143603 0.7300380228136882 0.007832898172323759 0.0076045627376425855
0 0.6292428198433421 0.6844106463878327 0.010443864229765013 0.015209125475285171
0 0.7519582245430809 0.6806083650190115 0.010443864229765013 0.015209125475285171
0 0.6305483028720626 0.6615969581749049 0.013054830287206266 0.022813688212927757
0 0.6279373368146214 0.6368821292775665 0.007832898172323759 0.019011406844106463
0 0.7702349869451697 0.6121673003802282 0.010443864229765013 0.015209125475285171
0 0.6331592689295039 0.5931558935361216 0.018276762402088774 0.060836501901140684
0 0.7650130548302873 0.5152091254752852 0.020887728459530026 0.011406844106463879
0 0.6344647519582245 0.5152091254752852 0.020887728459530026 0.06463878326996197
0 0.6344647519582245 0.4505703422053232 0.010443864229765013 0.057034220532319393
0 0.6383812010443864 0.3669201520912547 0.013054830287206266 0.04182509505703422
0 0.5 0.44106463878326996 1.0 0.8136882129277566
0 0.7480417754569191 0.005703422053231939 0.007832898172323759 0.011406844106463879
0 0.5535248041775457 0.0038022813688212928 0.057441253263707574 0.0076045627376425855
0 0.5039164490861618 0.0019011406844106464 0.005221932114882507 0.0038022813688212928
