0 0.2674242424242424 0.9460093896713615 0.0015151515151515152 0.001564945226917058
0 0.1803030303030303 0.9436619718309859 0.0030303030303030303 0.003129890453834116
0 0.030303030303030304 0.9389671361502347 0.006060606060606061 0.006259780907668232
0 0.31666666666666665 0.9366197183098591 0.015151515151515152 0.00782472613458529
0 0.32045454545454544 0.9287949921752738 0.004545454545454545 0.004694835680751174
0 0.3795454545454545 0.9233176838810642 0.007575757575757576 0.006259780907668232
0 0.29393939393939394 0.9209702660406885 0.006060606060606061 0.004694835680751174
0 0.953030303030303 0.350547730829421 0.006060606060606061 0.025039123630672927
0 0.9303030303030303 0.23865414710485133 0.006060606060606061 0.001564945226917058
0 0.921969696969697 0.23865414710485133 0.007575757575757576 0.001564945226917058
0 0.9462121212121212 0.20735524256651017 0.004545454545454545 0.001564945226917058
0 0.9454545454545454 0.18779342723004694 0.00909090909090909 0.003129890453834116
0 0.5 0.49608763693270735 1.0 0.9358372456964006
0 0.44242424242424244 0.002347417840375587 0.0030303030303030303 0.004694835680751174
