0 0.6304347826086957 0.9920634920634921 0.016304347826086956 0.015873015873015872
0 0.4701086956521739 0.9841269841269841 0.02717391304347826 0.031746031746031744
0 0.4375 0.9841269841269841 0.010869565217391304 0.031746031746031744
0 0.39809782608695654 0.9841269841269841 0.01358695652173913 0.031746031746031744
0 0.3641304347826087 0.9841269841269841 0.016304347826086956 0.031746031746031744
0 0.3451086956521739 0.9742063492063492 0.010869565217391304 0.011904761904761904
0 0.5842391304347826 0.9761904761904762 0.010869565217391304 0.031746031746031744
0 0.5 0.4861111111111111 1.0 0.8134920634920635
0 0.6766304347826086 0.047619047619047616 0.005434782608695652 0.007936507936507936
0 0.6358695652173914 0.04563492063492063 0.021739130434782608 0.01984126984126984
0 0.3654891304347826 0.02976190476190476 0.024456521739130436 0.01984126984126984
0 0.6385869565217391 0.005952380952380952 0.016304347826086956 0.011904761904761904
0 0.6073369565217391 0.027777777777777776 0.024456521739130436 0.05555555555555555
0 0.483695652173913 0.01984126984126984 0.010869565217391304 0.03968253968253968
0 0.4375 0.021825396825396824 0.016304347826086956 0.04365079365079365
0 0.3953804347826087 0.021825396825396824 0.029891304347826088 0.04365079365079365
