0 0.618 0.9293394777265745 0.012 0.006144393241167435
0 0.613 0.9139784946236559 0.006 0.0030721966205837174
0 0.58 0.9170506912442397 0.012 0.009216589861751152
0 0.585 0.9139784946236559 0.05 0.039938556067588324
0 0.588 0.8940092165898618 0.028 0.006144393241167435
0 0.452 0.9155145929339478 0.208 0.0706605222734255
0 0.654 0.9086021505376344 0.044 0.06605222734254992
0 0.503 0.8195084485407066 0.002 0.0015360983102918587
0 0.703 0.8087557603686636 0.014 0.010752688172043012
0 0.035 0.7995391705069125 0.062 0.041474654377880185
0 0.009 0.7672811059907834 0.006 0.004608294930875576
0 0.592 0.8079877112135176 0.22 0.0890937019969278
0 0.01 0.761136712749616 0.004 0.0015360983102918587
0 0.141 0.7596006144393241 0.002 0.0015360983102918587
0 0.01 0.7542242703533026 0.004 0.0030721966205837174
0 0.56 0.7542242703533026 0.052 0.006144393241167435
0 0.617 0.7534562211981567 0.034 0.007680491551459293
0 0.854 0.782642089093702 0.292 0.07219662058371736
0 0.535 0.7419354838709677 0.014 0.0030721966205837174
0 0.517 0.7411674347158218 0.01 0.0015360983102918587
0 0.499 0.7419354838709677 0.01 0.0030721966205837174
0 0.149 0.7427035330261137 0.01 0.004608294930875576
0 0.555 0.7403993855606759 0.01 0.0030721966205837174
0 0.979 0.7403993855606759 0.022 0.006144393241167435
0 0.642 0.738863287250384 0.016 0.0030721966205837174
0 0.301 0.738863287250384 0.006 0.0030721966205837174
0 0.69 0.7380952380952381 0.036 0.004608294930875576
0 0.607 0.7403993855606759 0.046 0.009216589861751152
0 0.141 0.7357910906298003 0.002 0.0030721966205837174
0 0.156 0.7357910906298003 0.012 0.006144393241167435
0 0.303 0.7334869431643625 0.014 0.004608294930875576
0 0.267 0.7311827956989247 0.006 0.0030721966205837174
0 0.536 0.7273425499231951 0.024 0.004608294930875576
0 0.492 0.728110599078341 0.052 0.006144393241167435
0 0.608 0.7265745007680492 0.088 0.009216589861751152
0 0.309 0.7235023041474654 0.002 0.0030721966205837174
0 0.753 0.7211981566820277 0.01 0.0015360983102918587
0 0.735 0.7211981566820277 0.006 0.0015360983102918587
0 0.062 0.7211981566820277 0.004 0.0015360983102918587
0 0.686 0.7227342549923195 0.048 0.007680491551459293
0 0.303 0.717357910906298 0.01 0.0030721966205837174
0 0.15 0.7188940092165899 0.02 0.006144393241167435
0 0.27 0.7181259600614439 0.016 0.007680491551459293
0 0.761 0.7135176651305684 0.026 0.004608294930875576
0 0.159 0.7127496159754224 0.006 0.0030721966205837174
0 0.141 0.7127496159754224 0.006 0.0030721966205837174
0 0.27 0.7104454685099847 0.012 0.0015360983102918587
0 0.578 0.7104454685099847 0.024 0.004608294930875576
0 0.707 0.7073732718894009 0.002 0.0015360983102918587
0 0.306 0.7081413210445469 0.008 0.0030721966205837174
0 0.774 0.706605222734255 0.012 0.0030721966205837174
0 0.81 0.7050691244239631 0.032 0.006144393241167435
0 0.307 0.7027649769585254 0.002 0.0015360983102918587
0 0.754 0.7043010752688172 0.02 0.010752688172043012
0 0.98 0.6981566820276498 0.008 0.0015360983102918587
0 0.998 0.6966205837173579 0.004 0.0015360983102918587
0 0.141 0.684331797235023 0.002 0.0015360983102918587
0 0.569 0.6781874039938556 0.006 0.0015360983102918587
0 0.271 0.6620583717357911 0.022 0.01228878648233487
0 0.15 0.662826420890937 0.032 0.016897081413210446
0 0.114 0.65284178187404 0.016 0.03379416282642089
0 0.15 0.642089093701997 0.032 0.021505376344086023
0 0.398 0.6274961597542242 0.004 0.004608294930875576
0 0.001 0.6298003072196621 0.002 0.009216589861751152
0 0.415 0.6190476190476191 0.002 0.0030721966205837174
0 0.166 0.6182795698924731 0.008 0.004608294930875576
0 0.248 0.6144393241167435 0.1 0.06451612903225806
0 0.01 0.5937019969278033 0.02 0.047619047619047616
0 0.039 0.6121351766513057 0.054 0.12135176651305683
0 0.499 0.543010752688172 0.002 0.0015360983102918587
0 0.995 0.5391705069124424 0.006 0.0030721966205837174
0 0.049 0.543778801843318 0.022 0.01228878648233487
0 0.909 0.5376344086021505 0.006 0.0030721966205837174
0 0.814 0.5368663594470046 0.004 0.0015360983102918587
0 0.774 0.5368663594470046 0.04 0.004608294930875576
0 0.718 0.5353302611367128 0.028 0.004608294930875576
0 0.602 0.5337941628264209 0.004 0.0015360983102918587
0 0.999 0.5261136712749616 0.002 0.0015360983102918587
0 0.88 0.5245775729646698 0.016 0.0015360983102918587
0 0.91 0.5253456221198156 0.028 0.006144393241167435
0 0.839 0.5230414746543779 0.018 0.0015360983102918587
0 0.806 0.5238095238095238 0.028 0.0030721966205837174
0 0.773 0.5238095238095238 0.026 0.0030721966205837174
0 0.716 0.522273425499232 0.052 0.006144393241167435
0 0.953 0.522273425499232 0.034 0.009216589861751152
0 0.913 0.5122887864823349 0.034 0.004608294930875576
0 0.166 0.5506912442396313 0.072 0.08141321044546851
0 0.97 0.510752688172043 0.032 0.004608294930875576
0 0.051 0.5184331797235023 0.022 0.026113671274961597
0 0.903 0.4969278033794163 0.002 0.0015360983102918587
0 0.948 0.4976958525345622 0.064 0.009216589861751152
0 0.269 0.5445468509984639 0.158 0.11213517665130568
0 0.514 0.45698924731182794 0.972 0.41935483870967744
0 0.369 0.2488479262672811 0.694 0.018433179723502304
0 0.872 0.23655913978494625 0.256 0.01228878648233487
0 0.198 0.2350230414746544 0.356 0.01228878648233487
0 0.507 0.2304147465437788 0.214 0.006144393241167435
0 0.906 0.22119815668202766 0.188 0.009216589861751152
0 0.592 0.21582181259600614 0.008 0.0015360983102918587
0 0.58 0.21582181259600614 0.004 0.0015360983102918587
0 0.571 0.21582181259600614 0.006 0.0015360983102918587
0 0.655 0.21428571428571427 0.05 0.0015360983102918587
0 0.695 0.21274961597542244 0.018 0.0015360983102918587
0 0.874 0.20890937019969277 0.232 0.009216589861751152
0 0.521 0.1774193548387097 0.094 0.004608294930875576
0 0.593 0.17511520737327188 0.01 0.0030721966205837174
0 0.998 0.17357910906298002 0.004 0.0030721966205837174
0 0.994 0.15591397849462366 0.012 0.004608294930875576
0 0.871 0.16820276497695852 0.198 0.03225806451612903
0 0.5 0.12672811059907835 1.0 0.1827956989247312
0 0.627 0.028417818740399385 0.01 0.007680491551459293
0 0.59 0.027649769585253458 0.02 0.01228878648233487
0 0.629 0.016129032258064516 0.002 0.0015360983102918587
0 0.621 0.005376344086021506 0.002 0.0015360983102918587
0 0.673 0.021505376344086023 0.042 0.043010752688172046
0 0.631 0.0007680491551459293 0.002 0.0015360983102918587
0 0.501 0.013056835637480798 0.018 0.026113671274961597
0 0.458 0.013056835637480798 0.036 0.026113671274961597
0 0.416 0.013056835637480798 0.028 0.026113671274961597
0 0.404 0.0007680491551459293 0.004 0.0015360983102918587
0 0.464 0.021505376344086023 0.204 0.043010752688172046
