0 0.6168941979522184 0.9964788732394366 0.03583617747440273 0.007042253521126761
0 0.44795221843003413 0.9955985915492958 0.17235494880546076 0.008802816901408451
0 0.3191126279863481 0.9463028169014085 0.0034129692832764505 0.008802816901408451
0 0.2593856655290102 0.948943661971831 0.023890784982935155 0.028169014084507043
0 0.20563139931740615 0.9471830985915493 0.01877133105802048 0.02464788732394366
0 0.18430034129692832 0.9427816901408451 0.013651877133105802 0.02640845070422535
0 0.22184300341296928 0.9313380281690141 0.006825938566552901 0.007042253521126761
0 0.25853242320819114 0.9216549295774648 0.008532423208191127 0.01936619718309859
0 0.7175767918088737 0.9110915492957746 0.0017064846416382253 0.008802816901408451
0 0.810580204778157 0.9066901408450704 0.0034129692832764505 0.0035211267605633804
0 0.2030716723549488 0.9154929577464789 0.010238907849829351 0.02464788732394366
0 0.9684300341296929 0.9040492957746479 0.015358361774744027 0.01584507042253521
0 0.18686006825938567 0.9084507042253521 0.008532423208191127 0.028169014084507043
0 0.1697952218430034 0.9128521126760564 0.008532423208191127 0.04401408450704225
0 0.22184300341296928 0.903169014084507 0.010238907849829351 0.035211267605633804
0 0.7073378839590444 0.886443661971831 0.0017064846416382253 0.00528169014084507
0 0.25853242320819114 0.8943661971830986 0.008532423208191127 0.02464788732394366
0 0.4121160409556314 0.9225352112676056 0.26791808873720135 0.09154929577464789
0 0.24061433447098976 0.9058098591549296 0.010238907849829351 0.058098591549295774
0 0.9027303754266212 0.8811619718309859 0.0034129692832764505 0.01232394366197183
0 0.9675767918088737 0.8820422535211268 0.010238907849829351 0.017605633802816902
0 0.189419795221843 0.8785211267605634 0.010238907849829351 0.02112676056338028
0 0.1697952218430034 0.8741197183098591 0.008532423208191127 0.01936619718309859
0 0.8122866894197952 0.863556338028169 0.0034129692832764505 0.00528169014084507
0 0.24232081911262798 0.8670774647887324 0.006825938566552901 0.01232394366197183
0 0.7175767918088737 0.8547535211267606 0.0017064846416382253 0.0017605633802816902
0 0.18771331058020477 0.8573943661971831 0.006825938566552901 0.007042253521126761
0 0.22440273037542663 0.8653169014084507 0.008532423208191127 0.02992957746478873
0 0.9692832764505119 0.8573943661971831 0.017064846416382253 0.02112676056338028
0 0.28754266211604096 0.8591549295774648 0.03583617747440273 0.035211267605633804
0 0.8122866894197952 0.8441901408450704 0.0034129692832764505 0.008802816901408451
0 0.7064846416382252 0.8433098591549296 0.0034129692832764505 0.007042253521126761
0 0.2619453924914676 0.8573943661971831 0.011945392491467578 0.035211267605633804
0 0.24232081911262798 0.846830985915493 0.006825938566552901 0.017605633802816902
0 0.22610921501706485 0.840669014084507 0.008532423208191127 0.008802816901408451
0 0.9044368600682594 0.8397887323943662 0.0034129692832764505 0.01056338028169014
0 0.20648464163822525 0.863556338028169 0.010238907849829351 0.061619718309859156
0 0.9684300341296929 0.8362676056338029 0.015358361774744027 0.017605633802816902
0 0.18771331058020477 0.8371478873239436 0.010238907849829351 0.01936619718309859
0 0.7312286689419796 0.8309859154929577 0.008532423208191127 0.01056338028169014
0 0.17150170648464164 0.8397887323943662 0.008532423208191127 0.035211267605633804
0 0.8353242320819113 0.8257042253521126 0.008532423208191127 0.01056338028169014
0 0.9274744027303754 0.8177816901408451 0.008532423208191127 0.01232394366197183
0 0.9684300341296929 0.8125 0.011945392491467578 0.01936619718309859
0 0.5298634812286689 0.801056338028169 0.06655290102389079 0.007042253521126761
0 0.764505119453925 0.795774647887324 0.006825938566552901 0.0035211267605633804
0 0.33361774744027306 0.7940140845070423 0.30204778156996587 0.02112676056338028
0 0.9948805460750854 0.8573943661971831 0.010238907849829351 0.15492957746478872
0 0.8890784982935154 0.7852112676056338 0.16382252559726962 0.028169014084507043
0 0.01962457337883959 0.75 0.005119453924914676 0.0035211267605633804
0 0.017064846416382253 0.6540492957746479 0.0034129692832764505 0.0017605633802816902
0 0.9880546075085325 0.6558098591549296 0.023890784982935155 0.01232394366197183
0 0.6194539249146758 0.590669014084507 0.023890784982935155 0.008802816901408451
0 0.4761092150170648 0.5889084507042254 0.027303754266211604 0.01232394366197183
0 0.8003412969283277 0.5871478873239436 0.07508532423208192 0.01584507042253521
0 0.7226962457337884 0.5862676056338029 0.01877133105802048 0.014084507042253521
0 0.28071672354948807 0.5836267605633803 0.015358361774744027 0.01232394366197183
0 0.8156996587030717 0.5598591549295775 0.010238907849829351 0.007042253521126761
0 0.689419795221843 0.5554577464788732 0.0034129692832764505 0.0017605633802816902
0 0.5921501706484642 0.5563380281690141 0.006825938566552901 0.0035211267605633804
0 0.7295221843003413 0.5580985915492958 0.008532423208191127 0.01056338028169014
0 0.48293515358361777 0.5528169014084507 0.0034129692832764505 0.0035211267605633804
0 0.46928327645051193 0.5598591549295775 0.010238907849829351 0.017605633802816902
0 0.8395904436860068 0.5554577464788732 0.020477815699658702 0.01232394366197183
0 0.7909556313993175 0.5554577464788732 0.011945392491467578 0.01232394366197183
0 0.7696245733788396 0.5572183098591549 0.020477815699658702 0.01584507042253521
0 0.2764505119453925 0.5545774647887324 0.010238907849829351 0.01056338028169014
0 0.26023890784982934 0.5545774647887324 0.008532423208191127 0.01056338028169014
0 0.507679180887372 0.5730633802816901 0.01877133105802048 0.051056338028169015
0 0.2363481228668942 0.5501760563380281 0.005119453924914676 0.00528169014084507
0 0.22440273037542663 0.551056338028169 0.011945392491467578 0.014084507042253521
0 0.9547781569965871 0.545774647887324 0.08361774744027303 0.028169014084507043
0 0.4641638225255973 0.522887323943662 0.006825938566552901 0.007042253521126761
0 0.7005119453924915 0.5220070422535211 0.015358361774744027 0.008802816901408451
0 0.44197952218430037 0.5246478873239436 0.013651877133105802 0.014084507042253521
0 0.7662116040955631 0.5246478873239436 0.07849829351535836 0.017605633802816902
0 0.24658703071672355 0.5211267605633803 0.025597269624573378 0.014084507042253521
0 0.9334470989761092 0.5202464788732394 0.023890784982935155 0.01584507042253521
0 0.9573378839590444 0.5184859154929577 0.013651877133105802 0.01584507042253521
0 0.9837883959044369 0.5149647887323944 0.02218430034129693 0.022887323943661973
0 0.4667235494880546 0.49471830985915494 0.008532423208191127 0.01056338028169014
0 0.44283276450511944 0.49383802816901406 0.011945392491467578 0.01232394366197183
0 0.6544368600682594 0.49471830985915494 0.30887372013651876 0.02112676056338028
0 0.32337883959044367 0.488556338028169 0.11092150170648464 0.01232394366197183
0 0.5 0.49295774647887325 1.0 0.9225352112676056
0 0.575938566552901 0.028169014084507043 0.005119453924914676 0.0035211267605633804
0 0.5674061433447098 0.01936619718309859 0.008532423208191127 0.0035211267605633804
0 0.5511945392491467 0.017605633802816902 0.023890784982935155 0.028169014084507043
0 0.47440273037542663 0.011443661971830986 0.006825938566552901 0.022887323943661973
0 0.439419795221843 0.01232394366197183 0.032423208191126277 0.02464788732394366
0 0.4052901023890785 0.011443661971830986 0.005119453924914676 0.022887323943661973
