0 0.5499168053244592 0.9982817869415808 0.008319467554076539 0.003436426116838488
0 0.5374376039933444 0.9982817869415808 0.013311148086522463 0.003436426116838488
0 0.42845257903494177 0.9914089347079038 0.1713810316139767 0.01718213058419244
0 0.5981697171381032 0.9905498281786942 0.03826955074875208 0.018900343642611683
0 0.9242928452579035 0.8943298969072165 0.014975041597337771 0.015463917525773196
0 0.26622296173044924 0.8891752577319587 0.009983361064891847 0.012027491408934709
0 0.28036605657237934 0.8874570446735395 0.011647254575707155 0.015463917525773196
0 0.22795341098169716 0.884020618556701 0.013311148086522463 0.015463917525773196
0 0.16722129783693843 0.8737113402061856 0.011647254575707155 0.018900343642611683
0 0.9259567387687188 0.8719931271477663 0.011647254575707155 0.018900343642611683
0 0.28868552412645593 0.8616838487972509 0.011647254575707155 0.012027491408934709
0 0.22628951747088186 0.8573883161512027 0.009983361064891847 0.024054982817869417
0 0.9317803660565723 0.8470790378006873 0.016638935108153077 0.01718213058419244
0 0.17387687188019968 0.8470790378006873 0.008319467554076539 0.01718213058419244
0 0.1930116472545757 0.8384879725085911 0.0066555740432612314 0.006872852233676976
0 0.15640599001663893 0.8436426116838488 0.009983361064891847 0.024054982817869417
0 0.22961730449251247 0.8298969072164949 0.0066555740432612314 0.01718213058419244
0 0.9334442595673876 0.8238831615120275 0.013311148086522463 0.015463917525773196
0 0.1772046589018303 0.8187285223367697 0.011647254575707155 0.02577319587628866
0 0.15973377703826955 0.8109965635738832 0.009983361064891847 0.027491408934707903
0 0.8960066555740432 0.7981099656357389 0.008319467554076539 0.012027491408934709
0 0.14309484193011648 0.8152920962199313 0.013311148086522463 0.04639175257731959
0 0.937603993344426 0.7998281786941581 0.011647254575707155 0.018900343642611683
0 0.23460898502495842 0.802405498281787 0.009983361064891847 0.024054982817869417
0 0.19717138103161397 0.8084192439862543 0.011647254575707155 0.03608247422680412
0 0.2612312811980033 0.8316151202749141 0.029950083194675542 0.0859106529209622
0 0.8061564059900166 0.7920962199312714 0.008319467554076539 0.010309278350515464
0 0.7038269550748752 0.7852233676975945 0.0033277870216306157 0.003436426116838488
0 0.2146422628951747 0.8127147766323024 0.013311148086522463 0.058419243986254296
0 0.18302828618968386 0.7869415807560137 0.009983361064891847 0.020618556701030927
0 0.1480865224625624 0.781786941580756 0.0066555740432612314 0.010309278350515464
0 0.2021630615640599 0.7800687285223368 0.008319467554076539 0.010309278350515464
0 0.16555740432612312 0.7800687285223368 0.008319467554076539 0.013745704467353952
0 0.9650582362728786 0.8513745704467354 0.04658901830282862 0.16323024054982818
0 0.22046589018302828 0.7714776632302406 0.004991680532445923 0.006872852233676976
0 0.940099833610649 0.7663230240549829 0.0033277870216306157 0.003436426116838488
0 0.1497504159733777 0.7680412371134021 0.0066555740432612314 0.010309278350515464
0 0.008319467554076539 0.7637457044673539 0.0033277870216306157 0.001718213058419244
0 0.20465890183028287 0.7654639175257731 0.0066555740432612314 0.012027491408934709
0 0.18635607321131448 0.7663230240549829 0.009983361064891847 0.01718213058419244
0 0.2653910149750416 0.7689003436426117 0.03494176372712146 0.03264604810996564
0 0.2420965058236273 0.7646048109965635 0.014975041597337771 0.037800687285223365
0 0.2254575707154742 0.7457044673539519 0.004991680532445923 0.006872852233676976
0 0.19051580698835274 0.7457044673539519 0.008319467554076539 0.010309278350515464
0 0.2079866888519135 0.7439862542955327 0.009983361064891847 0.010309278350515464
0 0.1713810316139767 0.743127147766323 0.009983361064891847 0.00859106529209622
0 0.15474209650582363 0.7439862542955327 0.009983361064891847 0.013745704467353952
0 0.17554076539101499 0.7285223367697594 0.008319467554076539 0.006872852233676976
0 0.15557404326123128 0.729381443298969 0.008319467554076539 0.00859106529209622
0 0.6988352745424293 0.7448453608247423 0.46256239600665555 0.05326460481099656
0 0.8419301164725458 0.7362542955326461 0.3161397670549085 0.04982817869415808
0 0.35690515806988354 0.7087628865979382 0.07487520798668885 0.00859106529209622
0 0.5948419301164726 0.7018900343642611 0.12479201331114809 0.015463917525773196
0 0.4193011647254576 0.686426116838488 0.0033277870216306157 0.001718213058419244
0 0.348585690515807 0.6829896907216495 0.0016638935108153079 0.001718213058419244
0 0.2254575707154742 0.6915807560137457 0.10149750415973377 0.018900343642611683
0 0.38352745424292845 0.6821305841924399 0.05490848585690516 0.010309278350515464
0 0.9950083194675541 0.6701030927835051 0.009983361064891847 0.006872852233676976
0 0.6955074875207987 0.6872852233676976 0.6089850249584027 0.058419243986254296
0 0.9950083194675541 0.6494845360824743 0.0066555740432612314 0.003436426116838488
0 0.024126455906821963 0.6443298969072165 0.004991680532445923 0.003436426116838488
0 0.9941763727121464 0.6426116838487973 0.004991680532445923 0.003436426116838488
0 0.05490848585690516 0.6434707903780069 0.0033277870216306157 0.00859106529209622
0 0.0524126455906822 0.615979381443299 0.008319467554076539 0.03264604810996564
0 0.04908485856905158 0.5867697594501718 0.004991680532445923 0.015463917525773196
0 0.07653910149750416 0.6142611683848798 0.029950083194675542 0.11855670103092783
0 0.04658901830282862 0.5575601374570447 0.0033277870216306157 0.005154639175257732
0 0.036605657237936774 0.5575601374570447 0.0033277870216306157 0.00859106529209622
0 0.5291181364392679 0.5420962199312714 0.009983361064891847 0.012027491408934709
0 0.7204658901830283 0.5360824742268041 0.08319467554076539 0.020618556701030927
0 0.6256239600665557 0.5257731958762887 0.029950083194675542 0.013745704467353952
0 0.9267886855241264 0.5240549828178694 0.019966722129783693 0.013745704467353952
0 0.8710482529118136 0.520618556701031 0.014975041597337771 0.013745704467353952
0 0.5366056572379367 0.5163230240549829 0.004991680532445923 0.005154639175257732
0 0.4858569051580699 0.511168384879725 0.02329450915141431 0.012027491408934709
0 0.7961730449251248 0.5146048109965635 0.12479201331114809 0.022336769759450172
0 0.2637271214642263 0.511168384879725 0.03494176372712146 0.015463917525773196
0 0.6930116472545758 0.5 0.011647254575707155 0.010309278350515464
0 0.5083194675540765 0.4948453608247423 0.008319467554076539 0.006872852233676976
0 0.848585690515807 0.4879725085910653 0.0066555740432612314 0.003436426116838488
0 0.5008319467554077 0.47680412371134023 0.0066555740432612314 0.005154639175257732
0 0.23044925124792012 0.47852233676975947 0.021630615640599003 0.00859106529209622
0 0.519134775374376 0.49828178694158076 0.026622296173044926 0.05154639175257732
0 0.48336106489184694 0.48195876288659795 0.011647254575707155 0.018900343642611683
0 0.6214642262895175 0.4647766323024055 0.0016638935108153079 0.001718213058419244
0 0.7354409317803661 0.47594501718213056 0.1930116472545757 0.03436426116838488
0 0.540765391014975 0.4536082474226804 0.016638935108153077 0.013745704467353952
0 0.46589018302828616 0.44415807560137455 0.03993344425956739 0.015463917525773196
0 0.34442595673876875 0.39862542955326463 0.3227953410981697 0.05154639175257732
0 0.9875207986688852 0.3694158075601375 0.004991680532445923 0.003436426116838488
0 0.3718801996672213 0.35652920962199314 0.004991680532445923 0.001718213058419244
0 0.28286189683860236 0.3599656357388316 0.17970049916805325 0.018900343642611683
0 0.5 0.5008591065292096 1.0 0.9226804123711341
0 0.5740432612312812 0.04209621993127148 0.0066555740432612314 0.005154639175257732
0 0.5657237936772047 0.0352233676975945 0.009983361064891847 0.005154639175257732
0 0.5490848585690515 0.03264604810996564 0.02329450915141431 0.027491408934707903
0 0.4001663893510815 0.024054982817869417 0.014975041597337771 0.03436426116838488
0 0.4733777038269551 0.022336769759450172 0.014975041597337771 0.03436426116838488
0 0.4384359400998336 0.023195876288659795 0.03161397670549085 0.03951890034364261
0 0.5782029950083195 0.007731958762886598 0.018302828618968387 0.015463917525773196
0 0.5399334442595674 0.002577319587628866 0.004991680532445923 0.005154639175257732
