0 0.8161057692307693 0.9630281690140845 0.3245192307692308 0.07394366197183098
0 0.9939903846153846 0.9612676056338029 0.01201923076923077 0.07746478873239436
0 0.7079326923076923 0.8961267605633803 0.0889423076923077 0.10211267605633803
0 0.7379807692307693 0.8538732394366197 0.014423076923076924 0.02464788732394366
0 0.7091346153846154 0.8591549295774648 0.03365384615384615 0.04929577464788732
0 0.5336538461538461 0.9084507042253521 0.2692307692307692 0.18309859154929578
0 0.7872596153846154 0.8661971830985915 0.06490384615384616 0.1619718309859155
0 0.38461538461538464 0.7658450704225352 0.028846153846153848 0.11619718309859155
0 0.9927884615384616 0.5193661971830986 0.014423076923076924 0.01056338028169014
0 0.9963942307692307 0.2992957746478873 0.007211538461538462 0.014084507042253521
0 0.5 0.43485915492957744 1.0 0.8697183098591549
0 0.5612980769230769 0.017605633802816902 0.31009615384615385 0.035211267605633804
