0 0.974012474012474 0.9455128205128205 0.010395010395010396 0.003205128205128205
0 0.27754677754677753 0.9326923076923077 0.010395010395010396 0.003205128205128205
0 0.24116424116424118 0.9302884615384616 0.008316008316008316 0.0016025641025641025
0 0.1704781704781705 0.9254807692307693 0.004158004158004158 0.0016025641025641025
0 0.16112266112266113 0.9254807692307693 0.006237006237006237 0.0016025641025641025
0 0.2515592515592516 0.9214743589743589 0.02079002079002079 0.00641025641025641
0 0.19334719334719336 0.9174679487179487 0.029106029106029108 0.004807692307692308
0 0.26507276507276506 0.9134615384615384 0.010395010395010396 0.003205128205128205
0 0.21413721413721415 0.9102564102564102 0.02079002079002079 0.003205128205128205
0 0.19334719334719336 0.9102564102564102 0.004158004158004158 0.003205128205128205
0 0.28482328482328484 0.8958333333333334 0.008316008316008316 0.003205128205128205
0 0.20582120582120583 0.8902243589743589 0.004158004158004158 0.0016025641025641025
0 0.20686070686070687 0.8822115384615384 0.010395010395010396 0.004807692307692308
0 0.9677754677754677 0.8653846153846154 0.02702702702702703 0.003205128205128205
0 0.2079002079002079 0.8645833333333334 0.008316008316008316 0.004807692307692308
0 0.2286902286902287 0.8477564102564102 0.016632016632016633 0.00641025641025641
0 0.6237006237006237 0.844551282051282 0.008316008316008316 0.00641025641025641
0 0.23284823284823286 0.8381410256410257 0.004158004158004158 0.003205128205128205
0 0.2286902286902287 0.8293269230769231 0.012474012474012475 0.004807692307692308
0 0.6112266112266113 0.8036858974358975 0.004158004158004158 0.0016025641025641025
0 0.6330561330561331 0.8028846153846154 0.006237006237006237 0.003205128205128205
0 0.7692307692307693 0.7459935897435898 0.05405405405405406 0.04326923076923077
0 0.7744282744282744 0.6306089743589743 0.05197505197505198 0.04326923076923077
0 0.9272349272349273 0.5985576923076923 0.008316008316008316 0.0016025641025641025
0 0.8482328482328483 0.5857371794871795 0.029106029106029108 0.017628205128205128
0 0.9386694386694386 0.5713141025641025 0.014553014553014554 0.011217948717948718
0 0.9833679833679834 0.5689102564102564 0.033264033264033266 0.019230769230769232
0 0.9553014553014553 0.5608974358974359 0.006237006237006237 0.003205128205128205
0 0.9573804573804574 0.5216346153846154 0.002079002079002079 0.0016025641025641025
0 0.9968814968814969 0.5208333333333334 0.006237006237006237 0.003205128205128205
0 0.8981288981288982 0.5184294871794872 0.02079002079002079 0.014423076923076924
0 0.9948024948024948 0.5032051282051282 0.010395010395010396 0.003205128205128205
0 0.9074844074844075 0.5024038461538461 0.018711018711018712 0.014423076923076924
0 0.998960498960499 0.49439102564102566 0.002079002079002079 0.0016025641025641025
0 0.9916839916839917 0.4855769230769231 0.016632016632016633 0.003205128205128205
0 0.9272349272349273 0.46073717948717946 0.008316008316008316 0.004807692307692308
0 0.7858627858627859 0.4807692307692308 0.062370062370062374 0.04487179487179487
0 0.9532224532224532 0.4895833333333333 0.09355509355509356 0.06891025641025642
0 0.9667359667359667 0.4495192307692308 0.016632016632016633 0.004807692307692308
0 0.4230769230769231 0.3245192307692308 0.018711018711018712 0.004807692307692308
0 0.5 0.5248397435897436 1.0 0.9503205128205128
0 0.5343035343035343 0.03926282051282051 0.02079002079002079 0.011217948717948718
0 0.5436590436590436 0.028846153846153848 0.006237006237006237 0.00641025641025641
0 0.5197505197505198 0.01842948717948718 0.008316008316008316 0.014423076923076924
0 0.31496881496881496 0.022435897435897436 0.02286902286902287 0.035256410256410256
0 0.3627858627858628 0.021634615384615384 0.0395010395010395 0.03685897435897436
0 0.58004158004158 0.028044871794871796 0.04573804573804574 0.05608974358974359
0 0.524948024948025 0.0016025641025641025 0.006237006237006237 0.003205128205128205
0 0.5093555093555093 0.002403846153846154 0.012474012474012475 0.004807692307692308
0 0.49584199584199584 0.022435897435897436 0.031185031185031187 0.04487179487179487
0 0.36486486486486486 0.028044871794871796 0.22245322245322247 0.05608974358974359
