0 0.5204724409448819 0.9851063829787234 0.0015748031496062992 0.00425531914893617
0 0.4496062992125984 0.9914893617021276 0.014173228346456693 0.01702127659574468
0 0.378740157480315 0.9914893617021276 0.011023622047244094 0.01702127659574468
0 0.41653543307086616 0.9904255319148936 0.029921259842519685 0.019148936170212766
0 0.5362204724409448 0.9776595744680852 0.0015748031496062992 0.002127659574468085
0 0.19370078740157481 0.8393617021276596 0.006299212598425197 0.006382978723404255
0 0.9417322834645669 0.7936170212765957 0.006299212598425197 0.00425531914893617
0 0.19763779527559056 0.7861702127659574 0.007874015748031496 0.006382978723404255
0 0.9440944881889763 0.7840425531914894 0.011023622047244094 0.006382978723404255
0 0.9433070866141732 0.7691489361702127 0.015748031496062992 0.006382978723404255
0 0.9440944881889763 0.7595744680851064 0.01732283464566929 0.00851063829787234
0 0.3952755905511811 0.7627659574468085 0.009448818897637795 0.014893617021276596
0 0.9440944881889763 0.7457446808510638 0.01732283464566929 0.006382978723404255
0 0.02204724409448819 0.7361702127659574 0.006299212598425197 0.00425531914893617
0 0.9464566929133859 0.7329787234042553 0.015748031496062992 0.006382978723404255
0 0.5047244094488189 0.7308510638297873 0.004724409448818898 0.006382978723404255
0 0.9488188976377953 0.7191489361702128 0.026771653543307086 0.00851063829787234
0 0.4590551181102362 0.7414893617021276 0.07401574803149606 0.0574468085106383
0 0.415748031496063 0.7244680851063829 0.015748031496062992 0.031914893617021274
0 0.9456692913385827 0.7074468085106383 0.01732283464566929 0.006382978723404255
0 0.2748031496062992 0.7042553191489361 0.007874015748031496 0.00425531914893617
0 0.6826771653543308 0.7106382978723405 0.04251968503937008 0.02127659574468085
0 0.7590551181102362 0.6787234042553192 0.02204724409448819 0.01276595744680851
0 0.5897637795275591 0.6638297872340425 0.007874015748031496 0.00425531914893617
0 0.9480314960629921 0.6776595744680851 0.031496062992125984 0.04042553191489362
0 0.5401574803149606 0.6627659574468086 0.06299212598425197 0.014893617021276596
0 0.4393700787401575 0.6606382978723404 0.05984251968503937 0.023404255319148935
0 0.4937007874015748 0.6531914893617021 0.026771653543307086 0.01276595744680851
0 0.9448818897637795 0.6468085106382979 0.012598425196850394 0.00851063829787234
0 0.14330708661417324 0.624468085106383 0.009448818897637795 0.010638297872340425
0 0.1094488188976378 0.625531914893617 0.026771653543307086 0.01702127659574468
0 0.1700787401574803 0.6212765957446809 0.012598425196850394 0.01276595744680851
0 0.7118110236220473 0.6372340425531915 0.08188976377952756 0.0574468085106383
0 0.01968503937007874 0.5702127659574469 0.007874015748031496 0.00851063829787234
0 0.0984251968503937 0.5617021276595745 0.011023622047244094 0.01702127659574468
0 0.23543307086614174 0.5191489361702127 0.014173228346456693 0.01702127659574468
0 0.8440944881889764 0.26595744680851063 0.015748031496062992 0.029787234042553193
0 0.5566929133858268 0.24574468085106382 0.0015748031496062992 0.002127659574468085
0 0.6196850393700788 0.24468085106382978 0.007874015748031496 0.00851063829787234
0 0.594488188976378 0.251063829787234 0.01732283464566929 0.02127659574468085
0 0.5724409448818898 0.24468085106382978 0.011023622047244094 0.00851063829787234
0 0.6417322834645669 0.24361702127659574 0.01732283464566929 0.010638297872340425
0 0.5118110236220472 0.23404255319148937 0.0031496062992125984 0.00425531914893617
0 0.4456692913385827 0.2351063829787234 0.047244094488188976 0.006382978723404255
0 0.3724409448818898 0.23617021276595745 0.02047244094488189 0.00851063829787234
0 0.5551181102362205 0.23404255319148937 0.011023622047244094 0.00851063829787234
0 0.49133858267716535 0.2351063829787234 0.01889763779527559 0.010638297872340425
0 0.6425196850393701 0.23191489361702128 0.015748031496062992 0.00851063829787234
0 0.6188976377952756 0.23191489361702128 0.006299212598425197 0.00851063829787234
0 0.5787401574803149 0.23191489361702128 0.01732283464566929 0.00851063829787234
0 0.5362204724409448 0.23297872340425532 0.011023622047244094 0.010638297872340425
0 0.7118110236220473 0.2297872340425532 0.006299212598425197 0.00851063829787234
0 0.7889763779527559 0.22872340425531915 0.015748031496062992 0.010638297872340425
0 0.3724409448818898 0.225531914893617 0.007874015748031496 0.00425531914893617
0 0.3425196850393701 0.225531914893617 0.007874015748031496 0.00425531914893617
0 0.4330708661417323 0.22446808510638297 0.09133858267716535 0.010638297872340425
0 0.5354330708661418 0.22127659574468084 0.006299212598425197 0.00851063829787234
0 0.5196850393700787 0.22127659574468084 0.009448818897637795 0.00851063829787234
0 0.494488188976378 0.22234042553191488 0.015748031496062992 0.010638297872340425
0 0.6433070866141732 0.21914893617021278 0.014173228346456693 0.00851063829787234
0 0.6196850393700788 0.21914893617021278 0.011023622047244094 0.00851063829787234
0 0.5968503937007874 0.21914893617021278 0.012598425196850394 0.00851063829787234
0 0.5771653543307087 0.22021276595744682 0.007874015748031496 0.010638297872340425
0 0.789763779527559 0.2170212765957447 0.014173228346456693 0.00851063829787234
0 0.7110236220472441 0.21808510638297873 0.007874015748031496 0.010638297872340425
0 0.6677165354330709 0.21808510638297873 0.015748031496062992 0.010638297872340425
0 0.8496062992125984 0.21382978723404256 0.004724409448818898 0.006382978723404255
0 0.4511811023622047 0.20957446808510638 0.004724409448818898 0.002127659574468085
0 0.4275590551181102 0.20957446808510638 0.004724409448818898 0.002127659574468085
0 0.39921259842519685 0.21063829787234042 0.014173228346456693 0.00425531914893617
0 0.5354330708661418 0.2074468085106383 0.0031496062992125984 0.002127659574468085
0 0.6811023622047244 0.2053191489361702 0.004724409448818898 0.002127659574468085
0 0.6267716535433071 0.2053191489361702 0.0031496062992125984 0.002127659574468085
0 0.6181102362204725 0.2053191489361702 0.004724409448818898 0.002127659574468085
0 0.5771653543307087 0.20638297872340425 0.014173228346456693 0.00425531914893617
0 0.5566929133858268 0.2074468085106383 0.014173228346456693 0.006382978723404255
0 0.5196850393700787 0.20851063829787234 0.012598425196850394 0.00851063829787234
0 0.6637795275590551 0.20425531914893616 0.004724409448818898 0.00425531914893617
0 0.40393700787401576 0.19893617021276597 0.0015748031496062992 0.002127659574468085
0 0.3858267716535433 0.19787234042553192 0.006299212598425197 0.00425531914893617
0 0.47401574803149604 0.19680851063829788 0.025196850393700787 0.006382978723404255
0 0.6031496062992125 0.19361702127659575 0.028346456692913385 0.00425531914893617
0 0.6346456692913386 0.1925531914893617 0.028346456692913385 0.006382978723404255
0 0.36299212598425196 0.18617021276595744 0.0015748031496062992 0.002127659574468085
0 0.347244094488189 0.18723404255319148 0.004724409448818898 0.00425531914893617
0 0.3188976377952756 0.18723404255319148 0.007874015748031496 0.00425531914893617
0 0.26456692913385826 0.18829787234042553 0.015748031496062992 0.006382978723404255
0 0.33858267716535434 0.18617021276595744 0.006299212598425197 0.006382978723404255
0 0.7921259842519685 0.17659574468085107 0.009448818897637795 0.00425531914893617
0 0.8362204724409449 0.17659574468085107 0.031496062992125984 0.00851063829787234
0 0.7661417322834646 0.17340425531914894 0.03622047244094488 0.010638297872340425
0 0.5188976377952756 0.1202127659574468 0.007874015748031496 0.010638297872340425
0 0.4858267716535433 0.10106382978723404 0.0015748031496062992 0.002127659574468085
0 0.27244094488188975 0.09787234042553192 0.015748031496062992 0.01276595744680851
0 0.452755905511811 0.06914893617021277 0.011023622047244094 0.006382978723404255
0 0.8440944881889764 0.06170212765957447 0.009448818897637795 0.01276595744680851
0 0.47874015748031495 0.06914893617021277 0.028346456692913385 0.031914893617021274
0 0.22362204724409449 0.06170212765957447 0.009448818897637795 0.02127659574468085
0 0.3 0.05106382978723404 0.0015748031496062992 0.00425531914893617
0 0.2677165354330709 0.06063829787234042 0.015748031496062992 0.023404255319148935
0 0.515748031496063 0.06808510638297872 0.03622047244094488 0.0425531914893617
0 0.9039370078740158 0.030851063829787233 0.006299212598425197 0.006382978723404255
0 0.4921259842519685 0.475531914893617 0.984251968503937 0.9
0 0.6039370078740157 0.00851063829787234 0.011023622047244094 0.01702127659574468
0 0.5834645669291338 0.00851063829787234 0.007874015748031496 0.01702127659574468
0 0.5574803149606299 0.002127659574468085 0.0031496062992125984 0.00425531914893617
0 0.5307086614173229 0.0031914893617021275 0.012598425196850394 0.006382978723404255
0 0.41181102362204725 0.002127659574468085 0.023622047244094488 0.00425531914893617
0 0.3795275590551181 0.002127659574468085 0.0031496062992125984 0.00425531914893617
0 0.4220472440944882 0.01276595744680851 0.16692913385826771 0.02553191489361702
