0 0.7117021276595744 0.9836601307189542 0.014893617021276596 0.006535947712418301
0 0.747872340425532 0.9795751633986928 0.019148936170212766 0.004901960784313725
0 0.1819148936170213 0.9820261437908496 0.036170212765957444 0.03594771241830065
0 0.5914893617021276 0.9272875816993464 0.00851063829787234 0.004901960784313725
0 0.1925531914893617 0.9199346405228758 0.019148936170212766 0.0032679738562091504
0 0.5968085106382979 0.9174836601307189 0.010638297872340425 0.004901960784313725
0 0.00851063829787234 0.9093137254901961 0.00851063829787234 0.0016339869281045752
0 0.6053191489361702 0.9068627450980392 0.014893617021276596 0.006535947712418301
0 0.18936170212765957 0.9019607843137255 0.03404255319148936 0.006535947712418301
0 0.5861702127659575 0.8986928104575164 0.006382978723404255 0.0032679738562091504
0 0.6106382978723405 0.8970588235294118 0.01276595744680851 0.006535947712418301
0 0.11914893617021277 0.8913398692810458 0.00425531914893617 0.0016339869281045752
0 0.08617021276595745 0.8913398692810458 0.002127659574468085 0.0016339869281045752
0 0.014893617021276596 0.8929738562091504 0.01276595744680851 0.004901960784313725
0 0.17446808510638298 0.8921568627450981 0.06382978723404255 0.006535947712418301
0 0.17659574468085107 0.8782679738562091 0.06808510638297872 0.017973856209150325
0 0.6042553191489362 0.928921568627451 0.17872340425531916 0.14215686274509803
0 0.1946808510638298 0.8594771241830066 0.031914893617021274 0.016339869281045753
0 0.13617021276595745 0.8447712418300654 0.00425531914893617 0.0032679738562091504
0 0.1797872340425532 0.8455882352941176 0.06595744680851064 0.008169934640522876
0 0.5542553191489362 0.8464052287581699 0.031914893617021274 0.016339869281045753
0 0.20212765957446807 0.8357843137254902 0.02127659574468085 0.004901960784313725
0 0.5606382978723404 0.8276143790849673 0.019148936170212766 0.014705882352941176
0 0.6585106382978724 0.8202614379084967 0.010638297872340425 0.006535947712418301
0 0.005319148936170213 0.8186274509803921 0.010638297872340425 0.0032679738562091504
0 0.19574468085106383 0.8088235294117647 0.02127659574468085 0.0032679738562091504
0 0.21170212765957447 0.7834967320261438 0.014893617021276596 0.008169934640522876
0 0.973404255319149 0.7785947712418301 0.05319148936170213 0.03431372549019608
0 0.7787234042553192 0.7663398692810458 0.05531914893617021 0.032679738562091505
0 0.5712765957446808 0.7393790849673203 0.05319148936170213 0.07352941176470588
0 0.5585106382978723 0.6919934640522876 0.006382978723404255 0.008169934640522876
0 0.7776595744680851 0.6928104575163399 0.05319148936170213 0.042483660130718956
0 0.5595744680851064 0.6756535947712419 0.00425531914893617 0.008169934640522876
0 0.5627659574468085 0.6568627450980392 0.006382978723404255 0.00980392156862745
0 0.5627659574468085 0.6372549019607843 0.002127659574468085 0.0032679738562091504
0 0.9904255319148936 0.6495098039215687 0.019148936170212766 0.04084967320261438
0 0.5648936170212766 0.6184640522875817 0.002127659574468085 0.004901960784313725
0 0.9031914893617021 0.5808823529411765 0.014893617021276596 0.05065359477124183
0 0.9074468085106383 0.5490196078431373 0.006382978723404255 0.006535947712418301
0 0.9095744680851063 0.5416666666666666 0.002127659574468085 0.0016339869281045752
0 0.8382978723404255 0.5343137254901961 0.00425531914893617 0.0032679738562091504
0 0.8042553191489362 0.5334967320261438 0.02127659574468085 0.014705882352941176
0 0.776595744680851 0.5285947712418301 0.02127659574468085 0.021241830065359478
0 0.776595744680851 0.5122549019607843 0.01276595744680851 0.004901960784313725
0 0.8117021276595745 0.494281045751634 0.006382978723404255 0.0016339869281045752
0 0.7723404255319148 0.5008169934640523 0.03829787234042553 0.014705882352941176
0 0.9095744680851063 0.4730392156862745 0.002127659574468085 0.0016339869281045752
0 0.8585106382978723 0.46568627450980393 0.006382978723404255 0.0032679738562091504
0 0.7457446808510638 0.4591503267973856 0.010638297872340425 0.0032679738562091504
0 0.8329787234042553 0.4714052287581699 0.15531914893617021 0.03758169934640523
0 0.9468085106382979 0.18709150326797386 0.00425531914893617 0.0016339869281045752
0 0.9351063829787234 0.18709150326797386 0.006382978723404255 0.0016339869281045752
0 0.9117021276595745 0.18790849673202614 0.027659574468085105 0.0032679738562091504
0 0.9797872340425532 0.18627450980392157 0.04042553191489362 0.006535947712418301
0 0.8457446808510638 0.1511437908496732 0.014893617021276596 0.0016339869281045752
0 0.9393617021276596 0.14869281045751634 0.12127659574468085 0.006535947712418301
0 0.8468085106382979 0.11601307189542484 0.01276595744680851 0.0032679738562091504
0 0.9340425531914893 0.11356209150326797 0.13191489361702127 0.004901960784313725
0 0.9797872340425532 0.0784313725490196 0.04042553191489362 0.0032679738562091504
0 0.5202127659574468 0.04330065359477124 0.014893617021276596 0.004901960784313725
0 0.551063829787234 0.04003267973856209 0.02127659574468085 0.011437908496732025
0 0.5606382978723404 0.029411764705882353 0.006382978723404255 0.0032679738562091504
0 0.5085106382978724 0.03431372549019608 0.02127659574468085 0.0196078431372549
0 0.5351063829787234 0.018790849673202614 0.006382978723404255 0.008169934640522876
0 0.37553191489361704 0.025326797385620915 0.04042553191489362 0.03431372549019608
0 0.32659574468085106 0.025326797385620915 0.023404255319148935 0.03431372549019608
0 0.5031914893617021 0.010620915032679739 0.010638297872340425 0.014705882352941176
0 0.597872340425532 0.028594771241830064 0.04680851063829787 0.05718954248366013
0 0.5393617021276595 0.0024509803921568627 0.010638297872340425 0.004901960784313725
0 0.5212765957446809 0.0024509803921568627 0.01702127659574468 0.004901960784313725
0 0.5 0.5 1.0 1.0
