0 0.7306763285024155 0.9787234042553191 0.007246376811594203 0.0070921985815602835
0 0.8743961352657005 0.9769503546099291 0.20772946859903382 0.04609929078014184
0 0.9939613526570048 0.975177304964539 0.012077294685990338 0.04964539007092199
0 0.46618357487922707 0.9609929078014184 0.04830917874396135 0.07801418439716312
0 0.5157004830917874 0.9521276595744681 0.04106280193236715 0.08156028368794327
0 0.5688405797101449 0.9414893617021277 0.03140096618357488 0.07446808510638298
0 0.7065217391304348 0.9237588652482269 0.0893719806763285 0.09574468085106383
0 0.7379227053140096 0.8847517730496454 0.016908212560386472 0.024822695035460994
0 0.7089371980676329 0.8882978723404256 0.036231884057971016 0.04609929078014184
0 0.5314009661835749 0.9219858156028369 0.27053140096618356 0.15602836879432624
0 0.788647342995169 0.8953900709219859 0.06521739130434782 0.1595744680851064
0 0.6304347826086957 0.7960992907801419 0.10144927536231885 0.04609929078014184
0 0.36231884057971014 0.8049645390070922 0.01932367149758454 0.09929078014184398
0 0.7439613526570048 0.7429078014184397 0.024154589371980676 0.031914893617021274
0 0.6304347826086957 0.7322695035460993 0.09178743961352658 0.08156028368794327
0 0.6413043478260869 0.675531914893617 0.04589371980676329 0.010638297872340425
0 0.998792270531401 0.6613475177304965 0.0024154589371980675 0.0035460992907801418
0 0.998792270531401 0.5975177304964538 0.0024154589371980675 0.0035460992907801418
0 0.9927536231884058 0.5620567375886525 0.014492753623188406 0.010638297872340425
0 0.9963768115942029 0.5425531914893617 0.007246376811594203 0.0070921985815602835
0 0.9951690821256038 0.3829787234042553 0.00966183574879227 0.0070921985815602835
0 0.9915458937198067 0.3670212765957447 0.016908212560386472 0.010638297872340425
0 0.9903381642512077 0.225177304964539 0.01932367149758454 0.031914893617021274
0 0.5 0.46099290780141844 1.0 0.8439716312056738
0 0.7089371980676329 0.012411347517730497 0.0024154589371980675 0.0035460992907801418
0 0.717391304347826 0.024822695035460994 0.0821256038647343 0.04964539007092199
0 0.6135265700483091 0.04609929078014184 0.4251207729468599 0.09219858156028368
