0 0.4226044226044226 0.9838129496402878 0.014742014742014743 0.03237410071942446
0 0.3181818181818182 0.9838129496402878 0.03194103194103194 0.03237410071942446
0 0.20147420147420148 0.9838129496402878 0.029484029484029485 0.03237410071942446
0 0.45454545454545453 0.9694244604316546 0.009828009828009828 0.01079136690647482
0 0.26535626535626533 0.9820143884892086 0.05896805896805897 0.03597122302158273
0 0.48034398034398035 0.9802158273381295 0.036855036855036855 0.039568345323741004
0 0.3525798525798526 0.9586330935251799 0.4398034398034398 0.08273381294964029
0 0.9164619164619164 0.8453237410071942 0.019656019656019656 0.03597122302158273
0 0.9975429975429976 0.8255395683453237 0.004914004914004914 0.0035971223021582736
0 0.9828009828009828 0.7841726618705036 0.019656019656019656 0.007194244604316547
0 0.5 0.4802158273381295 1.0 0.7949640287769785
0 0.49385749385749383 0.044964028776978415 0.009828009828009828 0.01079136690647482
0 0.43857493857493857 0.00539568345323741 0.012285012285012284 0.01079136690647482
0 0.457002457002457 0.02877697841726619 0.08353808353808354 0.05755395683453238
0 0.31695331695331697 0.019784172661870502 0.014742014742014743 0.039568345323741004
0 0.2678132678132678 0.02158273381294964 0.05405405405405406 0.04316546762589928
0 0.21375921375921375 0.02158273381294964 0.014742014742014743 0.04316546762589928
