0 0.5123042505592841 0.9956268221574344 0.02237136465324385 0.008746355685131196
0 0.5201342281879194 0.9723032069970845 0.015659955257270694 0.02040816326530612
0 0.008948545861297539 0.9810495626822158 0.017897091722595078 0.037900874635568516
0 0.5324384787472036 0.9620991253644315 0.0044742729306487695 0.0058309037900874635
0 0.5033557046979866 0.9577259475218659 0.017897091722595078 0.008746355685131196
0 0.4865771812080537 0.9766763848396501 0.020134228187919462 0.04664723032069971
0 0.4015659955257271 0.9766763848396501 0.020134228187919462 0.04664723032069971
0 0.5738255033557047 0.967930029154519 0.042505592841163314 0.0641399416909621
0 0.26733780760626397 0.956268221574344 0.40939597315436244 0.08746355685131195
0 0.9966442953020134 0.8673469387755102 0.006711409395973154 0.014577259475218658
0 0.656599552572707 0.8396501457725948 0.015659955257270694 0.0058309037900874635
0 0.06711409395973154 0.7463556851311953 0.0044742729306487695 0.01749271137026239
0 0.06711409395973154 0.7128279883381924 0.008948545861297539 0.02040816326530612
0 0.06711409395973154 0.6895043731778425 0.008948545861297539 0.02040816326530612
0 0.4988814317673378 0.6793002915451894 0.008948545861297539 0.023323615160349854
0 0.4988814317673378 0.6632653061224489 0.0044742729306487695 0.0029154518950437317
0 0.668903803131991 0.6763848396501457 0.06263982102908278 0.0641399416909621
0 0.5536912751677853 0.7011661807580175 0.029082774049217 0.11370262390670553
0 0.8825503355704698 0.6341107871720116 0.0022371364653243847 0.0029154518950437317
0 0.9328859060402684 0.6501457725947521 0.08053691275167785 0.04664723032069971
0 0.7360178970917226 0.6865889212827988 0.049217002237136466 0.119533527696793
0 0.668903803131991 0.6311953352769679 0.053691275167785234 0.02040816326530612
0 0.5559284116331096 0.6297376093294461 0.029082774049217 0.01749271137026239
0 0.9351230425055929 0.6064139941690962 0.08501118568232663 0.01749271137026239
0 0.5559284116331096 0.5991253644314869 0.029082774049217 0.014577259475218658
0 0.5190156599552572 0.6122448979591837 0.017897091722595078 0.04664723032069971
0 0.9340044742729307 0.5830903790087464 0.06487695749440715 0.011661807580174927
0 0.5570469798657718 0.5743440233236151 0.026845637583892617 0.011661807580174927
0 0.5190156599552572 0.5728862973760933 0.013422818791946308 0.014577259475218658
0 0.5178970917225951 0.7244897959183674 0.9239373601789709 0.34110787172011664
0 0.8422818791946308 0.5408163265306123 0.0022371364653243847 0.0029154518950437317
0 0.959731543624161 0.543731778425656 0.03131991051454139 0.014577259475218658
0 0.28635346756152125 0.5422740524781341 0.008948545861297539 0.011661807580174927
0 0.7818791946308725 0.5408163265306123 0.029082774049217 0.014577259475218658
0 0.558165548098434 0.5349854227405247 0.029082774049217 0.014577259475218658
0 0.5190156599552572 0.5306122448979592 0.02237136465324385 0.01749271137026239
0 0.9731543624161074 0.5174927113702624 0.0044742729306487695 0.0029154518950437317
0 0.9049217002237137 0.5145772594752187 0.06935123042505593 0.008746355685131196
0 0.8378076062639821 0.5145772594752187 0.03803131991051454 0.014577259475218658
0 0.7829977628635347 0.5116618075801749 0.03131991051454139 0.02040816326530612
0 0.007829977628635347 0.5349854227405247 0.015659955257270694 0.0728862973760933
0 0.558165548098434 0.5043731778425656 0.024608501118568233 0.01749271137026239
0 0.5201342281879194 0.5029154518950437 0.020134228187919462 0.02040816326530612
0 0.9519015659955258 0.48542274052478135 0.04697986577181208 0.014577259475218658
0 0.8803131991051454 0.48250728862973763 0.006711409395973154 0.008746355685131196
0 0.8366890380313199 0.48104956268221577 0.026845637583892617 0.01749271137026239
0 0.7829977628635347 0.48104956268221577 0.026845637583892617 0.023323615160349854
0 0.5592841163310962 0.4737609329446064 0.026845637583892617 0.014577259475218658
0 0.5212527964205816 0.4737609329446064 0.017897091722595078 0.02040816326530612
0 0.889261744966443 0.45335276967930027 0.020134228187919462 0.008746355685131196
0 0.8299776286353467 0.45335276967930027 0.013422818791946308 0.014577259475218658
0 0.8523489932885906 0.4489795918367347 0.017897091722595078 0.023323615160349854
0 0.5592841163310962 0.4446064139941691 0.026845637583892617 0.014577259475218658
0 0.8847874720357942 0.39941690962099125 0.029082774049217 0.07580174927113703
0 0.9105145413870246 0.36151603498542273 0.0044742729306487695 0.011661807580174927
0 0.8847874720357942 0.34839650145772594 0.011185682326621925 0.014577259475218658
0 0.912751677852349 0.3294460641399417 0.008948545861297539 0.023323615160349854
0 0.9429530201342282 0.3877551020408163 0.0738255033557047 0.15160349854227406
0 0.5559284116331096 0.3032069970845481 0.0022371364653243847 0.0058309037900874635
0 0.5615212527964206 0.36443148688046645 0.03131991051454139 0.13994169096209913
0 0.005592841163310962 0.31341107871720114 0.011185682326621925 0.04956268221574344
0 0.5704697986577181 0.2886297376093295 0.0044742729306487695 0.0058309037900874635
0 0.9608501118568232 0.2886297376093295 0.029082774049217 0.011661807580174927
0 0.7975391498881432 0.3673469387755102 0.06487695749440715 0.1924198250728863
0 0.9686800894854586 0.25801749271137026 0.008948545861297539 0.008746355685131196
0 0.970917225950783 0.22886297376093295 0.0044742729306487695 0.0029154518950437317
0 0.8087248322147651 0.2478134110787172 0.06487695749440715 0.04081632653061224
0 0.5738255033557047 0.20699708454810495 0.006711409395973154 0.0058309037900874635
0 0.5123042505592841 0.21428571428571427 0.0044742729306487695 0.02040816326530612
0 0.5123042505592841 0.19387755102040816 0.0044742729306487695 0.008746355685131196
0 0.5939597315436241 0.1793002915451895 0.011185682326621925 0.008746355685131196
0 0.9966442953020134 0.17784256559766765 0.006711409395973154 0.011661807580174927
0 0.5704697986577181 0.1793002915451895 0.026845637583892617 0.014577259475218658
0 0.5145413870246085 0.1793002915451895 0.008948545861297539 0.014577259475218658
0 0.3982102908277405 0.21865889212827988 0.16554809843400448 0.09329446064139942
0 0.5604026845637584 0.16472303206997085 0.0022371364653243847 0.0029154518950437317
0 0.6487695749440716 0.15014577259475217 0.0044742729306487695 0.0029154518950437317
0 0.5950782997762863 0.15160349854227406 0.008948545861297539 0.0058309037900874635
0 0.5604026845637584 0.15014577259475217 0.0022371364653243847 0.0029154518950437317
0 0.5749440715883669 0.15743440233236153 0.017897091722595078 0.023323615160349854
0 0.5145413870246085 0.14868804664723032 0.0044742729306487695 0.0058309037900874635
0 0.9966442953020134 0.14723032069970846 0.006711409395973154 0.014577259475218658
0 0.17785234899328858 0.18658892128279883 0.16778523489932887 0.09329446064139942
0 0.9977628635346756 0.119533527696793 0.0044742729306487695 0.0058309037900874635
0 0.5715883668903803 0.12244897959183673 0.020134228187919462 0.011661807580174927
0 0.5715883668903803 0.09475218658892129 0.029082774049217 0.02040816326530612
0 0.0022371364653243847 0.08454810495626822 0.0044742729306487695 0.011661807580174927
0 0.9955257270693513 0.08892128279883382 0.008948545861297539 0.026239067055393587
0 0.8814317673378076 0.08600583090379009 0.174496644295302 0.037900874635568516
0 0.5279642058165548 0.033527696793002916 0.008948545861297539 0.014577259475218658
0 0.49217002237136465 0.030612244897959183 0.008948545861297539 0.008746355685131196
0 0.5011185682326622 0.02478134110787172 0.008948545861297539 0.02040816326530612
0 0.29642058165548096 0.34110787172011664 0.5033557046979866 0.6530612244897959
0 0.5190156599552572 0.011661807580174927 0.0044742729306487695 0.0058309037900874635
0 0.37919463087248323 0.016034985422740525 0.015659955257270694 0.014577259475218658
0 0.4899328859060403 0.007288629737609329 0.0044742729306487695 0.014577259475218658
0 0.40939597315436244 0.011661807580174927 0.008948545861297539 0.023323615160349854
0 0.36017897091722595 0.01020408163265306 0.017897091722595078 0.02040816326530612
0 0.33109619686800895 0.01020408163265306 0.008948545861297539 0.02040816326530612
