0 0.5417582417582417 0.9455587392550143 0.002197802197802198 0.0057306590257879654
0 0.014285714285714285 0.9541547277936963 0.02857142857142857 0.04011461318051576
0 0.5252747252747253 0.9426934097421203 0.02197802197802198 0.022922636103151862
0 0.512087912087912 0.9570200573065902 0.06153846153846154 0.05730659025787966
0 0.5065934065934066 0.9297994269340975 0.015384615384615385 0.008595988538681949
0 0.4736263736263736 0.9426934097421203 0.8021978021978022 0.11461318051575932
0 0.9956043956043956 0.835243553008596 0.008791208791208791 0.02005730659025788
0 0.5692307692307692 0.8022922636103151 0.013186813186813187 0.0057306590257879654
0 0.8274725274725274 0.7664756446991404 0.002197802197802198 0.0028653295128939827
0 0.5560439560439561 0.7722063037249284 0.026373626373626374 0.03724928366762178
0 0.5197802197802198 0.7363896848137536 0.002197802197802198 0.0057306590257879654
0 0.9439560439560439 0.7292263610315186 0.006593406593406593 0.0028653295128939827
0 0.7384615384615385 0.7220630372492837 0.004395604395604396 0.011461318051575931
0 0.8384615384615385 0.7148997134670487 0.002197802197802198 0.0028653295128939827
0 0.9439560439560439 0.7163323782234957 0.054945054945054944 0.011461318051575931
0 0.8472527472527472 0.7134670487106017 0.01098901098901099 0.0057306590257879654
0 0.8 0.7134670487106017 0.013186813186813187 0.0057306590257879654
0 0.8252747252747252 0.6905444126074498 0.01098901098901099 0.0057306590257879654
0 0.07692307692307693 0.6819484240687679 0.004395604395604396 0.011461318051575931
0 0.5527472527472528 0.7048710601719198 0.024175824175824177 0.07449856733524356
0 0.5615384615384615 0.6590257879656161 0.002197802197802198 0.0057306590257879654
0 0.07692307692307693 0.6575931232091691 0.008791208791208791 0.014326647564469915
0 0.5043956043956044 0.6518624641833811 0.006593406593406593 0.02005730659025788
0 0.554945054945055 0.6389684813753582 0.024175824175824177 0.04011461318051576
0 0.521978021978022 0.6375358166189111 0.006593406593406593 0.04297994269340974
0 0.7351648351648352 0.66189111747851 0.046153846153846156 0.12034383954154727
0 0.6692307692307692 0.6446991404011462 0.06373626373626373 0.09169054441260745
0 0.5571428571428572 0.6045845272206304 0.02857142857142857 0.017191977077363897
0 0.521978021978022 0.6045845272206304 0.01098901098901099 0.017191977077363897
0 0.8758241758241758 0.6446991404011462 0.2043956043956044 0.1489971346704871
0 0.7395604395604396 0.5816618911174785 0.046153846153846156 0.022922636103151862
0 0.5571428571428572 0.5773638968481375 0.02857142857142857 0.014326647564469915
0 0.5230769230769231 0.5787965616045845 0.013186813186813187 0.022922636103151862
0 0.8769230769230769 0.5573065902578797 0.1978021978021978 0.014326647564469915
0 0.5582417582417583 0.5501432664756447 0.026373626373626374 0.011461318051575931
0 0.5241758241758242 0.5501432664756447 0.01098901098901099 0.011461318051575931
0 0.8791208791208791 0.5171919770773639 0.1978021978021978 0.014326647564469915
0 0.5604395604395604 0.5100286532951289 0.026373626373626374 0.011461318051575931
0 0.5241758241758242 0.5085959885386819 0.015384615384615385 0.014326647564469915
0 0.8791208791208791 0.4885386819484241 0.1978021978021978 0.02005730659025788
0 0.5615384615384615 0.4828080229226361 0.024175824175824177 0.014326647564469915
0 0.013186813186813187 0.5171919770773639 0.026373626373626374 0.0830945558739255
0 0.5252747252747253 0.4813753581661891 0.013186813186813187 0.017191977077363897
0 0.8802197802197802 0.46131805157593125 0.1956043956043956 0.022922636103151862
0 0.5626373626373626 0.45272206303724927 0.026373626373626374 0.011461318051575931
0 0.5263736263736264 0.45272206303724927 0.015384615384615385 0.017191977077363897
0 0.9967032967032967 0.37249283667621774 0.006593406593406593 0.08595988538681948
0 0.5648351648351648 0.36962750716332377 0.03076923076923077 0.12607449856733524
0 0.5747252747252747 0.29656160458452724 0.006593406593406593 0.008595988538681949
0 0.00989010989010989 0.3151862464183381 0.01978021978021978 0.06876790830945559
0 0.5208791208791209 0.3467048710601719 0.035164835164835165 0.17765042979942694
0 0.8802197802197802 0.3438395415472779 0.1956043956043956 0.19484240687679083
0 0.9241758241758242 0.23782234957020057 0.01098901098901099 0.0057306590257879654
0 0.8901098901098901 0.22779369627507162 0.004395604395604396 0.0028653295128939827
0 0.967032967032967 0.22492836676217765 0.004395604395604396 0.0028653295128939827
0 0.9538461538461539 0.22636103151862463 0.013186813186813187 0.0057306590257879654
0 0.4230769230769231 0.20487106017191978 0.002197802197802198 0.0028653295128939827
0 0.5186813186813187 0.21203438395415472 0.008791208791208791 0.022922636103151862
0 0.43956043956043955 0.2034383954154728 0.004395604395604396 0.0057306590257879654
0 0.3934065934065934 0.2034383954154728 0.013186813186813187 0.011461318051575931
0 0.578021978021978 0.17908309455587393 0.013186813186813187 0.008595988538681949
0 0.5648351648351648 0.17765042979942694 0.004395604395604396 0.0057306590257879654
0 0.5197802197802198 0.1833810888252149 0.01098901098901099 0.022922636103151862
0 0.9967032967032967 0.17478510028653296 0.006593406593406593 0.011461318051575931
0 0.4032967032967033 0.2034383954154728 0.16483516483516483 0.08595988538681948
0 0.5791208791208792 0.1504297994269341 0.01098901098901099 0.008595988538681949
0 0.9967032967032967 0.14469914040114612 0.006593406593406593 0.008595988538681949
0 0.8835164835164835 0.17335243553008595 0.18021978021978022 0.07736389684813753
0 0.18681318681318682 0.18051575931232092 0.16703296703296702 0.09169054441260745
0 0.5813186813186814 0.12177650429799428 0.006593406593406593 0.008595988538681949
0 0.9593406593406594 0.1174785100286533 0.006593406593406593 0.0057306590257879654
0 0.8714285714285714 0.12034383954154727 0.15164835164835164 0.011461318051575931
0 0.5802197802197803 0.10888252148997135 0.004395604395604396 0.0057306590257879654
0 0.5769230769230769 0.08882521489971347 0.02857142857142857 0.022922636103151862
0 0.9956043956043956 0.08166189111747851 0.008791208791208791 0.03151862464183381
0 0.8824175824175824 0.07879656160458452 0.16483516483516483 0.03724928366762178
0 0.007692307692307693 0.07449856733524356 0.015384615384615385 0.034383954154727794
0 0.5307692307692308 0.022922636103151862 0.01098901098901099 0.011461318051575931
0 0.5043956043956044 0.015759312320916905 0.006593406593406593 0.014326647564469915
0 0.5153846153846153 0.4355300859598854 0.9208791208791208 0.8653295128939829
0 0.5197802197802198 0.0014326647564469914 0.002197802197802198 0.0028653295128939827
0 0.41318681318681316 0.0057306590257879654 0.008791208791208791 0.011461318051575931
0 0.38461538461538464 0.0057306590257879654 0.017582417582417582 0.011461318051575931
0 0.3648351648351648 0.0057306590257879654 0.013186813186813187 0.011461318051575931
0 0.33516483516483514 0.004297994269340974 0.006593406593406593 0.008595988538681949
