0 0.549812030075188 0.9968253968253968 0.009398496240601503 0.006349206349206349
0 0.6663533834586466 0.9920634920634921 0.016917293233082706 0.015873015873015872
0 0.631578947368421 0.9873015873015873 0.011278195488721804 0.025396825396825397
0 0.6795112781954887 0.9746031746031746 0.009398496240601503 0.012698412698412698
0 0.6475563909774437 0.973015873015873 0.013157894736842105 0.009523809523809525
0 0.6043233082706767 0.7904761904761904 0.7913533834586466 0.2920634920634921
0 0.015977443609022556 0.665079365079365 0.03195488721804511 0.4857142857142857
0 0.004699248120300752 0.4111111111111111 0.009398496240601503 0.009523809523809525
0 0.009398496240601503 0.14761904761904762 0.018796992481203006 0.009523809523809525
0 0.5169172932330827 0.5301587301587302 0.9661654135338346 0.8698412698412699
0 0.6221804511278195 0.06507936507936508 0.011278195488721804 0.015873015873015872
0 0.6607142857142857 0.03968253968253968 0.0018796992481203006 0.0031746031746031746
0 0.6372180451127819 0.03968253968253968 0.041353383458646614 0.06666666666666667
0 0.6588345864661654 0.006349206349206349 0.005639097744360902 0.012698412698412698
0 0.6071428571428571 0.03333333333333333 0.011278195488721804 0.06666666666666667
0 0.5263157894736842 0.02857142857142857 0.018796992481203006 0.05714285714285714
0 0.4943609022556391 0.03015873015873016 0.011278195488721804 0.06031746031746032
0 0.4548872180451128 0.03015873015873016 0.041353383458646614 0.06031746031746032
0 0.4417293233082707 0.006349206349206349 0.011278195488721804 0.012698412698412698
