0 0.545631067961165 0.9985272459499264 0.007766990291262136 0.0029455081001472753
0 0.005825242718446602 0.9977908689248896 0.011650485436893204 0.004418262150220913
0 0.3640776699029126 0.9815905743740795 0.02524271844660194 0.036818851251840944
0 0.4446601941747573 0.9808541973490427 0.02330097087378641 0.03829160530191458
0 0.41067961165048544 0.9808541973490427 0.040776699029126215 0.03829160530191458
0 0.6631067961165048 0.6531664212076583 0.005825242718446602 0.013254786450662739
0 0.4679611650485437 0.6229749631811488 0.011650485436893204 0.008836524300441826
0 0.4368932038834951 0.617820324005891 0.015533980582524271 0.004418262150220913
0 0.7058252427184466 0.6318114874815906 0.05242718446601942 0.041237113402061855
0 0.4679611650485437 0.6126656848306333 0.003883495145631068 0.0029455081001472753
0 0.5902912621359223 0.6207658321060383 0.0854368932038835 0.025036818851251842
0 0.9941747572815534 0.6075110456553755 0.011650485436893204 0.004418262150220913
0 0.7029126213592233 0.605301914580265 0.027184466019417475 0.0029455081001472753
0 0.9951456310679612 0.5972017673048601 0.009708737864077669 0.004418262150220913
0 0.9805825242718447 0.5972017673048601 0.011650485436893204 0.004418262150220913
0 0.9854368932038835 0.5883652430044183 0.02912621359223301 0.004418262150220913
0 0.2728155339805825 0.5905743740795287 0.27766990291262134 0.008836524300441826
0 0.5077669902912622 0.5861561119293078 0.021359223300970873 0.0029455081001472753
0 0.5 0.7908689248895434 1.0 0.4182621502209131
0 0.9349514563106797 0.5795287187039765 0.005825242718446602 0.0014727540500736377
0 0.9320388349514563 0.5699558173784978 0.011650485436893204 0.0029455081001472753
0 0.8699029126213592 0.5706921944035346 0.011650485436893204 0.004418262150220913
0 0.9699029126213592 0.5736377025036818 0.06019417475728155 0.013254786450662739
0 0.02233009708737864 0.5721649484536082 0.013592233009708738 0.016200294550810016
0 0.9466019417475728 0.561119293078056 0.040776699029126215 0.0029455081001472753
0 0.9883495145631068 0.5603829160530192 0.02330097087378641 0.004418262150220913
0 0.6990291262135923 0.5515463917525774 0.003883495145631068 0.0014727540500736377
0 0.02233009708737864 0.5537555228276878 0.009708737864077669 0.014727540500736377
0 0.8970873786407767 0.5427098674521355 0.003883495145631068 0.0014727540500736377
0 0.9378640776699029 0.5486008836524301 0.12427184466019417 0.016200294550810016
0 0.021359223300970873 0.5419734904270986 0.007766990291262136 0.005891016200294551
0 0.8815533980582524 0.5257731958762887 0.027184466019417475 0.0029455081001472753
0 0.020388349514563107 0.5279823269513991 0.009708737864077669 0.013254786450662739
0 0.021359223300970873 0.5139911634756995 0.003883495145631068 0.0029455081001472753
0 0.7757281553398059 0.48159057437407954 0.06407766990291262 0.005891016200294551
0 0.7291262135922331 0.4808541973490427 0.013592233009708738 0.004418262150220913
0 0.34368932038834954 0.47569955817378495 0.011650485436893204 0.005891016200294551
0 0.2970873786407767 0.47643593519882177 0.007766990291262136 0.007363770250368188
0 0.25922330097087376 0.47569955817378495 0.040776699029126215 0.005891016200294551
0 0.2203883495145631 0.47569955817378495 0.02524271844660194 0.005891016200294551
0 0.08640776699029126 0.4727540500736377 0.013592233009708738 0.0029455081001472753
0 0.014563106796116505 0.47128129602356406 0.017475728155339806 0.0029455081001472753
0 0.24271844660194175 0.4646539027982327 0.003883495145631068 0.004418262150220913
0 0.2203883495145631 0.4646539027982327 0.009708737864077669 0.004418262150220913
0 0.5203883495145631 0.05743740795287187 0.015533980582524271 0.0029455081001472753
0 0.5475728155339806 0.050073637702503684 0.003883495145631068 0.0029455081001472753
0 0.5349514563106796 0.041237113402061855 0.001941747572815534 0.0029455081001472753
0 0.5223300970873787 0.03240058910162003 0.007766990291262136 0.0029455081001472753
0 0.5495145631067961 0.023564064801178203 0.007766990291262136 0.005891016200294551
0 0.5106796116504855 0.03829160530191458 0.011650485436893204 0.035346097201767304
0 0.5300970873786408 0.021354933726067747 0.011650485436893204 0.004418262150220913
0 0.43106796116504853 0.028718703976435934 0.019417475728155338 0.030927835051546393
0 0.3932038834951456 0.024300441826215022 0.036893203883495145 0.033873343151693665
0 0.34951456310679613 0.019882179675994108 0.019417475728155338 0.030927835051546393
0 0.8407766990291262 0.03166421207658321 0.29902912621359223 0.06332842415316642
0 0.5 0.2695139911634757 1.0 0.5390279823269514
