0 0.5 0.5444444444444444 1.0 0.9111111111111111
0 0.6311953352769679 0.05555555555555555 0.026239067055393587 0.009523809523809525
0 0.37026239067055394 0.047619047619047616 0.011661807580174927 0.012698412698412698
0 0.60932944606414 0.031746031746031744 0.011661807580174927 0.025396825396825397
0 0.6705539358600583 0.03650793650793651 0.029154518950437316 0.04126984126984127
0 0.3717201166180758 0.011111111111111112 0.0029154518950437317 0.0031746031746031746
0 0.5 0.03015873015873016 0.026239067055393587 0.047619047619047616
0 0.44752186588921283 0.03015873015873016 0.05539358600583091 0.047619047619047616
0 0.3935860058309038 0.03015873015873016 0.023323615160349854 0.047619047619047616
0 0.6107871720116618 0.007936507936507936 0.008746355685131196 0.015873015873015872
