0 0.2901376146788991 0.9973118279569892 0.011467889908256881 0.005376344086021506
0 0.3956422018348624 0.996415770609319 0.016055045871559634 0.007168458781362007
0 0.3474770642201835 0.996415770609319 0.011467889908256881 0.007168458781362007
0 0.5045871559633027 0.9937275985663082 0.009174311926605505 0.005376344086021506
0 0.35206422018348627 0.9838709677419355 0.2591743119266055 0.03225806451612903
0 0.08944954128440367 0.9453405017921147 0.0045871559633027525 0.0017921146953405018
0 0.06536697247706422 0.9444444444444444 0.02981651376146789 0.0035842293906810036
0 0.0860091743119266 0.8987455197132617 0.016055045871559634 0.005376344086021506
0 0.9231651376146789 0.8879928315412187 0.006880733944954129 0.0017921146953405018
0 0.07568807339449542 0.8888888888888888 0.0045871559633027525 0.0035842293906810036
0 0.08256880733944955 0.8539426523297491 0.0045871559633027525 0.0017921146953405018
0 0.07912844036697247 0.8234767025089605 0.006880733944954129 0.005376344086021506
0 0.9311926605504587 0.8198924731182796 0.0045871559633027525 0.005376344086021506
0 0.08486238532110092 0.7894265232974911 0.0045871559633027525 0.0017921146953405018
0 0.8807339449541285 0.7903225806451613 0.009174311926605505 0.007168458781362007
0 0.6685779816513762 0.7903225806451613 0.02981651376146789 0.007168458781362007
0 0.6720183486238532 0.7795698924731183 0.0045871559633027525 0.0035842293906810036
0 0.6571100917431193 0.7786738351254481 0.0022935779816513763 0.0017921146953405018
0 0.7912844036697247 0.7786738351254481 0.01834862385321101 0.005376344086021506
0 0.5275229357798165 0.7849462365591398 0.05504587155963303 0.017921146953405017
0 0.7901376146788991 0.767921146953405 0.016055045871559634 0.005376344086021506
0 0.6708715596330275 0.767921146953405 0.011467889908256881 0.005376344086021506
0 0.658256880733945 0.767921146953405 0.009174311926605505 0.005376344086021506
0 0.5768348623853211 0.7786738351254481 0.02522935779816514 0.03046594982078853
0 0.09518348623853211 0.7598566308243727 0.02522935779816514 0.0035842293906810036
0 0.6525229357798165 0.757168458781362 0.0022935779816513763 0.0017921146953405018
0 0.7855504587155964 0.7562724014336918 0.011467889908256881 0.0035842293906810036
0 0.573394495412844 0.7580645161290323 0.022935779816513763 0.007168458781362007
0 0.6674311926605505 0.7473118279569892 0.0045871559633027525 0.0035842293906810036
0 0.6513761467889908 0.7473118279569892 0.0045871559633027525 0.0035842293906810036
0 0.8727064220183486 0.7446236559139785 0.0022935779816513763 0.0017921146953405018
0 0.783256880733945 0.7455197132616488 0.016055045871559634 0.0035842293906810036
0 0.569954128440367 0.7473118279569892 0.020642201834862386 0.007168458781362007
0 0.5217889908256881 0.7589605734767025 0.05733944954128441 0.03046594982078853
0 0.6639908256880734 0.7365591397849462 0.006880733944954129 0.0035842293906810036
0 0.6513761467889908 0.7365591397849462 0.0045871559633027525 0.0035842293906810036
0 0.5011467889908257 0.7374551971326165 0.011467889908256881 0.005376344086021506
0 0.09174311926605505 0.7275985663082437 0.009174311926605505 0.0035842293906810036
0 0.6628440366972477 0.7258064516129032 0.009174311926605505 0.0035842293906810036
0 0.6479357798165137 0.7258064516129032 0.006880733944954129 0.0035842293906810036
0 0.7821100917431193 0.7240143369175627 0.01834862385321101 0.007168458781362007
0 0.661697247706422 0.7159498207885304 0.006880733944954129 0.0017921146953405018
0 0.09174311926605505 0.7159498207885304 0.009174311926605505 0.0017921146953405018
0 0.8669724770642202 0.7132616487455197 0.0045871559633027525 0.0035842293906810036
0 0.6903669724770642 0.7204301075268817 0.01834862385321101 0.017921146953405017
0 0.6444954128440367 0.7043010752688172 0.0045871559633027525 0.0035842293906810036
0 0.7786697247706422 0.703405017921147 0.016055045871559634 0.005376344086021506
0 0.8612385321100917 0.6908602150537635 0.006880733944954129 0.005376344086021506
0 0.8589449541284404 0.6810035842293907 0.006880733944954129 0.0035842293906810036
0 0.6857798165137615 0.6944444444444444 0.027522935779816515 0.03046594982078853
0 0.658256880733945 0.6872759856630825 0.01834862385321101 0.016129032258064516
0 0.5493119266055045 0.8127240143369175 0.768348623853211 0.27419354838709675
0 0.9162844036697247 0.7383512544802867 0.0389908256880734 0.13620071684587814
0 0.09518348623853211 0.6729390681003584 0.016055045871559634 0.008960573476702509
0 0.9805045871559633 0.7912186379928315 0.0389908256880734 0.24910394265232974
0 0.09518348623853211 0.6648745519713262 0.011467889908256881 0.0035842293906810036
0 0.6353211009174312 0.6577060931899642 0.009174311926605505 0.0035842293906810036
0 0.09403669724770643 0.6514336917562724 0.009174311926605505 0.005376344086021506
0 0.8532110091743119 0.6370967741935484 0.0045871559633027525 0.005376344086021506
0 0.0963302752293578 0.6317204301075269 0.01834862385321101 0.008960573476702509
0 0.10321100917431193 0.6129032258064516 0.03211009174311927 0.007168458781362007
0 0.09862385321100918 0.5860215053763441 0.01834862385321101 0.021505376344086023
0 0.10550458715596331 0.5689964157706093 0.03211009174311927 0.008960573476702509
0 0.10550458715596331 0.5510752688172043 0.03211009174311927 0.005376344086021506
0 0.0034403669724770644 0.4632616487455197 0.006880733944954129 0.008960573476702509
0 0.10665137614678899 0.44265232974910396 0.0022935779816513763 0.0035842293906810036
0 0.026376146788990827 0.24551971326164876 0.052752293577981654 0.021505376344086023
0 0.9747706422018348 0.39157706093189965 0.05045871559633028 0.517921146953405
0 0.4736238532110092 0.36379928315412186 0.9472477064220184 0.6236559139784946
0 0.017201834862385322 0.022401433691756272 0.006880733944954129 0.008960573476702509
0 0.7924311926605505 0.017921146953405017 0.08027522935779817 0.035842293906810034
0 0.058486238532110095 0.005376344086021506 0.020642201834862386 0.010752688172043012
0 0.02522935779816514 0.004480286738351254 0.01834862385321101 0.008960573476702509
