0 0.3584656084656085 0.968476357267951 0.716931216931217 0.06304728546409807
0 0.8386243386243386 0.9150612959719789 0.26455026455026454 0.03677758318739054
0 0.4695767195767196 0.851138353765324 0.0026455026455026454 0.0035026269702276708
0 0.4523809523809524 0.8441330998248686 0.015873015873015872 0.0070052539404553416
0 0.3994708994708995 0.841506129597198 0.010582010582010581 0.008756567425569177
0 0.4722222222222222 0.8371278458844134 0.0026455026455026454 0.0035026269702276708
0 0.43253968253968256 0.830122591943958 0.007936507936507936 0.0035026269702276708
0 0.46825396825396826 0.8161120840630472 0.015873015873015872 0.010507880910683012
0 0.4113756613756614 0.8257443082311734 0.03439153439153439 0.047285464098073555
0 0.4246031746031746 0.8047285464098074 0.018518518518518517 0.008756567425569177
0 0.5185185185185185 0.8318739054290718 0.0582010582010582 0.08056042031523643
0 0.8690476190476191 0.7889667250437828 0.007936507936507936 0.03327495621716287
0 0.2526455026455027 0.808231173380035 0.2619047619047619 0.09982486865148861
0 0.9470899470899471 0.7583187390542907 0.021164021164021163 0.010507880910683012
0 0.9735449735449735 0.7679509632224168 0.05291005291005291 0.07530647985989491
0 0.91005291005291 0.7451838879159369 0.037037037037037035 0.03327495621716287
0 0.8862433862433863 0.7416812609457093 0.021164021164021163 0.03677758318739054
0 0.8505291005291006 0.7259194395796847 0.007936507936507936 0.008756567425569177
0 0.7711640211640212 0.7574430823117339 0.12962962962962962 0.09281961471103327
0 0.6534391534391535 0.7460595446584939 0.06878306878306878 0.09106830122591944
0 0.9642857142857143 0.6943957968476357 0.007936507936507936 0.0017513134851138354
0 0.6441798941798942 0.6961471103327496 0.013227513227513227 0.005253940455341506
0 0.9351851851851852 0.6830122591943958 0.10317460317460317 0.024518388791593695
0 0.9325396825396826 0.6549912434325744 0.09259259259259259 0.028021015761821366
0 0.6203703703703703 0.6646234676007006 0.06084656084656084 0.0542907180385289
0 0.6177248677248677 0.6322241681260946 0.0291005291005291 0.0070052539404553416
0 0.996031746031746 0.6243432574430823 0.007936507936507936 0.0017513134851138354
0 0.09788359788359788 0.6243432574430823 0.026455026455026454 0.005253940455341506
0 0.06084656084656084 0.6217162872154116 0.021164021164021163 0.0035026269702276708
0 0.9298941798941799 0.6287215411558669 0.082010582010582 0.028021015761821366
0 0.6283068783068783 0.6190893169877408 0.05555555555555555 0.01576182136602452
0 0.10449735449735449 0.6077057793345009 0.007936507936507936 0.0035026269702276708
0 0.6388888888888888 0.6068301225919439 0.03439153439153439 0.005253940455341506
0 0.6097883597883598 0.6050788091068301 0.0026455026455026454 0.0017513134851138354
0 0.11375661375661375 0.5989492119089317 0.031746031746031744 0.0070052539404553416
0 0.2328042328042328 0.5910683012259195 0.005291005291005291 0.0017513134851138354
0 0.11904761904761904 0.5919439579684763 0.015873015873015872 0.0035026269702276708
0 0.7738095238095238 0.6392294220665499 0.06084656084656084 0.10507880910683012
0 0.6309523809523809 0.5928196147110333 0.06084656084656084 0.01926444833625219
0 0.19047619047619047 0.5691768826619965 0.015873015873015872 0.0035026269702276708
0 0.14285714285714285 0.5691768826619965 0.06349206349206349 0.014010507880910683
0 0.5396825396825397 0.5201401050788091 0.026455026455026454 0.0070052539404553416
0 0.5251322751322751 0.5131348511383538 0.007936507936507936 0.0035026269702276708
0 0.544973544973545 0.4754816112084063 0.015873015873015872 0.005253940455341506
0 0.541005291005291 0.44746059544658495 0.007936507936507936 0.0017513134851138354
0 0.9365079365079365 0.4194395796847636 0.005291005291005291 0.0017513134851138354
0 0.5846560846560847 0.4185639229422067 0.010582010582010581 0.0035026269702276708
0 0.8875661375661376 0.5122591943957968 0.22486772486772486 0.2084063047285464
0 0.7738095238095238 0.4912434325744308 0.17195767195767195 0.1733800350262697
0 0.6018518518518519 0.4903677758318739 0.11904761904761904 0.18213660245183888
0 0.8558201058201058 0.404553415061296 0.15079365079365079 0.014010507880910683
0 0.7063492063492064 0.3949211908931699 0.08465608465608465 0.01576182136602452
0 0.6111111111111112 0.3905429071803853 0.021164021164021163 0.0070052539404553416
0 0.8822751322751323 0.38791593695271454 0.03968253968253968 0.005253940455341506
0 0.8227513227513228 0.38353765323992994 0.06878306878306878 0.0070052539404553416
0 0.7208994708994709 0.38003502626970226 0.03968253968253968 0.0070052539404553416
0 0.8690476190476191 0.37215411558669004 0.018518518518518517 0.0017513134851138354
0 0.8108465608465608 0.36777583187390545 0.05026455026455026 0.0070052539404553416
0 0.21825396825396826 0.36690017513134854 0.023809523809523808 0.008756567425569177
0 0.7976190476190477 0.35989492119089317 0.007936507936507936 0.0017513134851138354
0 0.16137566137566137 0.36339754816112085 0.047619047619047616 0.008756567425569177
0 0.828042328042328 0.35288966725043786 0.08465608465608465 0.008756567425569177
0 0.2208994708994709 0.3520140105078809 0.013227513227513227 0.0070052539404553416
0 0.8452380952380952 0.34413309982486867 0.03439153439153439 0.005253940455341506
0 0.8029100529100529 0.3423817863397548 0.0291005291005291 0.005253940455341506
0 0.2222222222222222 0.3371278458844133 0.010582010582010581 0.005253940455341506
0 0.18915343915343916 0.3353765323992995 0.0026455026455026454 0.0017513134851138354
0 0.8571428571428571 0.3345008756567426 0.010582010582010581 0.0035026269702276708
0 0.6904761904761905 0.3502626970227671 0.09523809523809523 0.03502626970227671
0 0.8042328042328042 0.3309982486865149 0.031746031746031744 0.0070052539404553416
0 0.8082010582010583 0.3222416812609457 0.03968253968253968 0.0070052539404553416
0 0.6931216931216931 0.3213660245183888 0.06349206349206349 0.01926444833625219
0 0.25132275132275134 0.30122591943957966 0.015873015873015872 0.0035026269702276708
0 0.18518518518518517 0.29772329246935203 0.037037037037037035 0.0035026269702276708
0 0.623015873015873 0.29159369527145357 0.0026455026455026454 0.0017513134851138354
0 0.6124338624338624 0.29071803852889666 0.007936507936507936 0.0035026269702276708
0 0.20238095238095238 0.28809106830122594 0.0026455026455026454 0.0017513134851138354
0 0.17857142857142858 0.28633975481611207 0.0026455026455026454 0.0017513134851138354
0 0.5542328042328042 0.287215411558669 0.0291005291005291 0.010507880910683012
0 0.2156084656084656 0.26882661996497376 0.10846560846560846 0.008756567425569177
0 0.7354497354497355 0.2732049036777583 0.015873015873015872 0.021015761821366025
0 0.9391534391534392 0.2626970227670753 0.010582010582010581 0.0070052539404553416
0 0.7314814814814815 0.2565674255691769 0.0026455026455026454 0.005253940455341506
0 0.8835978835978836 0.23204903677758318 0.2328042328042328 0.14886164623467601
0 0.7407407407407407 0.2031523642732049 0.05291005291005291 0.09457092819614711
0 0.4576719576719577 0.13047285464098074 0.010582010582010581 0.0017513134851138354
0 0.582010582010582 0.1287215411558669 0.015873015873015872 0.0017513134851138354
0 0.4417989417989418 0.1295971978984238 0.005291005291005291 0.0035026269702276708
0 0.421957671957672 0.1287215411558669 0.007936507936507936 0.0017513134851138354
0 0.3941798941798942 0.12609457092819615 0.037037037037037035 0.0035026269702276708
0 0.328042328042328 0.1234676007005254 0.06878306878306878 0.005253940455341506
0 0.6507936507936508 0.1234676007005254 0.10582010582010581 0.008756567425569177
0 0.27380952380952384 0.11996497373029773 0.03439153439153439 0.005253940455341506
0 0.18518518518518517 0.11471103327495621 0.0582010582010582 0.005253940455341506
0 0.35978835978835977 0.4246935201401051 0.7195767195767195 0.6322241681260946
0 0.541005291005291 0.10683012259194395 0.013227513227513227 0.0035026269702276708
0 0.18253968253968253 0.10595446584938704 0.031746031746031744 0.005253940455341506
0 0.03042328042328042 0.1042031523642732 0.007936507936507936 0.0017513134851138354
0 0.0026455026455026454 0.10332749562171628 0.005291005291005291 0.0035026269702276708
0 0.6349206349206349 0.10945709281961472 0.14814814814814814 0.01926444833625219
0 0.2222222222222222 0.0989492119089317 0.005291005291005291 0.0017513134851138354
0 0.18783068783068782 0.09719789842381786 0.047619047619047616 0.005253940455341506
0 0.6256613756613757 0.09369527145359019 0.17195767195767195 0.012259194395796848
0 0.24338624338624337 0.09019264448336252 0.047619047619047616 0.005253940455341506
0 0.5304232804232805 0.08669001751313485 0.007936507936507936 0.0017513134851138354
0 0.1931216931216931 0.08756567425569177 0.031746031746031744 0.0035026269702276708
0 0.667989417989418 0.08669001751313485 0.03968253968253968 0.005253940455341506
0 0.003968253968253968 0.08581436077057793 0.007936507936507936 0.0035026269702276708
0 0.6335978835978836 0.07443082311733801 0.16666666666666666 0.012259194395796848
0 0.5317460317460317 0.0691768826619965 0.010582010582010581 0.0017513134851138354
0 0.23412698412698413 0.07180385288966724 0.09259259259259259 0.0070052539404553416
0 0.5171957671957672 0.06830122591943957 0.007936507936507936 0.0035026269702276708
0 0.5846560846560847 0.06217162872154115 0.005291005291005291 0.0017513134851138354
0 0.021164021164021163 0.0595446584938704 0.015873015873015872 0.0035026269702276708
0 0.003968253968253968 0.05866900175131348 0.007936507936507936 0.0017513134851138354
0 0.6349206349206349 0.05604203152364273 0.13756613756613756 0.010507880910683012
0 0.24206349206349206 0.05253940455341506 0.07142857142857142 0.0070052539404553416
0 0.011904761904761904 0.040280210157618214 0.023809523809523808 0.0035026269702276708
0 0.6190476190476191 0.03852889667250438 0.09523809523809523 0.0070052539404553416
0 0.25793650793650796 0.03590192644483362 0.007936507936507936 0.0017513134851138354
0 0.23544973544973544 0.03502626970227671 0.021164021164021163 0.0035026269702276708
0 0.25793650793650796 0.01838879159369527 0.007936507936507936 0.0017513134851138354
0 0.7605820105820106 0.012259194395796848 0.04497354497354497 0.0035026269702276708
