0 0.5651162790697675 0.9976569821930646 0.004651162790697674 0.004686035613870665
0 0.5286821705426357 0.9976569821930646 0.009302325581395349 0.004686035613870665
0 0.5550387596899224 0.993439550140581 0.006201550387596899 0.0018744142455482662
0 0.5426356589147286 0.9953139643861293 0.015503875968992248 0.005623242736644799
0 0.27209302325581397 0.9142455482661668 0.007751937984496124 0.0028116213683223993
0 0.10465116279069768 0.8940955951265229 0.004651162790697674 0.0018744142455482662
0 0.23565891472868217 0.8865979381443299 0.0031007751937984496 0.007497656982193065
0 0.08062015503875969 0.872539831302718 0.012403100775193798 0.007497656982193065
0 0.2713178294573643 0.8856607310215557 0.015503875968992248 0.04873477038425492
0 0.09457364341085271 0.8641049671977507 0.031007751937984496 0.007497656982193065
0 0.047286821705426356 0.880506091846298 0.06356589147286822 0.053420805998125584
0 0.26976744186046514 0.8425492033739457 0.015503875968992248 0.022492970946579195
0 0.12170542635658915 0.8397375820056232 0.2434108527131783 0.020618556701030927
0 0.43410852713178294 0.8228678537956888 0.024806201550387597 0.0018744142455482662
0 0.413953488372093 0.8228678537956888 0.006201550387596899 0.0018744142455482662
0 0.3813953488372093 0.8228678537956888 0.006201550387596899 0.0018744142455482662
0 0.9395348837209302 0.8163074039362699 0.006201550387596899 0.0018744142455482662
0 0.08527131782945736 0.8163074039362699 0.07441860465116279 0.0037488284910965324
0 0.9651162790697675 0.8120899718837863 0.023255813953488372 0.0028116213683223993
0 0.08062015503875969 0.810215557638238 0.006201550387596899 0.0009372071227741331
0 0.05426356589147287 0.810215557638238 0.009302325581395349 0.0009372071227741331
0 0.9968992248062015 0.8069353327085286 0.006201550387596899 0.0018744142455482662
0 0.9658914728682171 0.8074039362699157 0.034108527131782945 0.004686035613870665
0 0.17209302325581396 0.8041237113402062 0.24806201550387597 0.0037488284910965324
0 0.9651162790697675 0.8013120899718837 0.03255813953488372 0.0037488284910965324
0 0.24573643410852714 0.7985004686035614 0.007751937984496124 0.0018744142455482662
0 0.22790697674418606 0.7985004686035614 0.021705426356589147 0.0018744142455482662
0 0.18992248062015504 0.7985004686035614 0.03875968992248062 0.0018744142455482662
0 0.1558139534883721 0.7980318650421743 0.004651162790697674 0.0009372071227741331
0 0.14031007751937985 0.7985004686035614 0.004651162790697674 0.0018744142455482662
0 0.1124031007751938 0.7985004686035614 0.03255813953488372 0.0018744142455482662
0 0.08604651162790698 0.7985004686035614 0.010852713178294573 0.0018744142455482662
0 0.06124031007751938 0.7989690721649485 0.02635658914728682 0.0028116213683223993
0 0.27674418604651163 0.7980318650421743 0.04496124031007752 0.0028116213683223993
0 0.9666666666666667 0.7952202436738519 0.03565891472868217 0.004686035613870665
0 0.19069767441860466 0.7924086223055296 0.012403100775193798 0.0009372071227741331
0 0.16046511627906976 0.7928772258669166 0.03565891472868217 0.0018744142455482662
0 0.09147286821705426 0.7928772258669166 0.08682170542635659 0.0037488284910965324
0 0.9682170542635659 0.788659793814433 0.03565891472868217 0.004686035613870665
0 0.16046511627906976 0.7867853795688847 0.007751937984496124 0.0009372071227741331
0 0.1449612403100775 0.7867853795688847 0.010852713178294573 0.0009372071227741331
0 0.08217054263565891 0.7872539831302718 0.027906976744186046 0.0018744142455482662
0 0.05581395348837209 0.7877225866916588 0.009302325581395349 0.0028116213683223993
0 0.11317829457364341 0.7867853795688847 0.024806201550387597 0.0028116213683223993
0 0.28837209302325584 0.7858481724461106 0.027906976744186046 0.0028116213683223993
0 0.9682170542635659 0.7835051546391752 0.017054263565891473 0.0018744142455482662
0 0.9410852713178295 0.7835051546391752 0.009302325581395349 0.0037488284910965324
0 0.2992248062015504 0.7797563261480788 0.009302325581395349 0.0018744142455482662
0 0.9666666666666667 0.7722586691658857 0.02635658914728682 0.0037488284910965324
0 0.9744186046511628 0.7671040299906279 0.004651162790697674 0.0009372071227741331
0 0.9635658914728682 0.7671040299906279 0.013953488372093023 0.0028116213683223993
0 0.9434108527131783 0.7656982193064668 0.004651162790697674 0.0018744142455482662
0 0.9666666666666667 0.7596063730084348 0.020155038759689922 0.0028116213683223993
0 0.09689922480620156 0.7582005623242737 0.02635658914728682 0.0018744142455482662
0 0.06666666666666667 0.7582005623242737 0.024806201550387597 0.0018744142455482662
0 0.9674418604651163 0.7483598875351453 0.012403100775193798 0.0028116213683223993
0 0.10775193798449613 0.7371134020618557 0.0015503875968992248 0.0009372071227741331
0 0.08914728682170543 0.7371134020618557 0.03255813953488372 0.004686035613870665
0 0.034108527131782945 0.7357075913776945 0.06821705426356589 0.013120899718837863
0 0.0937984496124031 0.6588566073102156 0.04496124031007752 0.011246485473289597
0 0.12945736434108526 0.6579194001874414 0.020155038759689922 0.011246485473289597
0 0.3054263565891473 0.6541705716963448 0.006201550387596899 0.005623242736644799
0 0.15271317829457365 0.6565135895032802 0.013953488372093023 0.010309278350515464
0 0.1821705426356589 0.6551077788191191 0.03565891472868217 0.013120899718837863
0 0.1682170542635659 0.5641986879100281 0.004651162790697674 0.0037488284910965324
0 0.17829457364341086 0.5595126522961574 0.006201550387596899 0.005623242736644799
0 0.13410852713178295 0.5609184629803187 0.020155038759689922 0.008434864104967198
0 0.040310077519379844 0.5576382380506092 0.012403100775193798 0.0018744142455482662
0 0.27286821705426356 0.5576382380506092 0.015503875968992248 0.007497656982193065
0 0.32868217054263565 0.549203373945642 0.0031007751937984496 0.0018744142455482662
0 0.27829457364341087 0.5501405810684161 0.010852713178294573 0.0037488284910965324
0 0.23255813953488372 0.5552952202436738 0.05271317829457364 0.015932521087160263
0 0.46124031007751937 0.5468603561387066 0.0015503875968992248 0.0009372071227741331
0 0.5899224806201551 0.5454545454545454 0.004651162790697674 0.0018744142455482662
0 0.5387596899224806 0.5459231490159325 0.004651162790697674 0.0028116213683223993
0 0.4968992248062015 0.5459231490159325 0.004651162790697674 0.0028116213683223993
0 0.6170542635658914 0.5445173383317713 0.0031007751937984496 0.0018744142455482662
0 0.5658914728682171 0.5449859418931584 0.006201550387596899 0.0028116213683223993
0 0.5558139534883721 0.5449859418931584 0.004651162790697674 0.0028116213683223993
0 0.5108527131782946 0.5449859418931584 0.004651162790697674 0.0028116213683223993
0 0.7232558139534884 0.5431115276476102 0.004651162790697674 0.0009372071227741331
0 0.6503875968992248 0.5440487347703843 0.007751937984496124 0.0028116213683223993
0 0.6317829457364341 0.5440487347703843 0.004651162790697674 0.0028116213683223993
0 0.6046511627906976 0.5445173383317713 0.006201550387596899 0.0037488284910965324
0 0.5782945736434109 0.5449859418931584 0.006201550387596899 0.004686035613870665
0 0.7565891472868217 0.542642924086223 0.0031007751937984496 0.0018744142455482662
0 0.7852713178294574 0.5421743205248359 0.007751937984496124 0.0028116213683223993
0 0.02635658914728682 0.5412371134020618 0.0031007751937984496 0.0009372071227741331
0 0.7713178294573644 0.5417057169634489 0.007751937984496124 0.0037488284910965324
0 0.08449612403100776 0.5407685098406748 0.017054263565891473 0.0018744142455482662
0 0.9100775193798449 0.5402999062792877 0.009302325581395349 0.0028116213683223993
0 0.862015503875969 0.5417057169634489 0.006201550387596899 0.005623242736644799
0 0.837984496124031 0.5412371134020618 0.007751937984496124 0.004686035613870665
0 0.8209302325581396 0.5412371134020618 0.017054263565891473 0.004686035613870665
0 0.889922480620155 0.5407685098406748 0.006201550387596899 0.005623242736644799
0 0.2503875968992248 0.5393626991565136 0.010852713178294573 0.0028116213683223993
0 0.17829457364341086 0.5398313027179007 0.034108527131782945 0.0037488284910965324
0 0.08527131782945736 0.53514526710403 0.009302325581395349 0.0018744142455482662
0 0.1875968992248062 0.5290534208059982 0.006201550387596899 0.0009372071227741331
0 0.16511627906976745 0.5290534208059982 0.004651162790697674 0.0009372071227741331
0 0.027131782945736434 0.5304592314901593 0.013953488372093023 0.0037488284910965324
0 0.08604651162790698 0.5295220243673852 0.02945736434108527 0.005623242736644799
0 0.9596899224806201 0.5271790065604499 0.018604651162790697 0.004686035613870665
0 0.1449612403100775 0.5178069353327085 0.007751937984496124 0.0009372071227741331
0 0.03178294573643411 0.5187441424554826 0.010852713178294573 0.004686035613870665
0 0.1945736434108527 0.5168697282099344 0.010852713178294573 0.0028116213683223993
0 0.9573643410852714 0.5159325210871603 0.023255813953488372 0.004686035613870665
0 0.031007751937984496 0.5098406747891284 0.021705426356589147 0.00937207122774133
0 0.9542635658914729 0.5042174320524836 0.03255813953488372 0.005623242736644799
0 0.8930232558139535 0.492970946579194 0.006201550387596899 0.0018744142455482662
0 0.9550387596899225 0.49203373945641987 0.031007751937984496 0.005623242736644799
0 0.15503875968992248 0.4887535145267104 0.0031007751937984496 0.0009372071227741331
0 0.5124031007751938 0.4901593252108716 0.04186046511627907 0.005623242736644799
0 0.08372093023255814 0.506560449859419 0.05581395348837209 0.038425492033739454
0 0.5627906976744186 0.4887535145267104 0.012403100775193798 0.004686035613870665
0 0.6348837209302326 0.4873477038425492 0.02945736434108527 0.005623242736644799
0 0.04186046511627907 0.4845360824742268 0.006201550387596899 0.0018744142455482662
0 0.765891472868217 0.4845360824742268 0.006201550387596899 0.0037488284910965324
0 0.7558139534883721 0.4845360824742268 0.004651162790697674 0.0037488284910965324
0 0.21705426356589147 0.48219306466729145 0.006201550387596899 0.0009372071227741331
0 0.16046511627906976 0.4831302717900656 0.013953488372093023 0.0028116213683223993
0 0.024806201550387597 0.48406747891283974 0.015503875968992248 0.004686035613870665
0 0.8976744186046511 0.48266166822867856 0.018604651162790697 0.005623242736644799
0 0.18914728682170542 0.48266166822867856 0.037209302325581395 0.005623242736644799
0 0.11007751937984496 0.48266166822867856 0.012403100775193798 0.005623242736644799
0 0.08294573643410853 0.4835988753514527 0.017054263565891473 0.007497656982193065
0 0.9534883720930233 0.48078725398313027 0.024806201550387597 0.0037488284910965324
0 0.021705426356589147 0.47891283973758203 0.0031007751937984496 0.0018744142455482662
0 0.8325581395348837 0.4700093720712277 0.009302325581395349 0.0009372071227741331
0 0.5 0.7347703842549204 1.0 0.5304592314901593
0 0.958139534883721 0.46954076850984067 0.018604651162790697 0.0037488284910965324
0 0.6364341085271318 0.4639175257731959 0.004651162790697674 0.0037488284910965324
0 0.5015503875968992 0.46579194001874413 0.013953488372093023 0.007497656982193065
0 0.727906976744186 0.4611059044048735 0.004651162790697674 0.0018744142455482662
0 0.7627906976744186 0.4611059044048735 0.0031007751937984496 0.0037488284910965324
0 0.9643410852713178 0.4592314901593252 0.009302325581395349 0.0037488284910965324
0 0.641860465116279 0.457825679475164 0.012403100775193798 0.0028116213683223993
0 0.9023255813953488 0.45829428303655106 0.015503875968992248 0.005623242736644799
0 0.5054263565891473 0.4554826616682287 0.015503875968992248 0.007497656982193065
0 0.7666666666666667 0.45220243673851923 0.013953488372093023 0.004686035613870665
0 0.5728682170542636 0.457825679475164 0.08217054263565891 0.02155576382380506
0 0.8333333333333334 0.4550140581068416 0.08217054263565891 0.019681349578256794
0 0.4968992248062015 0.4395501405810684 0.0015503875968992248 0.0018744142455482662
0 0.7589147286821706 0.4381443298969072 0.0015503875968992248 0.0009372071227741331
0 0.5496124031007752 0.4353327085285848 0.004651162790697674 0.0028116213683223993
0 0.810077519379845 0.4339268978444236 0.004651162790697674 0.0037488284910965324
0 0.5046511627906977 0.4268978444236176 0.0015503875968992248 0.0009372071227741331
0 0.765891472868217 0.4259606373008435 0.0031007751937984496 0.0028116213683223993
0 0.6426356589147287 0.42970946579194 0.03565891472868217 0.02530459231490159
0 0.5891472868217055 0.42783505154639173 0.031007751937984496 0.02155576382380506
0 0.9023255813953488 0.42830365510777885 0.034108527131782945 0.02436738519212746
0 0.8503875968992248 0.4268978444236176 0.02945736434108527 0.02155576382380506
0 0.5387596899224806 0.4268978444236176 0.020155038759689922 0.02155576382380506
0 0.8 0.4259606373008435 0.021705426356589147 0.02155576382380506
0 0.6395348837209303 0.4020618556701031 0.010852713178294573 0.007497656982193065
0 0.9 0.40112464854732893 0.010852713178294573 0.007497656982193065
0 0.6534883720930232 0.3898781630740394 0.004651162790697674 0.0037488284910965324
0 0.5193798449612403 0.38940955951265227 0.006201550387596899 0.0028116213683223993
0 0.913953488372093 0.38847235238987815 0.004651162790697674 0.0028116213683223993
0 0.7813953488372093 0.3880037488284911 0.006201550387596899 0.0018744142455482662
0 0.6124031007751938 0.3781630740393627 0.040310077519379844 0.014058106841611996
0 0.8728682170542635 0.37722586691658855 0.040310077519379844 0.014058106841611996
0 0.5449612403100775 0.37488284910965325 0.02635658914728682 0.00937207122774133
0 0.8062015503875969 0.373477038425492 0.027906976744186046 0.008434864104967198
0 0.9782945736434109 0.27647610121836924 0.006201550387596899 0.022492970946579195
0 0.6883720930232559 0.26101218369259604 0.0031007751937984496 0.0009372071227741331
0 0.5992248062015504 0.26101218369259604 0.004651162790697674 0.0009372071227741331
0 0.5790697674418605 0.260543580131209 0.004651162790697674 0.0018744142455482662
0 0.5697674418604651 0.260543580131209 0.007751937984496124 0.0018744142455482662
0 0.5333333333333333 0.2614807872539831 0.05891472868217054 0.0037488284910965324
0 0.48914728682170544 0.36457357075913777 0.9782945736434109 0.2211808809746954
0 0.958139534883721 0.2511715089034677 0.0031007751937984496 0.0018744142455482662
0 0.16744186046511628 0.2530459231490159 0.30697674418604654 0.005623242736644799
0 0.5232558139534884 0.24976569821930647 0.0015503875968992248 0.0009372071227741331
0 0.3829457364341085 0.2507029053420806 0.040310077519379844 0.0028116213683223993
0 0.34108527131782945 0.2511715089034677 0.031007751937984496 0.0037488284910965324
0 0.4697674418604651 0.25023430178069356 0.09922480620155039 0.005623242736644799
0 0.8868217054263566 0.24695407685098406 0.0031007751937984496 0.0009372071227741331
0 0.31317829457364343 0.24133083411433928 0.015503875968992248 0.0028116213683223993
0 0.12325581395348838 0.2422680412371134 0.21550387596899226 0.006560449859418931
0 0.6426356589147287 0.23898781630740393 0.004651162790697674 0.0018744142455482662
0 0.36511627906976746 0.24039362699156513 0.08527131782945736 0.004686035613870665
0 0.47131782945736433 0.23992502343017807 0.10852713178294573 0.005623242736644799
0 0.7085271317829457 0.23851921274601687 0.012403100775193798 0.004686035613870665
0 0.7418604651162791 0.23758200562324275 0.017054263565891473 0.004686035613870665
0 0.6883720930232559 0.2380506091846298 0.009302325581395349 0.005623242736644799
0 0.8356589147286821 0.23570759137769448 0.006201550387596899 0.0028116213683223993
0 0.9372093023255814 0.22914714151827553 0.0015503875968992248 0.0009372071227741331
0 0.07131782945736434 0.2310215557638238 0.10542635658914729 0.006560449859418931
0 0.506201550387597 0.2282099343955014 0.017054263565891473 0.004686035613870665
0 0.47674418604651164 0.2282099343955014 0.020155038759689922 0.004686035613870665
0 0.44031007751937984 0.22867853795688847 0.031007751937984496 0.005623242736644799
0 0.7503875968992249 0.22586691658856609 0.0031007751937984496 0.0037488284910965324
0 0.8364341085271317 0.22446110590440488 0.004651162790697674 0.004686035613870665
0 0.9193798449612403 0.23570759137769448 0.08062015503875969 0.03280224929709466
0 0.2496124031007752 0.21790065604498593 0.006201550387596899 0.0009372071227741331
0 0.2434108527131783 0.21790065604498593 0.0031007751937984496 0.0009372071227741331
0 0.22945736434108527 0.21790065604498593 0.006201550387596899 0.0009372071227741331
0 0.11627906976744186 0.2197750702905342 0.20155038759689922 0.006560449859418931
0 0.6294573643410852 0.21508903467666354 0.006201550387596899 0.0028116213683223993
0 0.5085271317829457 0.2155576382380506 0.018604651162790697 0.0037488284910965324
0 0.5534883720930233 0.21462043111527648 0.006201550387596899 0.0037488284910965324
0 0.47131782945736433 0.21508903467666354 0.027906976744186046 0.004686035613870665
0 0.4418604651162791 0.2155576382380506 0.027906976744186046 0.005623242736644799
0 0.6976744186046512 0.21321462043111528 0.021705426356589147 0.004686035613870665
0 0.9302325581395349 0.211340206185567 0.05891472868217054 0.006560449859418931
0 0.3325581395348837 0.2047797563261481 0.004651162790697674 0.0009372071227741331
0 0.1511627906976744 0.20805998125585753 0.2713178294573643 0.007497656982193065
0 0.30930232558139537 0.20524835988753515 0.02635658914728682 0.0037488284910965324
0 0.4310077519379845 0.20384254920337394 0.18294573643410852 0.006560449859418931
0 0.7496124031007751 0.20103092783505155 0.010852713178294573 0.004686035613870665
0 0.8372093023255814 0.2000937207122774 0.009302325581395349 0.004686035613870665
0 0.6992248062015504 0.20103092783505155 0.037209302325581395 0.006560449859418931
0 0.9294573643410853 0.19962511715089035 0.07596899224806201 0.007497656982193065
0 0.5077519379844961 0.19165885660731022 0.017054263565891473 0.004686035613870665
0 0.25116279069767444 0.1944704779756326 0.4744186046511628 0.010309278350515464
0 0.6441860465116279 0.190253045923149 0.03255813953488372 0.005623242736644799
0 0.6968992248062016 0.18978444236176195 0.03875968992248062 0.006560449859418931
0 0.9294573643410853 0.18791002811621368 0.06666666666666667 0.006560449859418931
0 0.3209302325581395 0.18228678537956888 0.0031007751937984496 0.0009372071227741331
0 0.27054263565891473 0.18275538894095594 0.007751937984496124 0.0018744142455482662
0 0.41550387596899224 0.18134957825679476 0.0031007751937984496 0.0009372071227741331
0 0.2806201550387597 0.18228678537956888 0.009302325581395349 0.0028116213683223993
0 0.21550387596899226 0.18275538894095594 0.05581395348837209 0.0037488284910965324
0 0.3627906976744186 0.18134957825679476 0.037209302325581395 0.0028116213683223993
0 0.4496124031007752 0.18134957825679476 0.05581395348837209 0.006560449859418931
0 0.6589147286821705 0.1790065604498594 0.006201550387596899 0.0037488284910965324
0 0.5023255813953489 0.17994376757263356 0.034108527131782945 0.005623242736644799
0 0.834108527131783 0.17666354264292408 0.0031007751937984496 0.0009372071227741331
0 0.5550387596899224 0.1794751640112465 0.009302325581395349 0.006560449859418931
0 0.6984496124031008 0.17853795688847235 0.03565891472868217 0.006560449859418931
0 0.837984496124031 0.16729147141518275 0.0015503875968992248 0.0009372071227741331
0 0.5612403100775194 0.16776007497656983 0.018604651162790697 0.011246485473289597
0 0.8364341085271317 0.15885660731021556 0.007751937984496124 0.0028116213683223993
0 0.7542635658914729 0.15745079662605435 0.0015503875968992248 0.0018744142455482662
0 0.6015503875968993 0.1569821930646673 0.012403100775193798 0.006560449859418931
0 0.7418604651162791 0.15745079662605435 0.020155038759689922 0.01499531396438613
0 0.7015503875968992 0.15323336457357076 0.020155038759689922 0.010309278350515464
0 0.5806201550387597 0.1485473289597001 0.0015503875968992248 0.0009372071227741331
0 0.837984496124031 0.14667291471415184 0.007751937984496124 0.004686035613870665
0 0.6465116279069767 0.1541705716963449 0.040310077519379844 0.02155576382380506
0 0.4744186046511628 0.15323336457357076 0.09922480620155039 0.04217432052483599
0 0.5 0.09981255857544517 1.0 0.1790065604498594
0 0.6031007751937985 0.010309278350515464 0.006201550387596899 0.0037488284910965324
0 0.6217054263565891 0.006091846298031865 0.009302325581395349 0.01218369259606373
0 0.44263565891472867 0.0009372071227741331 0.004651162790697674 0.0018744142455482662
0 0.4248062015503876 0.0014058106841611997 0.006201550387596899 0.0028116213683223993
0 0.44031007751937984 0.007029053420805998 0.16434108527131783 0.014058106841611996
