0 0.5848585690515807 0.9317507418397626 0.008319467554076539 0.008902077151335312
0 0.5732113144758736 0.9272997032640949 0.004991680532445923 0.005934718100890208
0 0.543261231281198 0.9295252225519288 0.004991680532445923 0.016320474777448073
0 0.5449251247920133 0.9154302670623146 0.004991680532445923 0.005934718100890208
0 0.5607321131447587 0.9102373887240356 0.0033277870216306157 0.001483679525222552
0 0.44675540765391014 0.9250741839762612 0.16805324459234608 0.05489614243323442
0 0.6181364392678869 0.9243323442136498 0.03161397670549085 0.05637982195845697
0 0.9916805324459235 0.8316023738872403 0.0066555740432612314 0.02225519287833828
0 0.7504159733777038 0.8004451038575667 0.0066555740432612314 0.03115727002967359
0 0.9933444259567388 0.7952522255192879 0.013311148086522463 0.03857566765578635
0 0.04492512479201331 0.766320474777448 0.02329450915141431 0.001483679525222552
0 0.7504159733777038 0.733679525222552 0.0066555740432612314 0.001483679525222552
0 0.6821963394342762 0.7277448071216617 0.009983361064891847 0.001483679525222552
0 0.7487520798668885 0.7255192878338279 0.013311148086522463 0.005934718100890208
0 0.7321131447587355 0.7173590504451038 0.036605657237936774 0.004451038575667656
0 0.5332778702163061 0.7143916913946587 0.0016638935108153079 0.001483679525222552
0 0.5166389351081531 0.7136498516320475 0.011647254575707155 0.002967359050445104
0 0.4875207986688852 0.7143916913946587 0.019966722129783693 0.004451038575667656
0 0.5940099833610649 0.712166172106825 0.026622296173044926 0.002967359050445104
0 0.7262895174708819 0.7099406528189911 0.004991680532445923 0.001483679525222552
0 0.718801996672213 0.7099406528189911 0.0033277870216306157 0.001483679525222552
0 0.7396006655574043 0.7099406528189911 0.018302828618968387 0.004451038575667656
0 0.7296173044925125 0.701780415430267 0.03494176372712146 0.005934718100890208
0 0.6464226289517471 0.6951038575667656 0.004991680532445923 0.001483679525222552
0 0.6039933444259568 0.6951038575667656 0.0033277870216306157 0.001483679525222552
0 0.586522462562396 0.6958456973293768 0.021630615640599003 0.002967359050445104
0 0.5049916805324459 0.6973293768545994 0.07154742096505824 0.005934718100890208
0 0.05574043261231281 0.6862017804154302 0.004991680532445923 0.001483679525222552
0 0.0723793677204659 0.685459940652819 0.004991680532445923 0.002967359050445104
0 0.04492512479201331 0.685459940652819 0.0066555740432612314 0.002967359050445104
0 0.5474209650582362 0.6817507418397626 0.0033277870216306157 0.001483679525222552
0 0.5316139767054908 0.6824925816023739 0.011647254575707155 0.002967359050445104
0 0.7337770382695508 0.6876854599406528 0.04658901830282862 0.016320474777448073
0 0.5931780366056573 0.68026706231454 0.008319467554076539 0.001483679525222552
0 0.5748752079866889 0.6810089020771514 0.014975041597337771 0.002967359050445104
0 0.4825291181364393 0.6824925816023739 0.03993344425956739 0.005934718100890208
0 0.8577371048252912 0.6461424332344213 0.0016638935108153079 0.001483679525222552
0 0.9018302828618968 0.6409495548961425 0.009983361064891847 0.002967359050445104
0 0.9550748752079867 0.607566765578635 0.08985024958402663 0.09347181008902077
0 0.4550748752079867 0.7329376854599406 0.9101497504159733 0.3887240356083086
0 0.06905158069883527 0.5363501483679525 0.08153078202995008 0.004451038575667656
0 0.3951747088186356 0.5274480712166172 0.740432612312812 0.010385756676557863
0 0.6655574043261231 0.5126112759643917 0.04658901830282862 0.004451038575667656
0 0.5831946755407654 0.5126112759643917 0.05490848585690516 0.004451038575667656
0 0.28286189683860236 0.5133531157270029 0.47920133111480867 0.005934718100890208
0 0.7387687188019967 0.5111275964391692 0.05324459234608985 0.004451038575667656
0 0.41098169717138106 0.4970326409495549 0.7154742096505824 0.011869436201780416
0 0.42013311148086524 0.4807121661721068 0.697171381031614 0.011869436201780416
0 0.4292845257903494 0.4629080118694362 0.6755407653910149 0.011869436201780416
0 0.07820299500831947 0.39317507418397624 0.0033277870216306157 0.002967359050445104
0 0.9875207986688852 0.4043026706231454 0.024958402662229616 0.057863501483679525
0 0.09900166389351081 0.3887240356083086 0.06156405990016639 0.04747774480712166
0 0.14725457570715475 0.37611275964391694 0.03161397670549085 0.028189910979228485
0 0.11564059900166389 0.3583086053412463 0.0016638935108153079 0.001483679525222552
0 0.1480865224625624 0.34718100890207715 0.026622296173044926 0.011869436201780416
0 0.9891846921797005 0.33902077151335314 0.0016638935108153079 0.001483679525222552
0 0.08735440931780367 0.34718100890207715 0.04492512479201331 0.020771513353115726
0 0.1913477537437604 0.327893175074184 0.0033277870216306157 0.002967359050445104
0 0.056572379367720464 0.3301186943620178 0.0066555740432612314 0.00741839762611276
0 0.15640599001663893 0.32344213649851633 0.009983361064891847 0.008902077151335312
0 0.21048252911813645 0.31528189910979226 0.0016638935108153079 0.001483679525222552
0 0.8377703826955075 0.31231454005934717 0.0016638935108153079 0.001483679525222552
0 0.045757071547420966 0.3093471810089021 0.008319467554076539 0.00741839762611276
0 0.8527454242928453 0.30712166172106825 0.011647254575707155 0.008902077151335312
0 0.16638935108153077 0.30118694362017806 0.0033277870216306157 0.002967359050445104
0 0.04658901830282862 0.3590504451038576 0.09317803660565724 0.16913946587537093
0 0.831946755407654 0.2744807121661721 0.009983361064891847 0.008902077151335312
0 0.42346089850249585 0.26112759643916916 0.011647254575707155 0.005934718100890208
0 0.9101497504159733 0.293026706231454 0.17970049916805325 0.07566765578635015
0 0.6439267886855241 0.25667655786350146 0.0066555740432612314 0.002967359050445104
0 0.4650582362728785 0.35311572700296734 0.6805324459234608 0.19584569732937684
0 0.670549084858569 0.25667655786350146 0.036605657237936774 0.005934718100890208
0 0.5931780366056573 0.25741839762611274 0.06821963394342762 0.00741839762611276
0 0.7470881863560732 0.2551928783382789 0.056572379367720464 0.005934718100890208
0 0.5956738768718802 0.24554896142433236 0.059900166389351084 0.004451038575667656
0 0.4925124792013311 0.24629080118694363 0.10316139767054909 0.005934718100890208
0 0.7828618968386023 0.24258160237388723 0.26455906821963393 0.00741839762611276
0 0.6256239600665557 0.23219584569732937 0.13643926788685523 0.00741839762611276
0 0.4966722129783694 0.23293768545994065 0.08485856905158069 0.008902077151335312
0 0.8069883527454242 0.228486646884273 0.17304492512479203 0.005934718100890208
0 0.6780366056572379 0.2158753709198813 0.048252911813643926 0.00741839762611276
0 0.591514143094842 0.2166172106824926 0.09816971713810316 0.008902077151335312
0 0.4983361064891847 0.21735905044510387 0.07487520798668885 0.010385756676557863
0 0.8452579034941764 0.21364985163204747 0.2529118136439268 0.011869436201780416
0 0.6755407653910149 0.19658753709198812 0.029950083194675542 0.004451038575667656
0 0.5116472545757071 0.19881305637982197 0.08485856905158069 0.008902077151335312
0 0.6023294509151415 0.19658753709198812 0.05324459234608985 0.00741839762611276
0 0.8435940099833611 0.19510385756676557 0.24958402662229617 0.010385756676557863
0 0.11813643926788686 0.18397626112759644 0.0632279534109817 0.002967359050445104
0 0.04159733777038269 0.1847181008902077 0.013311148086522463 0.004451038575667656
0 0.25540765391014975 0.1824925816023739 0.018302828618968387 0.002967359050445104
0 0.28286189683860236 0.18175074183976261 0.026622296173044926 0.004451038575667656
0 0.5757071547420965 0.17878338278931752 0.23960066555740434 0.010385756676557863
0 0.8452579034941764 0.17729970326409494 0.2628951747088186 0.010385756676557863
0 0.11231281198003328 0.1698813056379822 0.0016638935108153079 0.001483679525222552
0 0.32362728785357736 0.16691394658753708 0.011647254575707155 0.001483679525222552
0 0.2995008319467554 0.16765578635014836 0.019966722129783693 0.002967359050445104
0 0.2021630615640599 0.16839762611275966 0.1447587354409318 0.004451038575667656
0 0.3843594009983361 0.1661721068249258 0.07986688851913477 0.005934718100890208
0 0.6863560732113144 0.1632047477744807 0.014975041597337771 0.002967359050445104
0 0.6630615640599001 0.16246290801186944 0.008319467554076539 0.001483679525222552
0 0.6014975041597338 0.163946587537092 0.05823627287853577 0.004451038575667656
0 0.5074875207986689 0.16468842729970326 0.09983361064891846 0.005934718100890208
0 0.8435940099833611 0.1609792284866469 0.259567387687188 0.00741839762611276
0 0.47920133111480867 0.00370919881305638 0.0033277870216306157 0.00741839762611276
0 0.4550748752079867 0.00370919881305638 0.004991680532445923 0.00741839762611276
0 0.4334442595673877 0.004451038575667656 0.004991680532445923 0.008902077151335312
0 0.41098169717138106 0.00370919881305638 0.0033277870216306157 0.00741839762611276
0 0.5 0.07863501483679525 1.0 0.1572700296735905
