0 0.4921875 0.9980916030534351 0.005208333333333333 0.003816793893129771
0 0.5221354166666666 0.9847328244274809 0.028645833333333332 0.030534351145038167
0 0.4986979166666667 0.9522900763358778 0.0026041666666666665 0.003816793893129771
0 0.5130208333333334 0.9274809160305344 0.010416666666666666 0.015267175572519083
0 0.48046875 0.9599236641221374 0.018229166666666668 0.08015267175572519
0 0.3671875 0.9580152671755725 0.03125 0.08396946564885496
0 0.3098958333333333 0.950381679389313 0.046875 0.08396946564885496
0 0.2526041666666667 0.9465648854961832 0.03125 0.08396946564885496
0 0.625 0.9484732824427481 0.015625 0.10305343511450382
0 0.3177083333333333 0.9274809160305344 0.2864583333333333 0.1450381679389313
0 0.9752604166666666 0.75 0.0078125 0.011450381679389313
0 0.9921875 0.8187022900763359 0.015625 0.15648854961832062
0 0.9765625 0.7290076335877863 0.005208333333333333 0.007633587786259542
0 0.9778645833333334 0.683206106870229 0.0078125 0.007633587786259542
0 0.0026041666666666665 0.5324427480916031 0.005208333333333333 0.003816793893129771
0 0.4778645833333333 0.04389312977099236 0.0078125 0.003816793893129771
0 0.5377604166666666 0.022900763358778626 0.018229166666666668 0.015267175572519083
0 0.5 0.4580152671755725 1.0 0.8854961832061069
0 0.5611979166666666 0.03435114503816794 0.1328125 0.06870229007633588
0 0.5338541666666666 0.0057251908396946565 0.010416666666666666 0.011450381679389313
0 0.4986979166666667 0.013358778625954198 0.0234375 0.026717557251908396
0 0.4713541666666667 0.009541984732824428 0.015625 0.019083969465648856
0 0.3177083333333333 0.022900763358778626 0.28125 0.04580152671755725
