0 0.7459770114942529 0.9910233393177738 0.006896551724137931 0.01436265709156194
0 0.5701149425287356 0.9910233393177738 0.03218390804597701 0.017953321364452424
0 0.5218390804597701 0.9910233393177738 0.013793103448275862 0.017953321364452424
0 0.4632183908045977 0.9910233393177738 0.02528735632183908 0.017953321364452424
0 0.674712643678161 0.9892280071813285 0.016091954022988506 0.02154398563734291
0 0.7137931034482758 0.9847396768402155 0.034482758620689655 0.01615798922800718
0 0.7908045977011494 0.9784560143626571 0.05517241379310345 0.04308797127468582
0 0.5206896551724138 0.9784560143626571 0.26436781609195403 0.04308797127468582
0 0.996551724137931 0.9317773788150808 0.006896551724137931 0.003590664272890485
0 0.996551724137931 0.9093357271095153 0.006896551724137931 0.0017953321364452424
0 0.4011494252873563 0.8913824057450629 0.0022988505747126436 0.0017953321364452424
0 0.3701149425287356 0.8913824057450629 0.004597701149425287 0.0017953321364452424
0 0.29770114942528736 0.8913824057450629 0.006896551724137931 0.0017953321364452424
0 0.25862068965517243 0.8913824057450629 0.006896551724137931 0.0017953321364452424
0 0.24367816091954023 0.8922800718132855 0.009195402298850575 0.003590664272890485
0 0.2264367816091954 0.8922800718132855 0.011494252873563218 0.003590664272890485
0 0.3839080459770115 0.8904847396768402 0.009195402298850575 0.003590664272890485
0 0.32298850574712645 0.8904847396768402 0.02528735632183908 0.003590664272890485
0 0.2793103448275862 0.8913824057450629 0.016091954022988506 0.005385996409335727
0 0.9954022988505747 0.8877917414721723 0.009195402298850575 0.0017953321364452424
0 0.1735632183908046 0.8806104129263914 0.006896551724137931 0.0017953321364452424
0 0.12643678160919541 0.8689407540394973 0.013793103448275862 0.003590664272890485
0 0.12528735632183907 0.8590664272890485 0.011494252873563218 0.005385996409335727
0 0.12643678160919541 0.8473967684021544 0.009195402298850575 0.003590664272890485
0 0.9942528735632183 0.8330341113105925 0.011494252873563218 0.003590664272890485
0 0.04827586206896552 0.8761220825852782 0.09655172413793103 0.17235188509874327
0 0.04482758620689655 0.7782764811490126 0.0896551724137931 0.019748653500897665
0 0.04367816091954023 0.7567324955116697 0.08735632183908046 0.01615798922800718
0 0.047126436781609195 0.7360861759425493 0.09425287356321839 0.01436265709156194
0 0.04367816091954023 0.7154398563734291 0.08735632183908046 0.01615798922800718
0 0.04252873563218391 0.6947935368043088 0.08505747126436781 0.017953321364452424
0 0.12758620689655173 0.6508078994614004 0.016091954022988506 0.008976660682226212
0 0.12183908045977011 0.3303411131059246 0.004597701149425287 0.003590664272890485
0 0.5 0.47666068222621183 1.0 0.9533213644524237
