0 0.002967359050445104 0.9534883720930233 0.005934718100890208 0.009302325581395349
0 0.45252225519287836 0.9383720930232559 0.9050445103857567 0.12325581395348838
0 0.3026706231454006 0.8081395348837209 0.005934718100890208 0.002325581395348837
0 0.28635014836795253 0.736046511627907 0.008902077151335312 0.0069767441860465115
0 0.2685459940652819 0.6534883720930232 0.008902077151335312 0.004651162790697674
0 0.2655786350148368 0.6395348837209303 0.002967359050445104 0.004651162790697674
0 0.9866468842729971 0.5686046511627907 0.026706231454005934 0.020930232558139535
0 0.6988130563798219 0.5441860465116279 0.050445103857566766 0.004651162790697674
0 0.5504451038575667 0.5430232558139535 0.12759643916913946 0.011627906976744186
0 0.9925816023738873 0.536046511627907 0.01483679525222552 0.002325581395348837
0 0.5504451038575667 0.5279069767441861 0.01483679525222552 0.004651162790697674
0 0.983679525222552 0.5197674418604651 0.032640949554896145 0.01627906976744186
0 0.9807121661721068 0.4941860465116279 0.03857566765578635 0.020930232558139535
0 0.9050445103857567 0.4930232558139535 0.0830860534124629 0.018604651162790697
0 0.9851632047477745 0.4686046511627907 0.02967359050445104 0.020930232558139535
0 0.900593471810089 0.46511627906976744 0.07418397626112759 0.018604651162790697
0 0.9777448071216617 0.34186046511627904 0.04451038575667656 0.2186046511627907
0 0.7002967359050445 0.20930232558139536 0.02967359050445104 0.009302325581395349
0 0.701780415430267 0.1872093023255814 0.01483679525222552 0.0069767441860465115
0 0.6973293768545994 0.16511627906976745 0.017804154302670624 0.009302325581395349
0 0.7002967359050445 0.15465116279069768 0.005934718100890208 0.002325581395348837
0 0.6958456973293768 0.13023255813953488 0.008902077151335312 0.004651162790697674
0 0.47032640949554894 0.12441860465116279 0.002967359050445104 0.002325581395348837
0 0.8605341246290801 0.12325581395348838 0.017804154302670624 0.004651162790697674
0 0.6943620178041543 0.1186046511627907 0.005934718100890208 0.004651162790697674
0 0.6913946587537092 0.11046511627906977 0.017804154302670624 0.0069767441860465115
0 0.7403560830860534 0.09651162790697675 0.026706231454005934 0.01627906976744186
0 0.857566765578635 0.2569767441860465 0.17210682492581603 0.37906976744186044
0 0.20919881305637983 0.047674418604651166 0.032640949554896145 0.020930232558139535
0 0.5 0.47325581395348837 1.0 0.8953488372093024
0 0.5385756676557863 0.027906976744186046 0.020771513353115726 0.023255813953488372
0 0.5074183976261127 0.022093023255813953 0.04154302670623145 0.030232558139534883
0 0.47774480712166173 0.00813953488372093 0.011869436201780416 0.01627906976744186
0 0.3694362017804154 0.010465116279069767 0.01483679525222552 0.020930232558139535
0 0.31602373887240354 0.009302325581395349 0.050445103857566766 0.018604651162790697
0 0.26112759643916916 0.0069767441860465115 0.011869436201780416 0.013953488372093023
