0 0.5483490566037735 0.95 0.0023584905660377358 0.0034482758620689655
0 0.5778301886792453 0.9310344827586207 0.009433962264150943 0.013793103448275862
0 0.4186320754716981 0.95 0.030660377358490566 0.07241379310344828
0 0.30660377358490565 0.9517241379310345 0.04245283018867924 0.07586206896551724
0 0.36792452830188677 0.9482758620689655 0.05660377358490566 0.07586206896551724
0 0.6014150943396226 0.9155172413793103 0.014150943396226415 0.02413793103448276
0 0.5613207547169812 0.903448275862069 0.0047169811320754715 0.006896551724137931
0 0.5683962264150944 0.95 0.08962264150943396 0.1
0 0.5766509433962265 0.9 0.0023584905660377358 0.006896551724137931
0 0.5 0.4603448275862069 1.0 0.7965517241379311
0 0.6226415094339622 0.015517241379310345 0.02358490566037736 0.03103448275862069
0 0.5731132075471698 0.015517241379310345 0.04716981132075472 0.03103448275862069
0 0.44339622641509435 0.010344827586206896 0.014150943396226415 0.020689655172413793
0 0.39858490566037735 0.01206896551724138 0.018867924528301886 0.02413793103448276
0 0.3419811320754717 0.013793103448275862 0.05660377358490566 0.027586206896551724
