0 0.6844919786096256 0.986328125 0.0213903743315508 0.02734375
0 0.7192513368983957 0.984375 0.03208556149732621 0.03125
0 0.4385026737967914 0.98046875 0.026737967914438502 0.0390625
0 0.48128342245989303 0.978515625 0.0213903743315508 0.04296875
0 0.5508021390374331 0.97265625 0.0213903743315508 0.0546875
0 0.6617647058823529 0.955078125 0.013368983957219251 0.04296875
0 0.7072192513368984 0.94140625 0.013368983957219251 0.0234375
0 0.5013368983957219 0.94921875 0.2700534759358289 0.1015625
0 0.7967914438502673 0.9375 0.026737967914438502 0.125
0 0.03877005347593583 0.84765625 0.07754010695187166 0.1796875
0 0.49064171122994654 0.48828125 0.9812834224598931 0.84375
0 0.963903743315508 0.041015625 0.01871657754010695 0.03515625
0 0.7954545454545454 0.00390625 0.008021390374331552 0.0078125
0 0.6778074866310161 0.00390625 0.034759358288770054 0.0078125
0 0.48128342245989303 0.00390625 0.0053475935828877 0.0078125
0 0.4505347593582888 0.00390625 0.008021390374331552 0.0078125
0 0.5080213903743316 0.025390625 0.25668449197860965 0.05078125
