0 0.5576036866359447 0.9949324324324325 0.009216589861751152 0.010135135135135136
0 0.521889400921659 0.9949324324324325 0.01152073732718894 0.010135135135135136
0 0.5702764976958525 0.9746621621621622 0.01152073732718894 0.030405405405405407
0 0.5552995391705069 0.9476351351351351 0.009216589861751152 0.010135135135135136
0 0.39631336405529954 0.9662162162162162 0.03225806451612903 0.06756756756756757
0 0.28456221198156684 0.9662162162162162 0.04377880184331797 0.06756756756756757
0 0.3456221198156682 0.964527027027027 0.055299539170506916 0.07094594594594594
0 0.5380184331797235 0.9239864864864865 0.002304147465437788 0.0033783783783783786
0 0.5092165898617511 0.9611486486486487 0.018433179723502304 0.0777027027027027
0 0.5783410138248848 0.9324324324324325 0.013824884792626729 0.02702702702702703
0 0.5529953917050692 0.918918918918919 0.004608294930875576 0.006756756756756757
0 0.06336405529953917 0.6891891891891891 0.016129032258064516 0.013513513513513514
0 0.5 0.4847972972972973 1.0 0.7871621621621622
0 0.6048387096774194 0.057432432432432436 0.0069124423963133645 0.006756756756756757
0 0.5472350230414746 0.05574324324324324 0.04377880184331797 0.02364864864864865
0 0.5898617511520737 0.052364864864864864 0.009216589861751152 0.02364864864864865
0 0.6002304147465438 0.033783783783783786 0.016129032258064516 0.02027027027027027
0 0.5737327188940092 0.0016891891891891893 0.004608294930875576 0.0033783783783783786
0 0.5552995391705069 0.02364864864864865 0.06451612903225806 0.0472972972972973
0 0.4182027649769585 0.028716216216216218 0.029953917050691243 0.057432432432432436
0 0.37327188940092165 0.030405405405405407 0.018433179723502304 0.060810810810810814
0 0.31797235023041476 0.03209459459459459 0.055299539170506916 0.06418918918918919
0 0.29723502304147464 0.006756756756756757 0.018433179723502304 0.013513513513513514
