0 0.07969151670951156 0.9558232931726908 0.14910025706940874 0.08835341365461848
0 0.08097686375321336 0.9016064257028112 0.13624678663239073 0.008032128514056224
0 0.3046272493573265 0.7931726907630522 0.012853470437017995 0.004016064257028112
0 0.35861182519280205 0.7530120481927711 0.007712082262210797 0.004016064257028112
0 0.9730077120822622 0.7469879518072289 0.05398457583547558 0.012048192771084338
0 0.35989717223650386 0.7269076305220884 0.010282776349614395 0.008032128514056224
0 0.12853470437017994 0.6957831325301205 0.005141388174807198 0.002008032128514056
0 0.11053984575835475 0.6957831325301205 0.005141388174807198 0.002008032128514056
0 0.07840616966580977 0.6947791164658634 0.033419023136246784 0.008032128514056224
0 0.2994858611825193 0.6997991967871486 0.05398457583547558 0.02610441767068273
0 0.11182519280205655 0.6365461847389559 0.02313624678663239 0.004016064257028112
0 0.30205655526992287 0.641566265060241 0.043701799485861184 0.02208835341365462
0 0.06426735218508997 0.6244979919678715 0.005141388174807198 0.004016064257028112
0 0.09383033419023136 0.6224899598393574 0.02313624678663239 0.004016064257028112
0 0.042416452442159386 0.6686746987951807 0.07969151670951156 0.10441767068273092
0 0.36632390745501286 0.6034136546184738 0.002570694087403599 0.002008032128514056
0 0.974293059125964 0.6596385542168675 0.05141388174807198 0.13453815261044177
0 0.980719794344473 0.5763052208835341 0.038560411311053984 0.01606425702811245
0 0.884318766066838 0.5753012048192772 0.11311053984575835 0.018072289156626505
0 0.3149100257069409 0.5542168674698795 0.007712082262210797 0.004016064257028112
0 0.010282776349614395 0.5562248995983936 0.010282776349614395 0.008032128514056224
0 0.9845758354755784 0.5522088353413654 0.030848329048843187 0.01606425702811245
0 0.9061696658097687 0.5522088353413654 0.09511568123393316 0.020080321285140562
0 0.03470437017994859 0.536144578313253 0.007712082262210797 0.004016064257028112
0 0.008997429305912597 0.535140562248996 0.002570694087403599 0.002008032128514056
0 0.31233933161953725 0.5331325301204819 0.012853470437017995 0.006024096385542169
0 0.9305912596401028 0.5301204819277109 0.13881748071979436 0.01606425702811245
0 0.36632390745501286 0.5130522088353414 0.007712082262210797 0.006024096385542169
0 0.05784061696658098 0.5120481927710844 0.007712082262210797 0.004016064257028112
0 0.006426735218508998 0.5140562248995983 0.012853470437017995 0.008032128514056224
0 0.8496143958868895 0.4879518072289157 0.012853470437017995 0.004016064257028112
0 0.987146529562982 0.4859437751004016 0.02570694087403599 0.012048192771084338
0 0.9897172236503856 0.4738955823293173 0.010282776349614395 0.004016064257028112
0 0.8393316195372751 0.4608433734939759 0.002570694087403599 0.002008032128514056
0 0.8740359897172236 0.4598393574297189 0.005141388174807198 0.004016064257028112
0 0.9897172236503856 0.4598393574297189 0.02056555269922879 0.012048192771084338
0 0.16323907455012854 0.41767068273092367 0.02313624678663239 0.004016064257028112
0 0.3264781491002571 0.41967871485943775 0.02056555269922879 0.012048192771084338
0 0.12596401028277635 0.4166666666666667 0.02570694087403599 0.006024096385542169
0 0.9820051413881749 0.4206827309236948 0.03598971722365039 0.05823293172690763
0 0.15681233933161953 0.392570281124498 0.005141388174807198 0.002008032128514056
0 0.11696658097686376 0.39457831325301207 0.017994858611825194 0.006024096385542169
0 0.32519280205655526 0.39357429718875503 0.02313624678663239 0.01606425702811245
0 0.05269922879177378 0.4026104417670683 0.09511568123393316 0.03413654618473896
0 0.030848329048843187 0.2580321285140562 0.030848329048843187 0.006024096385542169
0 0.9730077120822622 0.23795180722891565 0.012853470437017995 0.002008032128514056
0 0.903598971722365 0.2399598393574297 0.10539845758354756 0.010040160642570281
0 0.032133676092544985 0.2319277108433735 0.002570694087403599 0.002008032128514056
0 0.5025706940874036 0.6044176706827309 0.9948586118251928 0.7911646586345381
0 0.03470437017994859 0.20883534136546184 0.038560411311053984 0.004016064257028112
0 0.6568123393316195 0.19678714859437751 0.6863753213367609 0.024096385542168676
0 0.07840616966580977 0.1857429718875502 0.002570694087403599 0.002008032128514056
0 0.042416452442159386 0.1857429718875502 0.05912596401028278 0.006024096385542169
0 0.02699228791773779 0.1636546184738956 0.02313624678663239 0.006024096385542169
0 0.9473007712082262 0.14558232931726908 0.017994858611825194 0.006024096385542169
0 0.9820051413881749 0.14457831325301204 0.03598971722365039 0.012048192771084338
0 0.9665809768637532 0.11847389558232932 0.06683804627249357 0.020080321285140562
0 0.9151670951156813 0.09236947791164658 0.16966580976863754 0.03614457831325301
0 0.4987146529562982 0.12248995983935743 0.987146529562982 0.13253012048192772
0 0.6478149100257069 0.040160642570281124 0.010282776349614395 0.004016064257028112
0 0.6850899742930592 0.019076305220883535 0.002570694087403599 0.006024096385542169
0 0.5102827763496144 0.002008032128514056 0.007712082262210797 0.004016064257028112
