0 0.394589552238806 0.9967741935483871 0.027985074626865673 0.0064516129032258064
0 0.35447761194029853 0.9956989247311828 0.011194029850746268 0.008602150537634409
0 0.8442164179104478 0.6860215053763441 0.03544776119402985 0.008602150537634409
0 0.7854477611940298 0.6731182795698925 0.007462686567164179 0.004301075268817204
0 0.8292910447761194 0.6591397849462366 0.005597014925373134 0.002150537634408602
0 0.8302238805970149 0.6483870967741936 0.011194029850746268 0.0064516129032258064
0 0.9048507462686567 0.6311827956989248 0.0037313432835820895 0.002150537634408602
0 0.9244402985074627 0.6290322580645161 0.0018656716417910447 0.002150537634408602
0 0.8973880597014925 0.6182795698924731 0.0037313432835820895 0.002150537634408602
0 0.7341417910447762 0.6193548387096774 0.009328358208955223 0.004301075268817204
0 0.691231343283582 0.6193548387096774 0.013059701492537313 0.004301075268817204
0 0.875 0.5903225806451613 0.011194029850746268 0.002150537634408602
0 0.7723880597014925 0.5913978494623656 0.007462686567164179 0.004301075268817204
0 0.8031716417910447 0.589247311827957 0.005597014925373134 0.004301075268817204
0 0.6986940298507462 0.3741935483870968 0.005597014925373134 0.004301075268817204
0 0.6809701492537313 0.3655913978494624 0.007462686567164179 0.004301075268817204
0 0.7845149253731343 0.3655913978494624 0.005597014925373134 0.008602150537634409
0 0.7602611940298507 0.38064516129032255 0.08395522388059702 0.08602150537634409
0 0.7332089552238806 0.3419354838709677 0.011194029850746268 0.012903225806451613
0 0.7574626865671642 0.3150537634408602 0.0037313432835820895 0.0064516129032258064
0 0.7873134328358209 0.289247311827957 0.007462686567164179 0.002150537634408602
0 0.75 0.2913978494623656 0.0037313432835820895 0.0064516129032258064
0 0.8498134328358209 0.3053763440860215 0.10261194029850747 0.05161290322580645
0 0.5 0.6193548387096774 1.0 0.6967741935483871
0 0.2462686567164179 0.2870967741935484 0.40671641791044777 0.03225806451612903
0 0.6847014925373134 0.27204301075268816 0.022388059701492536 0.0064516129032258064
0 0.7817164179104478 0.26881720430107525 0.007462686567164179 0.004301075268817204
0 0.7192164179104478 0.2709677419354839 0.027985074626865673 0.008602150537634409
0 0.6511194029850746 0.2709677419354839 0.033582089552238806 0.008602150537634409
0 0.4962686567164179 0.2752688172043011 0.033582089552238806 0.017204301075268817
0 0.06716417910447761 0.25483870967741934 0.011194029850746268 0.002150537634408602
0 0.8274253731343284 0.2591397849462366 0.09514925373134328 0.015053763440860216
0 0.9757462686567164 0.25483870967741934 0.048507462686567165 0.01935483870967742
0 0.24720149253731344 0.2591397849462366 0.43470149253731344 0.03225806451612903
0 0.5699626865671642 0.24623655913978496 0.1921641791044776 0.023655913978494623
0 0.7910447761194029 0.23548387096774193 0.11567164179104478 0.01935483870967742
0 0.9011194029850746 0.23118279569892472 0.07462686567164178 0.01935483870967742
0 0.9757462686567164 0.22903225806451613 0.048507462686567165 0.01935483870967742
0 0.5149253731343284 0.20967741935483872 0.9701492537313433 0.09247311827956989
0 0.03824626865671642 0.15376344086021507 0.0018656716417910447 0.002150537634408602
0 0.5 0.110752688172043 1.0 0.1913978494623656
0 0.5475746268656716 0.010752688172043012 0.009328358208955223 0.004301075268817204
0 0.6240671641791045 0.015053763440860216 0.03544776119402985 0.030107526881720432
0 0.6110074626865671 0.002150537634408602 0.0018656716417910447 0.004301075268817204
0 0.417910447761194 0.012903225806451613 0.20149253731343283 0.025806451612903226
