0 0.8221925133689839 0.9764705882352941 0.25935828877005346 0.047058823529411764
0 0.7018716577540107 0.9392156862745098 0.06149732620320856 0.043137254901960784
0 0.4572192513368984 0.9431372549019608 0.0427807486631016 0.06666666666666667
0 0.7406417112299465 0.9156862745098039 0.016042780748663103 0.0196078431372549
0 0.5200534759358288 0.9392156862745098 0.05080213903743316 0.07450980392156863
0 0.56951871657754 0.9274509803921569 0.026737967914438502 0.06666666666666667
0 0.7286096256684492 0.8960784313725491 0.013368983957219251 0.0196078431372549
0 0.6737967914438503 0.8921568627450981 0.0106951871657754 0.027450980392156862
0 0.7058823529411765 0.8725490196078431 0.0053475935828877 0.00392156862745098
0 0.7165775401069518 0.8686274509803922 0.0106951871657754 0.011764705882352941
0 0.0427807486631016 0.43529411764705883 0.0106951871657754 0.00784313725490196
0 0.03342245989304813 0.6078431372549019 0.06684491978609626 0.5411764705882353
0 0.03074866310160428 0.30980392156862746 0.06149732620320856 0.023529411764705882
0 0.029411764705882353 0.2784313725490196 0.058823529411764705 0.01568627450980392
0 0.03609625668449198 0.17450980392156862 0.07219251336898395 0.16862745098039217
0 0.5254010695187166 0.43333333333333335 0.8796791443850267 0.8666666666666667
0 0.45454545454545453 0.011764705882352941 0.1497326203208556 0.023529411764705882
