0 0.41713483146067415 0.9953367875647668 0.008426966292134831 0.00932642487046632
0 0.4438202247191011 0.9948186528497409 0.008426966292134831 0.010362694300518135
0 0.4866573033707865 0.994300518134715 0.012640449438202247 0.011398963730569948
0 0.5898876404494382 0.9870466321243523 0.0028089887640449437 0.0010362694300518134
0 0.5723314606741573 0.9829015544041451 0.0014044943820224719 0.0010362694300518134
0 0.9985955056179775 0.7269430051813471 0.0028089887640449437 0.0010362694300518134
0 0.41292134831460675 0.7274611398963731 0.008426966292134831 0.002072538860103627
0 0.4276685393258427 0.7269430051813471 0.007022471910112359 0.0031088082901554403
0 0.5400280898876404 0.71139896373057 0.0014044943820224719 0.0010362694300518134
0 0.5 0.8362694300518134 1.0 0.25077720207253884
0 0.773876404494382 0.7093264248704664 0.45224719101123595 0.011398963730569948
0 0.6165730337078652 0.6984455958549223 0.008426966292134831 0.002072538860103627
0 0.589185393258427 0.6989637305699482 0.026685393258426966 0.0031088082901554403
0 0.8125 0.6968911917098446 0.375 0.011398963730569948
0 0.5646067415730337 0.6844559585492228 0.014044943820224719 0.0010362694300518134
0 0.9838483146067416 0.6751295336787565 0.004213483146067416 0.0010362694300518134
0 0.9740168539325843 0.6751295336787565 0.004213483146067416 0.0010362694300518134
0 0.9676966292134831 0.6626943005181347 0.0028089887640449437 0.0010362694300518134
0 0.9452247191011236 0.6621761658031088 0.016853932584269662 0.002072538860103627
0 0.07584269662921349 0.6839378238341969 0.028089887640449437 0.049740932642487044
0 0.6966292134831461 0.6569948186528497 0.025280898876404494 0.0062176165803108805
0 0.7464887640449438 0.6699481865284974 0.5070224719101124 0.0383419689119171
0 0.699438202247191 0.6450777202072538 0.014044943820224719 0.0051813471502590676
0 0.10603932584269662 0.6259067357512953 0.004213483146067416 0.002072538860103627
0 0.7106741573033708 0.6082901554404145 0.0028089887640449437 0.002072538860103627
0 0.31741573033707865 0.6119170984455958 0.06460674157303371 0.013471502590673576
0 0.3012640449438202 0.5911917098445596 0.0997191011235955 0.013471502590673576
0 0.15168539325842698 0.5777202072538861 0.05056179775280899 0.013471502590673576
0 0.7015449438202247 0.5756476683937823 0.009831460674157303 0.015544041450777202
0 0.3047752808988764 0.5694300518134715 0.0056179775280898875 0.0031088082901554403
0 0.29634831460674155 0.5689119170984456 0.0028089887640449437 0.002072538860103627
0 0.34269662921348315 0.5678756476683938 0.02247191011235955 0.008290155440414507
0 0.31390449438202245 0.566839378238342 0.012640449438202247 0.008290155440414507
0 0.2984550561797753 0.5637305699481865 0.0014044943820224719 0.002072538860103627
0 0.19873595505617977 0.5647668393782384 0.01544943820224719 0.008290155440414507
0 0.702247191011236 0.5590673575129533 0.0056179775280898875 0.00932642487046632
0 0.613061797752809 0.49533678756476685 0.009831460674157303 0.010362694300518135
0 0.988061797752809 0.44870466321243524 0.023876404494382022 0.002072538860103627
0 0.5870786516853933 0.4461139896373057 0.011235955056179775 0.0031088082901554403
0 0.6109550561797753 0.43937823834196893 0.0028089887640449437 0.002072538860103627
0 0.44030898876404495 0.46217616580310883 0.32724719101123595 0.05181347150259067
0 0.10042134831460674 0.5445595854922279 0.08848314606741572 0.22487046632124352
0 0.9992977528089888 0.42797927461139895 0.0014044943820224719 0.002072538860103627
0 0.0449438202247191 0.07823834196891191 0.019662921348314606 0.04041450777202073
0 0.5 0.3378238341968912 1.0 0.6238341968911917
