0 0.5981308411214953 0.9981785063752276 0.004672897196261682 0.0036429872495446266
0 0.5665887850467289 0.9981785063752276 0.007009345794392523 0.0036429872495446266
0 0.4591121495327103 0.9972677595628415 0.011682242990654205 0.00546448087431694
0 0.4088785046728972 0.9954462659380692 0.009345794392523364 0.009107468123861567
0 0.3469626168224299 0.9936247723132969 0.0397196261682243 0.012750455373406194
0 0.7079439252336449 0.9918032786885246 0.014018691588785047 0.01639344262295082
0 0.677570093457944 0.9854280510018215 0.014018691588785047 0.007285974499089253
0 0.411214953271028 0.9817850637522769 0.2757009345794392 0.03642987249544627
0 0.6857476635514018 0.941712204007286 0.007009345794392523 0.007285974499089253
0 0.6915887850467289 0.9289617486338798 0.004672897196261682 0.0036429872495446266
0 0.7067757009345794 0.8834244080145719 0.002336448598130841 0.0036429872495446266
0 0.7114485981308412 0.8724954462659381 0.002336448598130841 0.0036429872495446266
0 0.7149532710280374 0.8615664845173042 0.004672897196261682 0.0036429872495446266
0 0.727803738317757 0.8269581056466302 0.002336448598130841 0.0036429872495446266
0 0.7348130841121495 0.8051001821493625 0.007009345794392523 0.007285974499089253
0 0.6647196261682243 0.7932604735883424 0.030373831775700934 0.009107468123861567
0 0.8154205607476636 0.7914389799635702 0.028037383177570093 0.009107468123861567
0 0.8282710280373832 0.7823315118397086 0.002336448598130841 0.0018214936247723133
0 0.8154205607476636 0.7723132969034608 0.014018691588785047 0.0036429872495446266
0 0.822429906542056 0.7595628415300546 0.004672897196261682 0.0036429872495446266
0 0.6682242990654206 0.7604735883424408 0.009345794392523364 0.00546448087431694
0 0.8329439252336449 0.7495446265938069 0.011682242990654205 0.00546448087431694
0 0.6822429906542056 0.7495446265938069 0.009345794392523364 0.00546448087431694
0 0.6810747663551402 0.7404371584699454 0.02570093457943925 0.00546448087431694
0 0.8247663551401869 0.738615664845173 0.018691588785046728 0.00546448087431694
0 0.75 0.761384335154827 0.03271028037383177 0.07285974499089254
0 0.8469626168224299 0.7194899817850637 0.007009345794392523 0.0036429872495446266
0 0.6880841121495327 0.7194899817850637 0.011682242990654205 0.0036429872495446266
0 0.7651869158878505 0.7194899817850637 0.007009345794392523 0.007285974499089253
0 0.6915887850467289 0.6867030965391621 0.009345794392523364 0.007285974499089253
0 0.8411214953271028 0.6848816029143898 0.014018691588785047 0.007285974499089253
0 0.8504672897196262 0.6757741347905283 0.02336448598130841 0.007285974499089253
0 0.6939252336448598 0.6757741347905283 0.014018691588785047 0.007285974499089253
0 0.8586448598130841 0.6648451730418944 0.016355140186915886 0.007285974499089253
0 0.7079439252336449 0.6648451730418944 0.02336448598130841 0.007285974499089253
0 0.6950934579439252 0.6539162112932605 0.007009345794392523 0.007285974499089253
0 0.7067757009345794 0.6466302367941712 0.011682242990654205 0.0036429872495446266
0 0.8574766355140186 0.6457194899817851 0.018691588785046728 0.00546448087431694
0 0.8808411214953271 0.6293260473588342 0.004672897196261682 0.009107468123861567
0 0.8644859813084113 0.6265938069216758 0.018691588785046728 0.014571948998178506
0 0.719626168224299 0.6275045537340619 0.03271028037383177 0.01639344262295082
0 0.7266355140186916 0.5947176684881603 0.03271028037383177 0.023679417122040074
0 0.8726635514018691 0.5910746812386156 0.02102803738317757 0.020036429872495445
0 0.7383177570093458 0.5673952641165756 0.037383177570093455 0.0273224043715847
0 0.8878504672897196 0.5646630236794171 0.03271028037383177 0.025500910746812388
0 0.7453271028037384 0.5482695810564663 0.028037383177570093 0.01092896174863388
0 0.8925233644859814 0.5455373406193078 0.02336448598130841 0.009107468123861567
0 0.9147196261682243 0.7021857923497268 0.1705607476635514 0.48269581056466304
0 0.7616822429906542 0.5 0.056074766355140186 0.08196721311475409
0 0.9112149532710281 0.49635701275045535 0.056074766355140186 0.07832422586520947
0 0.7815420560747663 0.4471766848816029 0.035046728971962614 0.023679417122040074
0 0.9322429906542056 0.4453551912568306 0.037383177570093455 0.023679417122040074
0 0.5 0.4981785063752277 1.0 0.8979963570127505
0 0.010514018691588784 0.00819672131147541 0.02102803738317757 0.009107468123861567
0 0.9964953271028038 0.0018214936247723133 0.007009345794392523 0.0036429872495446266
