0 0.48380566801619435 0.532312925170068 0.9676113360323887 0.8673469387755102
0 0.9868421052631579 0.4965986394557823 0.02631578947368421 0.8299319727891157
0 0.30870445344129555 0.08673469387755102 0.1437246963562753 0.023809523809523808
0 0.49898785425101216 0.07482993197278912 0.010121457489878543 0.013605442176870748
0 0.5334008097165992 0.05612244897959184 0.0020242914979757085 0.003401360544217687
0 0.4706477732793522 0.05102040816326531 0.006072874493927126 0.013605442176870748
0 0.48582995951417 0.0391156462585034 0.012145748987854251 0.04421768707482993
0 0.5607287449392713 0.03231292517006803 0.012145748987854251 0.06462585034013606
0 0.49696356275303644 0.006802721088435374 0.006072874493927126 0.013605442176870748
0 0.45445344129554655 0.030612244897959183 0.010121457489878543 0.061224489795918366
0 0.41194331983805665 0.047619047619047616 0.0465587044534413 0.09523809523809523
0 0.3714574898785425 0.034013605442176874 0.018218623481781375 0.06802721088435375
0 0.32894736842105265 0.034013605442176874 0.030364372469635626 0.06802721088435375
0 0.2874493927125506 0.03571428571428571 0.02834008097165992 0.07142857142857142
0 0.24595141700404857 0.03571428571428571 0.02631578947368421 0.07142857142857142
