0 0.541095890410959 0.9955436720142602 0.0091324200913242 0.008912655971479501
0 0.430365296803653 0.9946524064171123 0.02511415525114155 0.0106951871657754
0 0.3824200913242009 0.9928698752228164 0.01141552511415525 0.0142602495543672
0 0.3207762557077626 0.9910873440285205 0.03881278538812785 0.017825311942959002
0 0.680365296803653 0.9893048128342246 0.0136986301369863 0.0213903743315508
0 0.6472602739726028 0.9803921568627451 0.00684931506849315 0.0071301247771836
0 0.384703196347032 0.9795008912655971 0.2762557077625571 0.040998217468805706
0 0.708904109589041 0.7950089126559715 0.00684931506849315 0.0071301247771836
0 0.6221461187214612 0.7780748663101604 0.00228310502283105 0.0053475935828877
0 0.636986301369863 0.7664884135472371 0.0136986301369863 0.0035650623885918
0 0.7865296803652968 0.7647058823529411 0.02054794520547945 0.0035650623885918
0 0.8002283105022832 0.7557932263814616 0.00684931506849315 0.0035650623885918
0 0.6438356164383562 0.7557932263814616 0.0045662100456621 0.0035650623885918
0 0.6541095890410958 0.7442067736185384 0.01598173515981735 0.0053475935828877
0 0.7990867579908676 0.7442067736185384 0.0273972602739726 0.008912655971479501
0 0.79337899543379 0.732620320855615 0.01141552511415525 0.0035650623885918
0 0.6438356164383562 0.7335115864527629 0.0182648401826484 0.0053475935828877
0 0.723744292237443 0.750445632798574 0.0273972602739726 0.06417112299465241
0 0.8184931506849316 0.7121212121212122 0.00228310502283105 0.0017825311942959
0 0.7363013698630136 0.7130124777183601 0.00684931506849315 0.0071301247771836
0 0.66324200913242 0.7121212121212122 0.01598173515981735 0.0053475935828877
0 0.2979452054794521 0.8244206773618539 0.5958904109589042 0.23351158645276293
0 0.9029680365296804 0.8155080213903744 0.19406392694063926 0.24064171122994651
0 0.8242009132420092 0.6684491978609626 0.0228310502283105 0.0071301247771836
0 0.8276255707762558 0.6568627450980392 0.00684931506849315 0.0017825311942959
0 0.6929223744292238 0.6470588235294118 0.00228310502283105 0.0071301247771836
0 0.8162100456621004 0.6470588235294118 0.00684931506849315 0.0106951871657754
0 0.8287671232876712 0.6363636363636364 0.0228310502283105 0.0071301247771836
0 0.8504566210045662 0.624777183600713 0.00684931506849315 0.0053475935828877
0 0.839041095890411 0.6176470588235294 0.03424657534246575 0.0196078431372549
0 0.704337899543379 0.571301247771836 0.04794520547945205 0.05525846702317291
0 0.8538812785388128 0.5686274509803921 0.045662100456621 0.053475935828877004
0 0.7146118721461188 0.5392156862745098 0.0319634703196347 0.012477718360071301
0 0.8641552511415526 0.5365418894830659 0.02968036529680365 0.0106951871657754
0 0.730593607305936 0.49019607843137253 0.0547945205479452 0.08199643493761141
0 0.882420091324201 0.4875222816399287 0.05707762557077625 0.08021390374331551
0 0.7488584474885844 0.4358288770053476 0.0365296803652968 0.023172905525846704
0 0.9006849315068494 0.43404634581105167 0.03881278538812785 0.023172905525846704
0 0.5 0.3689839572192513 1.0 0.6666666666666666
