0 0.5466101694915254 0.9444444444444444 0.01694915254237288 0.0032679738562091504
0 0.6302966101694916 0.9697712418300654 0.701271186440678 0.06045751633986928
0 0.00211864406779661 0.8619281045751634 0.00423728813559322 0.0016339869281045752
0 0.9152542372881356 0.8169934640522876 0.1694915254237288 0.15359477124183007
0 0.9300847457627118 0.6102941176470589 0.00847457627118644 0.03104575163398693
0 0.7648305084745762 0.37254901960784315 0.00847457627118644 0.006535947712418301
0 0.763771186440678 0.4076797385620915 0.13771186440677965 0.10947712418300654
0 0.9194915254237288 0.29820261437908496 0.00847457627118644 0.014705882352941176
0 0.9226694915254238 0.27532679738562094 0.006355932203389831 0.0016339869281045752
0 0.7786016949152542 0.20833333333333334 0.006355932203389831 0.0016339869281045752
0 0.7330508474576272 0.2099673202614379 0.029661016949152543 0.004901960784313725
0 0.8686440677966102 0.2034313725490196 0.00847457627118644 0.0016339869281045752
0 0.8972457627118644 0.20261437908496732 0.02754237288135593 0.0032679738562091504
0 0.7563559322033898 0.1919934640522876 0.00847457627118644 0.0016339869281045752
0 0.7415254237288136 0.19281045751633988 0.012711864406779662 0.0032679738562091504
0 0.784957627118644 0.190359477124183 0.006355932203389831 0.0016339869281045752
0 0.8146186440677966 0.18872549019607843 0.01059322033898305 0.0016339869281045752
0 0.899364406779661 0.1854575163398693 0.04025423728813559 0.004901960784313725
0 0.9608050847457628 0.4264705882352941 0.07838983050847458 0.6339869281045751
0 0.5391949152542372 0.041666666666666664 0.00211864406779661 0.0016339869281045752
0 0.5370762711864406 0.03676470588235294 0.006355932203389831 0.004901960784313725
0 0.5254237288135594 0.0392156862745098 0.00847457627118644 0.00980392156862745
0 0.5127118644067796 0.03349673202614379 0.00423728813559322 0.004901960784313725
0 0.4936440677966102 0.025326797385620915 0.029661016949152543 0.03758169934640523
0 0.503177966101695 0.004084967320261438 0.014830508474576272 0.008169934640522876
0 0.5148305084745762 0.47058823529411764 0.9703389830508474 0.9411764705882353
