0 0.3175 0.9887387387387387 0.011666666666666667 0.0045045045045045045
0 0.3025 0.9876126126126126 0.0016666666666666668 0.0022522522522522522
0 0.20833333333333334 0.9808558558558559 0.0033333333333333335 0.0022522522522522522
0 0.4275 0.9515765765765766 0.005 0.0022522522522522522
0 0.13666666666666666 0.9493243243243243 0.006666666666666667 0.006756756756756757
0 0.11 0.9324324324324325 0.0033333333333333335 0.0045045045045045045
0 0.1475 0.8952702702702703 0.0016666666666666668 0.0022522522522522522
0 0.22 0.8040540540540541 0.016666666666666666 0.0045045045045045045
0 0.18 0.8006756756756757 0.0033333333333333335 0.0022522522522522522
0 0.4125 0.7984234234234234 0.005 0.0022522522522522522
0 0.1225 0.793918918918919 0.0016666666666666668 0.0022522522522522522
0 0.4266666666666667 0.7894144144144144 0.0033333333333333335 0.0022522522522522522
0 0.9308333333333333 0.7657657657657657 0.008333333333333333 0.0045045045045045045
0 0.4141666666666667 0.7623873873873874 0.005 0.0022522522522522522
0 0.07916666666666666 0.7601351351351351 0.075 0.024774774774774775
0 0.07416666666666667 0.7162162162162162 0.011666666666666667 0.0045045045045045045
0 0.07166666666666667 0.7274774774774775 0.05333333333333334 0.036036036036036036
0 0.05333333333333334 0.6756756756756757 0.013333333333333334 0.05855855855855856
0 0.09333333333333334 0.4740990990990991 0.023333333333333334 0.02027027027027027
0 0.57 0.42004504504504503 0.0033333333333333335 0.0022522522522522522
0 0.2816666666666667 0.40540540540540543 0.006666666666666667 0.0045045045045045045
0 0.19666666666666666 0.40427927927927926 0.0033333333333333335 0.006756756756756757
0 0.21916666666666668 0.4009009009009009 0.005 0.0045045045045045045
0 0.025 0.30855855855855857 0.0033333333333333335 0.0045045045045045045
0 0.025833333333333333 0.29842342342342343 0.015 0.01126126126126126
0 0.0275 0.28603603603603606 0.005 0.0045045045045045045
0 0.025 0.2725225225225225 0.02 0.013513513513513514
0 0.02666666666666667 0.26238738738738737 0.0033333333333333335 0.0022522522522522522
0 0.025 0.24887387387387389 0.023333333333333334 0.01126126126126126
0 0.4033333333333333 0.23085585585585586 0.0033333333333333335 0.0022522522522522522
0 0.3175 0.22972972972972974 0.028333333333333332 0.0045045045045045045
0 0.9225 0.22522522522522523 0.005 0.0045045045045045045
0 0.07583333333333334 0.22409909909909909 0.12833333333333333 0.015765765765765764
0 0.024166666666666666 0.21283783783783783 0.0016666666666666668 0.0022522522522522522
0 0.02 0.19932432432432431 0.006666666666666667 0.006756756756756757
0 0.020833333333333332 0.17454954954954954 0.008333333333333333 0.006756756756756757
0 0.16916666666666666 0.061936936936936936 0.005 0.006756756756756757
0 0.49083333333333334 0.5213963963963963 0.9816666666666667 0.9572072072072072
0 0.029166666666666667 0.09684684684684684 0.058333333333333334 0.11711711711711711
0 0.5308333333333334 0.015765765765765764 0.005 0.0045045045045045045
0 0.5291666666666667 0.0033783783783783786 0.005 0.006756756756756757
0 0.4525 0.00563063063063063 0.005 0.01126126126126126
0 0.42583333333333334 0.00563063063063063 0.011666666666666667 0.01126126126126126
0 0.4075 0.006756756756756757 0.008333333333333333 0.013513513513513514
0 0.38416666666666666 0.006756756756756757 0.005 0.013513513513513514
