0 0.46810699588477367 0.9965277777777778 0.01440329218106996 0.006944444444444444
0 0.2890946502057613 0.9947916666666666 0.0102880658436214 0.010416666666666666
0 0.5432098765432098 0.9878472222222222 0.0411522633744856 0.024305555555555556
0 0.3343621399176955 0.9756944444444444 0.20781893004115226 0.04861111111111111
0 0.01131687242798354 0.6180555555555556 0.006172839506172839 0.006944444444444444
0 0.03497942386831276 0.6145833333333334 0.00823045267489712 0.013888888888888888
0 0.0205761316872428 0.546875 0.0411522633744856 0.0798611111111111
0 0.00205761316872428 0.1597222222222222 0.00411522633744856 0.006944444444444444
0 0.00720164609053498 0.12152777777777778 0.01440329218106996 0.006944444444444444
0 0.9876543209876543 0.4878472222222222 0.024691358024691357 0.8159722222222222
0 0.4845679012345679 0.4947916666666667 0.9691358024691358 0.8923611111111112
0 0.4763374485596708 0.022569444444444444 0.06378600823045268 0.04513888888888889
0 0.36522633744855965 0.012152777777777778 0.0102880658436214 0.024305555555555556
0 0.34156378600823045 0.012152777777777778 0.012345679012345678 0.024305555555555556
0 0.31275720164609055 0.012152777777777778 0.012345679012345678 0.024305555555555556
0 0.28600823045267487 0.010416666666666666 0.012345679012345678 0.020833333333333332
