0 0.4832474226804124 0.9792452830188679 0.04381443298969072 0.04150943396226415
0 0.5811855670103093 0.9773584905660377 0.03350515463917526 0.045283018867924525
0 0.5360824742268041 0.9773584905660377 0.020618556701030927 0.045283018867924525
0 0.7512886597938144 0.9377358490566038 0.002577319587628866 0.0037735849056603774
0 0.720360824742268 0.9660377358490566 0.08505154639175258 0.06792452830188679
0 0.8917525773195877 0.1320754716981132 0.015463917525773196 0.022641509433962263
0 0.5 0.5 1.0 0.7811320754716982
0 0.8208762886597938 0.04716981132075472 0.059278350515463915 0.09433962264150944
0 0.7744845360824743 0.005660377358490566 0.007731958762886598 0.011320754716981131
0 0.7358247422680413 0.035849056603773584 0.08505154639175258 0.07169811320754717
0 0.595360824742268 0.024528301886792454 0.015463917525773196 0.04905660377358491
0 0.5103092783505154 0.024528301886792454 0.09278350515463918 0.04905660377358491
0 0.5502577319587629 0.045283018867924525 0.2706185567010309 0.09056603773584905
