0 0.00676818950930626 0.9178082191780822 0.01353637901861252 0.1643835616438356
0 0.9813874788494078 0.75 0.01692047377326565 0.00684931506849315
0 0.9830795262267343 0.7385844748858448 0.02030456852791878 0.00684931506849315
0 0.9949238578680203 0.723744292237443 0.01015228426395939 0.0045662100456621
0 0.9822335025380711 0.723744292237443 0.005076142131979695 0.0045662100456621
0 0.0025380710659898475 0.58675799086758 0.005076142131979695 0.0136986301369863
0 0.9991539763113367 0.2591324200913242 0.001692047377326565 0.00228310502283105
0 0.04230118443316413 0.22945205479452055 0.02030456852791878 0.00684931506849315
0 0.9991539763113367 0.2180365296803653 0.001692047377326565 0.00228310502283105
0 0.9830795262267343 0.2191780821917808 0.00676818950930626 0.0045662100456621
0 0.5033840947546532 0.5114155251141552 0.9932318104906938 0.954337899543379
0 0.5871404399323181 0.017123287671232876 0.00338409475465313 0.00228310502283105
0 0.5617597292724196 0.01141552511415525 0.02030456852791878 0.0228310502283105
0 0.4856175972927242 0.007990867579908675 0.00676818950930626 0.01598173515981735
0 0.4517766497461929 0.0091324200913242 0.030456852791878174 0.0182648401826484
0 0.4179357021996616 0.0091324200913242 0.00676818950930626 0.0182648401826484
