0 0.007525083612040134 0.9513574660633484 0.015050167224080268 0.09728506787330317
0 0.5392976588628763 0.8461538461538461 0.02508361204013378 0.00904977375565611
0 0.5 0.8416289592760181 0.023411371237458192 0.004524886877828055
0 0.4222408026755853 0.8371040723981901 0.02508361204013378 0.004524886877828055
0 0.9389632107023411 0.833710407239819 0.0016722408026755853 0.0022624434389140274
0 0.5426421404682275 0.8235294117647058 0.011705685618729096 0.004524886877828055
0 0.5117056856187291 0.8201357466063348 0.030100334448160536 0.006787330316742082
0 0.19063545150501673 0.8676470588235294 0.3110367892976589 0.10180995475113122
0 0.9381270903010034 0.8088235294117647 0.006688963210702341 0.006787330316742082
0 0.5267558528428093 0.8088235294117647 0.04013377926421405 0.006787330316742082
0 0.9372909698996655 0.7975113122171946 0.0016722408026755853 0.0022624434389140274
0 0.5284280936454849 0.7986425339366516 0.043478260869565216 0.00904977375565611
0 0.09698996655518395 0.7873303167420814 0.03678929765886288 0.00904977375565611
0 0.09782608695652174 0.7624434389140271 0.03177257525083612 0.00904977375565611
0 0.09949832775919733 0.75 0.005016722408026756 0.0022624434389140274
0 0.5451505016722408 0.748868778280543 0.006688963210702341 0.004524886877828055
0 0.09615384615384616 0.7364253393665159 0.03177257525083612 0.011312217194570135
0 0.10117056856187291 0.7251131221719457 0.008361204013377926 0.006787330316742082
0 0.09448160535117058 0.7104072398190046 0.02508361204013378 0.00904977375565611
0 0.25 0.42081447963800905 0.005016722408026756 0.00904977375565611
0 0.05936454849498328 0.3190045248868778 0.005016722408026756 0.004524886877828055
0 0.8503344481605352 0.29524886877828055 0.008361204013377926 0.0022624434389140274
0 0.8252508361204013 0.29411764705882354 0.011705685618729096 0.004524886877828055
0 0.05936454849498328 0.29411764705882354 0.008361204013377926 0.004524886877828055
0 0.4807692307692308 0.2850678733031674 0.008361204013377926 0.004524886877828055
0 0.5225752508361204 0.6334841628959276 0.9548494983277592 0.7330316742081447
0 0.056020066889632104 0.2703619909502262 0.011705685618729096 0.006787330316742082
0 0.8319397993311036 0.27262443438914025 0.09866220735785954 0.01583710407239819
0 0.451505016722408 0.248868778280543 0.013377926421404682 0.00904977375565611
0 0.09949832775919733 0.24660633484162897 0.1020066889632107 0.00904977375565611
0 0.8285953177257525 0.24773755656108598 0.1354515050167224 0.01583710407239819
0 0.5693979933110368 0.22171945701357465 0.011705685618729096 0.004524886877828055
0 0.42642140468227424 0.2228506787330317 0.006688963210702341 0.006787330316742082
0 0.7433110367892977 0.22058823529411764 0.015050167224080268 0.011312217194570135
0 0.8411371237458194 0.21945701357466063 0.15384615384615385 0.01809954751131222
0 0.7792642140468228 0.19343891402714933 0.013377926421404682 0.011312217194570135
0 0.7316053511705686 0.19343891402714933 0.015050167224080268 0.011312217194570135
0 0.8745819397993311 0.19230769230769232 0.14046822742474915 0.013574660633484163
0 0.7508361204013378 0.16855203619909503 0.020066889632107024 0.006787330316742082
0 0.9013377926421404 0.16968325791855204 0.10702341137123746 0.013574660633484163
0 0.431438127090301 0.167420814479638 0.013377926421404682 0.00904977375565611
0 0.6797658862876255 0.14592760180995476 0.005016722408026756 0.0022624434389140274
0 0.6605351170568562 0.14592760180995476 0.010033444816053512 0.011312217194570135
0 0.6889632107023411 0.1334841628959276 0.010033444816053512 0.00904977375565611
0 0.17892976588628762 0.07692307692307693 0.010033444816053512 0.00904977375565611
0 0.05351170568561873 0.11199095022624435 0.04013377926421405 0.09728506787330317
0 0.709866220735786 0.1165158371040724 0.580267558528428 0.11538461538461539
0 0.48494983277591974 0.014705882352941176 0.010033444816053512 0.029411764705882353
0 0.46153846153846156 0.014705882352941176 0.006688963210702341 0.029411764705882353
0 0.4406354515050167 0.01583710407239819 0.005016722408026756 0.03167420814479638
0 0.41471571906354515 0.010180995475113122 0.006688963210702341 0.020361990950226245
