0 0.7371134020618557 0.9962264150943396 0.010309278350515464 0.007547169811320755
0 0.6907216494845361 0.9943396226415094 0.02577319587628866 0.011320754716981131
0 0.729381443298969 0.960377358490566 0.010309278350515464 0.011320754716981131
0 0.7126288659793815 0.9641509433962264 0.023195876288659795 0.07169811320754717
0 0.5 0.9641509433962264 0.04639175257731959 0.07169811320754717
0 0.44458762886597936 0.9641509433962264 0.04381443298969072 0.07169811320754717
0 0.5592783505154639 0.9622641509433962 0.030927835051546393 0.07547169811320754
0 0.7345360824742269 0.9264150943396227 0.015463917525773196 0.026415094339622643
0 0.7164948453608248 0.9188679245283019 0.005154639175257732 0.011320754716981131
0 0.6713917525773195 0.9547169811320755 0.028350515463917526 0.09056603773584905
0 0.6958762886597938 0.9132075471698113 0.010309278350515464 0.01509433962264151
0 0.5077319587628866 0.939622641509434 0.27319587628865977 0.12075471698113208
0 0.7873711340206185 0.9358490566037736 0.05412371134020619 0.12830188679245283
0 0.024484536082474227 0.6320754716981132 0.04896907216494845 0.45660377358490567
0 0.023195876288659795 0.38301886792452833 0.04639175257731959 0.026415094339622643
0 0.020618556701030927 0.3433962264150943 0.041237113402061855 0.022641509433962263
0 0.020618556701030927 0.30566037735849055 0.041237113402061855 0.01509433962264151
0 0.02190721649484536 0.27735849056603773 0.04381443298969072 0.011320754716981131
0 0.024484536082474227 0.24528301886792453 0.04896907216494845 0.022641509433962263
0 0.02577319587628866 0.15283018867924528 0.05154639175257732 0.13962264150943396
0 0.529639175257732 0.44716981132075473 0.9149484536082474 0.8264150943396227
0 0.845360824742268 0.013207547169811321 0.04639175257731959 0.026415094339622643
0 0.7448453608247423 0.0037735849056603774 0.03608247422680412 0.007547169811320755
0 0.5695876288659794 0.01509433962264151 0.26804123711340205 0.03018867924528302
