0 0.528 0.98828125 0.016 0.0234375
0 0.504 0.98046875 0.005333333333333333 0.0078125
0 0.47333333333333333 0.986328125 0.013333333333333334 0.02734375
0 0.36133333333333334 0.982421875 0.029333333333333333 0.03515625
0 0.31333333333333335 0.978515625 0.056 0.04296875
0 0.252 0.9765625 0.029333333333333333 0.046875
0 0.6786666666666666 0.779296875 0.008 0.01171875
0 0.5 0.5078125 1.0 0.859375
0 0.508 0.01171875 0.008 0.0078125
0 0.48 0.03125 0.08 0.0625
0 0.3413333333333333 0.01953125 0.016 0.0390625
0 0.2986666666666667 0.01953125 0.021333333333333333 0.0390625
0 0.25066666666666665 0.01953125 0.021333333333333333 0.0390625
