0 0.547683923705722 0.9940239043824701 0.010899182561307902 0.01195219123505976
0 0.48365122615803813 0.9840637450199203 0.01907356948228883 0.03187250996015936
0 0.37057220708446864 0.9800796812749004 0.027247956403269755 0.0398406374501992
0 0.3188010899182561 0.9741035856573705 0.05449591280653951 0.05179282868525897
0 0.25885558583106266 0.9721115537848606 0.027247956403269755 0.055776892430278883
0 0.5 0.4960159362549801 1.0 0.8645418326693227
0 0.5149863760217984 0.04183266932270916 0.027247956403269755 0.0199203187250996
0 0.4550408719346049 0.035856573705179286 0.005449591280653951 0.01593625498007968
0 0.4877384196185286 0.03386454183266932 0.021798365122615803 0.035856573705179286
0 0.4877384196185286 0.00597609561752988 0.021798365122615803 0.01195219123505976
0 0.4604904632152589 0.0099601593625498 0.01634877384196185 0.0199203187250996
0 0.35013623978201636 0.01195219123505976 0.013623978201634877 0.02390438247011952
0 0.3065395095367847 0.01195219123505976 0.01907356948228883 0.02390438247011952
0 0.2574931880108992 0.01195219123505976 0.01907356948228883 0.02390438247011952
