0 0.9162393162393162 0.9298561151079137 0.006837606837606838 0.0035971223021582736
0 0.6239316239316239 0.9280575539568345 0.006837606837606838 0.007194244604316547
0 0.9358974358974359 0.9190647482014388 0.011965811965811967 0.0035971223021582736
0 0.9162393162393162 0.9199640287769785 0.006837606837606838 0.00539568345323741
0 0.6247863247863248 0.9181654676258992 0.005128205128205128 0.00539568345323741
0 0.6264957264957265 0.9055755395683454 0.0017094017094017094 0.0017985611510791368
0 0.9401709401709402 0.8965827338129496 0.003418803418803419 0.0017985611510791368
0 0.6863247863247863 0.8947841726618705 0.015384615384615385 0.00539568345323741
0 0.6256410256410256 0.8938848920863309 0.003418803418803419 0.0035971223021582736
0 0.941025641025641 0.8741007194244604 0.005128205128205128 0.0035971223021582736
0 0.805982905982906 0.8723021582733813 0.0017094017094017094 0.0035971223021582736
0 0.6264957264957265 0.8723021582733813 0.005128205128205128 0.0035971223021582736
0 0.7435897435897436 0.8723021582733813 0.023931623931623933 0.007194244604316547
0 0.7196581196581197 0.8732014388489209 0.006837606837606838 0.008992805755395683
0 0.6743589743589744 0.8732014388489209 0.02564102564102564 0.008992805755395683
0 0.9837606837606837 0.8848920863309353 0.03247863247863248 0.07913669064748201
0 0.6658119658119658 0.8084532374100719 0.0017094017094017094 0.0017985611510791368
0 0.6555555555555556 0.8084532374100719 0.008547008547008548 0.0017985611510791368
0 0.7205128205128205 0.7994604316546763 0.0017094017094017094 0.0017985611510791368
0 0.6991452991452991 0.8003597122302158 0.006837606837606838 0.0035971223021582736
0 0.6888888888888889 0.7994604316546763 0.003418803418803419 0.0017985611510791368
0 0.6752136752136753 0.8003597122302158 0.006837606837606838 0.0035971223021582736
0 0.6658119658119658 0.7994604316546763 0.008547008547008548 0.00539568345323741
0 0.9854700854700855 0.8084532374100719 0.02905982905982906 0.07014388489208633
0 0.994017094017094 0.7679856115107914 0.011965811965811967 0.007194244604316547
0 0.9871794871794872 0.7580935251798561 0.02564102564102564 0.008992805755395683
0 0.9923076923076923 0.7455035971223022 0.015384615384615385 0.00539568345323741
0 0.9888888888888889 0.7356115107913669 0.022222222222222223 0.007194244604316547
0 0.9897435897435898 0.7248201438848921 0.020512820512820513 0.007194244604316547
0 0.9923076923076923 0.7149280575539568 0.015384615384615385 0.00539568345323741
0 0.9829059829059829 0.7050359712230215 0.006837606837606838 0.0035971223021582736
0 0.9948717948717949 0.704136690647482 0.010256410256410256 0.00539568345323741
0 0.352991452991453 0.8255395683453237 0.6478632478632479 0.26618705035971224
0 0.007692307692307693 0.6933453237410072 0.005128205128205128 0.0017985611510791368
0 0.9905982905982906 0.6942446043165468 0.018803418803418803 0.007194244604316547
0 0.9888888888888889 0.6843525179856115 0.022222222222222223 0.00539568345323741
0 0.9888888888888889 0.6735611510791367 0.022222222222222223 0.00539568345323741
0 0.6008547008547008 0.6519784172661871 0.005128205128205128 0.0017985611510791368
0 0.794017094017094 0.6088129496402878 0.005128205128205128 0.008992805755395683
0 0.7760683760683761 0.6079136690647482 0.006837606837606838 0.01079136690647482
0 0.0008547008547008547 0.591726618705036 0.0017094017094017094 0.0035971223021582736
0 0.8273504273504273 0.564748201438849 0.006837606837606838 0.0035971223021582736
0 0.8282051282051283 0.5530575539568345 0.008547008547008548 0.008992805755395683
0 0.782051282051282 0.5575539568345323 0.06324786324786325 0.02158273381294964
0 0.7367521367521368 0.545863309352518 0.013675213675213675 0.008992805755395683
0 0.6888888888888889 0.5278776978417267 0.010256410256410256 0.00539568345323741
0 0.25982905982905985 0.5278776978417267 0.003418803418803419 0.00539568345323741
0 0.6717948717948717 0.5188848920863309 0.006837606837606838 0.00539568345323741
0 0.6931623931623931 0.5413669064748201 0.09743589743589744 0.0539568345323741
0 0.7256410256410256 0.5 0.039316239316239315 0.014388489208633094
0 0.8974358974358975 0.4892086330935252 0.006837606837606838 0.007194244604316547
0 0.7196581196581197 0.46492805755395683 0.003418803418803419 0.0017985611510791368
0 0.7846153846153846 0.46223021582733814 0.017094017094017096 0.02158273381294964
0 0.8111111111111111 0.460431654676259 0.011965811965811967 0.02158273381294964
0 0.9042735042735043 0.44514388489208634 0.003418803418803419 0.008992805755395683
0 0.8564102564102564 0.43884892086330934 0.006837606837606838 0.007194244604316547
0 0.9837606837606837 0.43615107913669066 0.0017094017094017094 0.00539568345323741
0 0.7418803418803419 0.4685251798561151 0.06495726495726496 0.08453237410071943
0 0.9837606837606837 0.4262589928057554 0.0017094017094017094 0.007194244604316547
0 0.8589743589743589 0.42356115107913667 0.0017094017094017094 0.0017985611510791368
0 0.7213675213675214 0.41636690647482016 0.003418803418803419 0.0017985611510791368
0 0.005982905982905983 0.4307553956834532 0.011965811965811967 0.0341726618705036
0 0.6923076923076923 0.44964028776978415 0.020512820512820513 0.08273381294964029
0 0.8136752136752137 0.40467625899280574 0.006837606837606838 0.014388489208633094
0 0.7905982905982906 0.4037769784172662 0.008547008547008548 0.019784172661870502
0 0.9299145299145299 0.3947841726618705 0.003418803418803419 0.008992805755395683
0 0.8606837606837607 0.3947841726618705 0.005128205128205128 0.01618705035971223
0 0.8615384615384616 0.3776978417266187 0.006837606837606838 0.007194244604316547
0 0.8341880341880342 0.43615107913669066 0.017094017094017096 0.14928057553956833
0 0.8153846153846154 0.3732014388489209 0.013675213675213675 0.02697841726618705
0 0.7914529914529914 0.3723021582733813 0.013675213675213675 0.025179856115107913
0 0.676923076923077 0.36241007194244607 0.010256410256410256 0.008992805755395683
0 0.7427350427350428 0.3893884892086331 0.06666666666666667 0.07014388489208633
0 0.841025641025641 0.3408273381294964 0.006837606837606838 0.00539568345323741
0 0.9683760683760684 0.35251798561151076 0.008547008547008548 0.03237410071942446
0 0.7487179487179487 0.33723021582733814 0.013675213675213675 0.008992805755395683
0 0.7264957264957265 0.3435251798561151 0.020512820512820513 0.02158273381294964
0 0.7948717948717948 0.3345323741007194 0.006837606837606838 0.007194244604316547
0 0.770940170940171 0.3363309352517986 0.013675213675213675 0.014388489208633094
0 0.9521367521367521 0.33093525179856115 0.003418803418803419 0.01079136690647482
0 0.018803418803418803 0.32823741007194246 0.037606837606837605 0.008992805755395683
0 0.9863247863247864 0.4784172661870504 0.02735042735042735 0.3345323741007194
0 0.9982905982905983 0.27967625899280574 0.003418803418803419 0.044964028776978415
0 0.018803418803418803 0.24100719424460432 0.037606837606837605 0.025179856115107913
0 0.13504273504273503 0.18165467625899281 0.010256410256410256 0.01079136690647482
0 0.49572649572649574 0.37140287769784175 0.9606837606837607 0.64568345323741
0 0.841025641025641 0.02697841726618705 0.003418803418803419 0.007194244604316547
0 0.022222222222222223 0.013489208633093525 0.044444444444444446 0.02697841726618705
