0 0.34152542372881356 0.9563279857397504 0.10677966101694915 0.030303030303030304
0 0.847457627118644 0.9358288770053476 0.013559322033898305 0.0035650623885918
0 0.3694915254237288 0.9349376114081996 0.003389830508474576 0.0017825311942959
0 0.9 0.9358288770053476 0.05423728813559322 0.0071301247771836
0 0.4 0.9358288770053476 0.03389830508474576 0.0071301247771836
0 0.9906779661016949 0.9251336898395722 0.01864406779661017 0.0035650623885918
0 0.42627118644067796 0.9242424242424242 0.011864406779661017 0.0053475935828877
0 0.5466101694915254 0.9144385026737968 0.005084745762711864 0.0035650623885918
0 0.39322033898305087 0.9135472370766489 0.04067796610169491 0.008912655971479501
0 0.7228813559322034 0.8903743315508021 0.005084745762711864 0.0017825311942959
0 0.3898305084745763 0.8894830659536542 0.003389830508474576 0.0035650623885918
0 0.3974576271186441 0.8832442067736186 0.005084745762711864 0.0053475935828877
0 0.8627118644067797 0.8787878787878788 0.006779661016949152 0.0035650623885918
0 0.8305084745762712 0.8778966131907309 0.003389830508474576 0.0017825311942959
0 0.7677966101694915 0.8778966131907309 0.006779661016949152 0.0053475935828877
0 0.7508474576271187 0.8796791443850267 0.006779661016949152 0.008912655971479501
0 0.6584745762711864 0.8787878787878788 0.00847457627118644 0.0071301247771836
0 0.7084745762711865 0.8778966131907309 0.023728813559322035 0.008912655971479501
0 0.7796610169491526 0.8680926916221033 0.003389830508474576 0.0035650623885918
0 0.7677966101694915 0.8680926916221033 0.003389830508474576 0.0035650623885918
0 0.7516949152542373 0.8680926916221033 0.005084745762711864 0.0035650623885918
0 0.7110169491525423 0.8680926916221033 0.01864406779661017 0.0071301247771836
0 0.8593220338983051 0.85650623885918 0.003389830508474576 0.0017825311942959
0 0.7991525423728814 0.857397504456328 0.005084745762711864 0.0035650623885918
0 0.7813559322033898 0.857397504456328 0.006779661016949152 0.0035650623885918
0 0.752542372881356 0.857397504456328 0.003389830508474576 0.0035650623885918
0 0.8677966101694915 0.8556149732620321 0.006779661016949152 0.0035650623885918
0 0.7669491525423728 0.85650623885918 0.005084745762711864 0.0053475935828877
0 0.8711864406779661 0.8449197860962567 0.006779661016949152 0.0035650623885918
0 0.838135593220339 0.8458110516934046 0.005084745762711864 0.0053475935828877
0 0.8101694915254237 0.8458110516934046 0.006779661016949152 0.0053475935828877
0 0.661864406779661 0.8458110516934046 0.005084745762711864 0.0053475935828877
0 0.885593220338983 0.8449197860962567 0.01864406779661017 0.0071301247771836
0 0.8576271186440678 0.8440285204991087 0.003389830508474576 0.0053475935828877
0 0.7449152542372881 0.8351158645276292 0.005084745762711864 0.0053475935828877
0 0.661864406779661 0.8351158645276292 0.005084745762711864 0.0053475935828877
0 0.7271186440677966 0.8342245989304813 0.013559322033898305 0.0071301247771836
0 0.7228813559322034 0.8270944741532977 0.001694915254237288 0.0035650623885918
0 0.861864406779661 0.8315508021390374 0.06949152542372881 0.016042780748663103
0 0.7576271186440678 0.8253119429590018 0.006779661016949152 0.0035650623885918
0 0.6627118644067796 0.8253119429590018 0.003389830508474576 0.0035650623885918
0 0.8432203389830508 0.8065953654188949 0.001694915254237288 0.0017825311942959
0 0.8186440677966101 0.8065953654188949 0.010169491525423728 0.0017825311942959
0 0.5330508474576271 0.8065953654188949 0.001694915254237288 0.0017825311942959
0 0.888135593220339 0.8057040998217468 0.006779661016949152 0.0035650623885918
0 0.7313559322033898 0.803921568627451 0.1440677966101695 0.0142602495543672
0 0.7533898305084745 0.7887700534759359 0.005084745762711864 0.0017825311942959
0 0.20847457627118643 0.8725490196078431 0.36610169491525424 0.17290552584670232
0 0.5635593220338984 0.7789661319073083 0.005084745762711864 0.0035650623885918
0 0.34576271186440677 0.7655971479500892 0.003389830508474576 0.0017825311942959
0 0.41694915254237286 0.767379679144385 0.03728813559322034 0.008912655971479501
0 0.41694915254237286 0.7575757575757576 0.003389830508474576 0.0035650623885918
0 0.42966101694915254 0.7486631016042781 0.005084745762711864 0.0035650623885918
0 0.4076271186440678 0.7486631016042781 0.011864406779661017 0.0035650623885918
0 0.038135593220338986 0.7388591800356507 0.00847457627118644 0.0053475935828877
0 0.7915254237288135 0.7352941176470589 0.003389830508474576 0.0017825311942959
0 0.4186440677966102 0.7370766488413547 0.03728813559322034 0.0053475935828877
0 0.8661016949152542 0.7352941176470589 0.006779661016949152 0.0053475935828877
0 0.8279661016949152 0.7352941176470589 0.01864406779661017 0.0053475935828877
0 0.809322033898305 0.7281639928698752 0.001694915254237288 0.0017825311942959
0 0.40508474576271186 0.6987522281639929 0.003389830508474576 0.0035650623885918
0 0.4398305084745763 0.6880570409982175 0.001694915254237288 0.0035650623885918
0 0.21525423728813559 0.7344028520499108 0.36610169491525424 0.0962566844919786
0 0.5754237288135593 0.6853832442067737 0.00847457627118644 0.0053475935828877
0 0.6754237288135593 0.820855614973262 0.3 0.30124777183600715
0 0.08898305084745763 0.6666666666666666 0.00847457627118644 0.0071301247771836
0 0.9228813559322034 0.6122994652406417 0.00847457627118644 0.008912655971479501
0 0.8254237288135593 0.6105169340463458 0.006779661016949152 0.008912655971479501
0 0.8076271186440678 0.6096256684491979 0.005084745762711864 0.0071301247771836
0 0.8576271186440678 0.5677361853832442 0.003389830508474576 0.0017825311942959
0 0.2305084745762712 0.6140819964349377 0.39322033898305087 0.11942959001782531
0 0.8593220338983051 0.5561497326203209 0.006779661016949152 0.0071301247771836
0 0.8364406779661017 0.553475935828877 0.001694915254237288 0.0017825311942959
0 0.8135593220338984 0.5606060606060606 0.0576271186440678 0.0196078431372549
0 0.7677966101694915 0.5490196078431373 0.013559322033898305 0.0071301247771836
0 0.7313559322033898 0.553475935828877 0.08305084745762711 0.030303030303030304
0 0.6822033898305084 0.5472370766488414 0.005084745762711864 0.024955436720142603
0 0.7220338983050848 0.5320855614973262 0.010169491525423728 0.0053475935828877
0 0.7042372881355933 0.5222816399286988 0.005084745762711864 0.0035650623885918
0 0.6838983050847458 0.5222816399286988 0.001694915254237288 0.0035650623885918
0 0.6847457627118644 0.5071301247771836 0.003389830508474576 0.0053475935828877
0 0.7593220338983051 0.5044563279857398 0.03389830508474576 0.0142602495543672
0 0.773728813559322 0.4714795008912656 0.005084745762711864 0.0053475935828877
0 0.9093220338983051 0.45811051693404636 0.00847457627118644 0.0071301247771836
0 0.8898305084745762 0.4554367201426025 0.003389830508474576 0.0017825311942959
0 0.9110169491525424 0.446524064171123 0.001694915254237288 0.0017825311942959
0 0.8872881355932203 0.44385026737967914 0.00847457627118644 0.0106951871657754
0 0.9338983050847458 0.45187165775401067 0.006779661016949152 0.0338680926916221
0 0.7838983050847458 0.4741532976827095 0.08305084745762711 0.08199643493761141
0 0.8423728813559322 0.43315508021390375 0.003389830508474576 0.0035650623885918
0 0.003389830508474576 0.44028520499108736 0.006779661016949152 0.0213903743315508
0 0.8889830508474577 0.428698752228164 0.005084745762711864 0.0053475935828877
0 0.726271186440678 0.4554367201426025 0.01864406779661017 0.08021390374331551
0 0.5262711864406779 0.4144385026737968 0.001694915254237288 0.0017825311942959
0 0.5110169491525424 0.4117647058823529 0.00847457627118644 0.0035650623885918
0 0.8440677966101695 0.40998217468805703 0.006779661016949152 0.017825311942959002
0 0.8211864406779661 0.4090909090909091 0.011864406779661017 0.0196078431372549
0 0.9135593220338983 0.40106951871657753 0.003389830508474576 0.0071301247771836
0 0.8915254237288136 0.3948306595365419 0.006779661016949152 0.030303030303030304
0 0.764406779661017 0.39928698752228164 0.04067796610169491 0.0570409982174688
0 0.8550847457627119 0.4411764705882353 0.03898305084745763 0.14795008912655971
0 0.9161016949152543 0.3663101604278075 0.001694915254237288 0.0017825311942959
0 0.823728813559322 0.3787878787878788 0.013559322033898305 0.026737967914438502
0 0.7093220338983051 0.3698752228163993 0.011864406779661017 0.008912655971479501
0 0.8466101694915255 0.3787878787878788 0.011864406779661017 0.030303030303030304
0 0.7991525423728814 0.3966131907308378 0.01864406779661017 0.06951871657754011
0 0.8491525423728814 0.3538324420677362 0.003389830508474576 0.0053475935828877
0 0.8245762711864407 0.35472370766488415 0.005084745762711864 0.0071301247771836
0 0.9169491525423729 0.3493761140819964 0.003389830508474576 0.0035650623885918
0 0.8940677966101694 0.3484848484848485 0.005084745762711864 0.0053475935828877
0 0.8711864406779661 0.34759358288770054 0.006779661016949152 0.0071301247771836
0 0.7796610169491526 0.34581105169340465 0.013559322033898305 0.0106951871657754
0 0.826271186440678 0.3422459893048128 0.00847457627118644 0.0106951871657754
0 0.8025423728813559 0.34402852049910876 0.011864406779661017 0.0142602495543672
0 0.7271186440677966 0.4144385026737968 0.08813559322033898 0.1622103386809269
0 0.015254237288135594 0.25133689839572193 0.030508474576271188 0.03208556149732621
0 0.1864406779661017 0.13814616755793227 0.010169491525423728 0.0053475935828877
0 0.2940677966101695 0.12566844919786097 0.17796610169491525 0.023172905525846704
0 0.502542372881356 0.357397504456328 0.923728813559322 0.5935828877005348
0 0.8533898305084746 0.059714795008912656 0.005084745762711864 0.0017825311942959
0 0.7838983050847458 0.059714795008912656 0.005084745762711864 0.0017825311942959
0 0.7313559322033898 0.06149732620320856 0.09322033898305085 0.0053475935828877
0 0.8245762711864407 0.059714795008912656 0.0423728813559322 0.0053475935828877
0 0.003389830508474576 0.049019607843137254 0.006779661016949152 0.0053475935828877
0 0.8330508474576271 0.02406417112299465 0.011864406779661017 0.0481283422459893
0 0.0211864406779661 0.012477718360071301 0.0423728813559322 0.024955436720142603
