0 0.5067934782608695 0.99800796812749 0.008152173913043478 0.00398406374501992
0 0.5434782608695652 0.9840637450199203 0.03804347826086957 0.03187250996015936
0 0.5244565217391305 0.954183266932271 0.010869565217391304 0.01195219123505976
0 0.49184782608695654 0.9741035856573705 0.016304347826086956 0.05179282868525897
0 0.37771739130434784 0.9741035856573705 0.03260869565217391 0.05179282868525897
0 0.328804347826087 0.9701195219123506 0.059782608695652176 0.05976095617529881
0 0.264945652173913 0.9701195219123506 0.029891304347826088 0.05976095617529881
0 0.002717391304347826 0.5358565737051793 0.005434782608695652 0.01195219123505976
0 0.004076086956521739 0.4123505976095618 0.008152173913043478 0.00398406374501992
0 0.005434782608695652 0.2868525896414343 0.010869565217391304 0.00796812749003984
0 0.006793478260869565 0.2689243027888446 0.01358695652173913 0.01195219123505976
0 0.5 0.4820717131474104 1.0 0.8286852589641435
0 0.5529891304347826 0.021912350597609563 0.08967391304347826 0.043824701195219126
0 0.4076086956521739 0.013944223107569721 0.016304347826086956 0.027888446215139442
0 0.36141304347826086 0.01593625498007968 0.021739130434782608 0.03187250996015936
0 0.3111413043478261 0.013944223107569721 0.019021739130434784 0.027888446215139442
