0 0.473568281938326 0.9951612903225806 0.004405286343612335 0.00967741935483871
0 0.21145374449339208 0.9919354838709677 0.013215859030837005 0.016129032258064516
0 0.30066079295154186 0.9838709677419355 0.024229074889867842 0.03225806451612903
0 0.4779735682819383 0.9548387096774194 0.004405286343612335 0.0064516129032258064
0 0.5022026431718062 0.95 0.004405286343612335 0.016129032258064516
0 0.33370044052863435 0.9661290322580646 0.024229074889867842 0.06774193548387097
0 0.460352422907489 0.932258064516129 0.004405286343612335 0.0064516129032258064
0 0.43392070484581496 0.9580645161290322 0.013215859030837005 0.05806451612903226
0 0.28193832599118945 0.9629032258064516 0.05286343612334802 0.07419354838709677
0 0.22577092511013216 0.9629032258064516 0.037444933920704845 0.07419354838709677
0 0.5165198237885462 0.9451612903225807 0.11233480176211454 0.10967741935483871
0 0.28634361233480177 0.9403225806451613 0.2555066079295154 0.11935483870967742
0 0.9966960352422908 0.8709677419354839 0.006607929515418502 0.01935483870967742
0 0.9812775330396476 0.614516129032258 0.024229074889867842 0.00967741935483871
0 0.9889867841409692 0.5951612903225807 0.022026431718061675 0.00967741935483871
0 0.961453744493392 0.5935483870967742 0.011013215859030838 0.0064516129032258064
0 0.9350220264317181 0.5919354838709677 0.0022026431718061676 0.0032258064516129032
0 0.9350220264317181 0.5741935483870968 0.006607929515418502 0.0064516129032258064
0 0.9812775330396476 0.5709677419354838 0.037444933920704845 0.012903225806451613
0 0.9669603524229075 0.49032258064516127 0.004405286343612335 0.0064516129032258064
0 0.9790748898678414 0.4532258064516129 0.0022026431718061676 0.0032258064516129032
0 0.9581497797356828 0.4629032258064516 0.01762114537444934 0.02258064516129032
0 0.9977973568281938 0.4532258064516129 0.004405286343612335 0.00967741935483871
0 0.9724669603524229 0.4306451612903226 0.0022026431718061676 0.0032258064516129032
0 0.9691629955947136 0.4129032258064516 0.00881057268722467 0.012903225806451613
0 0.9911894273127754 0.42258064516129035 0.01762114537444934 0.03870967741935484
0 0.960352422907489 0.3709677419354839 0.00881057268722467 0.012903225806451613
0 0.5 0.45483870967741935 1.0 0.8451612903225807
