0 0.5349740932642487 0.9971751412429378 0.018134715025906734 0.005649717514124294
0 0.43911917098445596 0.9844632768361582 0.4585492227979275 0.031073446327683617
0 0.8782383419689119 0.9307909604519774 0.03626943005181347 0.01977401129943503
0 0.8044041450777202 0.9251412429378532 0.10621761658031088 0.01977401129943503
0 0.7357512953367875 0.9152542372881356 0.010362694300518135 0.01694915254237288
0 0.8691709844559585 0.8940677966101694 0.0025906735751295338 0.002824858757062147
0 0.8277202072538861 0.8912429378531074 0.018134715025906734 0.00847457627118644
0 0.832901554404145 0.8785310734463276 0.018134715025906734 0.011299435028248588
0 0.8031088082901554 0.8742937853107344 0.0051813471502590676 0.002824858757062147
0 0.6152849740932642 0.9110169491525424 0.14766839378238342 0.07627118644067797
0 0.783678756476684 0.8742937853107344 0.023316062176165803 0.00847457627118644
0 0.042746113989637305 0.8926553672316384 0.08549222797927461 0.06779661016949153
0 0.0025906735751295338 0.8135593220338984 0.0051813471502590676 0.005649717514124294
0 0.8847150259067358 0.7966101694915254 0.012953367875647668 0.005649717514124294
0 0.0038860103626943004 0.7768361581920904 0.007772020725388601 0.005649717514124294
0 0.8769430051813472 0.7627118644067796 0.03367875647668394 0.005649717514124294
0 0.17487046632124353 0.7429378531073446 0.007772020725388601 0.005649717514124294
0 0.17746113989637305 0.7259887005649718 0.007772020725388601 0.005649717514124294
0 0.15544041450777202 0.7274011299435028 0.010362694300518135 0.00847457627118644
0 0.18134715025906736 0.711864406779661 0.0051813471502590676 0.005649717514124294
0 0.18523316062176165 0.692090395480226 0.007772020725388601 0.005649717514124294
0 0.16321243523316062 0.692090395480226 0.0051813471502590676 0.005649717514124294
0 0.29404145077720206 0.8121468926553672 0.17357512953367876 0.2514124293785311
0 0.022020725388601035 0.6751412429378532 0.012953367875647668 0.005649717514124294
0 0.0051813471502590676 0.6765536723163842 0.010362694300518135 0.014124293785310734
0 0.0012953367875647669 0.6596045197740112 0.0025906735751295338 0.002824858757062147
0 0.08549222797927461 0.7175141242937854 0.17098445595854922 0.12994350282485875
0 0.11917098445595854 0.6412429378531074 0.010362694300518135 0.005649717514124294
0 0.0025906735751295338 0.6101694915254238 0.0051813471502590676 0.005649717514124294
0 0.6049222797927462 0.6680790960451978 0.14766839378238342 0.1327683615819209
0 0.14378238341968913 0.6073446327683616 0.023316062176165803 0.011299435028248588
0 0.8471502590673575 0.4124293785310734 0.010362694300518135 0.005649717514124294
0 0.5259067357512953 0.4293785310734463 0.05181347150259067 0.05084745762711865
0 0.41450777202072536 0.3954802259887006 0.010362694300518135 0.005649717514124294
0 0.009067357512953367 0.4901129943502825 0.018134715025906734 0.2062146892655367
0 0.0025906735751295338 0.3757062146892655 0.0051813471502590676 0.005649717514124294
0 0.42487046632124353 0.3629943502824859 0.0051813471502590676 0.002824858757062147
0 0.006476683937823834 0.3601694915254237 0.012953367875647668 0.00847457627118644
0 0.5880829015544041 0.3757062146892655 0.05181347150259067 0.04519774011299435
0 0.5259067357512953 0.3700564971751412 0.05181347150259067 0.05084745762711865
0 0.0038860103626943004 0.3432203389830508 0.007772020725388601 0.00847457627118644
0 0.37176165803108807 0.3290960451977401 0.023316062176165803 0.002824858757062147
0 0.006476683937823834 0.3248587570621469 0.012953367875647668 0.011299435028248588
0 0.4170984455958549 0.3135593220338983 0.015544041450777202 0.005649717514124294
0 0.0051813471502590676 0.3107344632768362 0.010362694300518135 0.011299435028248588
0 0.41968911917098445 0.2980225988700565 0.0051813471502590676 0.002824858757062147
0 0.0051813471502590676 0.2937853107344633 0.010362694300518135 0.011299435028248588
0 0.7487046632124352 0.2838983050847458 0.02072538860103627 0.00847457627118644
0 0.0025906735751295338 0.2768361581920904 0.0051813471502590676 0.005649717514124294
0 0.7694300518134715 0.2782485875706215 0.010362694300518135 0.025423728813559324
0 0.7487046632124352 0.269774011299435 0.015544041450777202 0.00847457627118644
0 0.8044041450777202 0.2768361581920904 0.02849740932642487 0.02824858757062147
0 0.0038860103626943004 0.2612994350282486 0.007772020725388601 0.00847457627118644
0 0.8121761658031088 0.2528248587570621 0.0025906735751295338 0.002824858757062147
0 0.7953367875647669 0.2528248587570621 0.0051813471502590676 0.00847457627118644
0 0.7694300518134715 0.2528248587570621 0.0051813471502590676 0.00847457627118644
0 0.0051813471502590676 0.2443502824858757 0.010362694300518135 0.00847457627118644
0 0.8069948186528497 0.23728813559322035 0.03367875647668394 0.01694915254237288
0 0.7577720207253886 0.23728813559322035 0.038860103626943004 0.01694915254237288
0 0.6088082901554405 0.2330508474576271 0.04145077720207254 0.00847457627118644
0 0.5712435233160622 0.2330508474576271 0.023316062176165803 0.00847457627118644
0 0.5246113989637305 0.23163841807909605 0.04404145077720207 0.005649717514124294
0 0.29015544041450775 0.23163841807909605 0.010362694300518135 0.005649717514124294
0 0.8393782383419689 0.2584745762711864 0.02072538860103627 0.06497175141242938
0 0.8743523316062176 0.2570621468926554 0.04404145077720207 0.07344632768361582
0 0.014248704663212436 0.2274011299435028 0.02849740932642487 0.014124293785310734
0 0.5090673575129534 0.2033898305084746 0.012953367875647668 0.011299435028248588
0 0.015544041450777202 0.19915254237288135 0.031088082901554404 0.014124293785310734
0 0.5 0.5098870056497176 1.0 0.8728813559322034
0 0.6010362694300518 0.059322033898305086 0.010362694300518135 0.005649717514124294
0 0.5582901554404145 0.059322033898305086 0.023316062176165803 0.011299435028248588
0 0.5272020725388601 0.05367231638418079 0.007772020725388601 0.01694915254237288
0 0.6010362694300518 0.03531073446327684 0.010362694300518135 0.014124293785310734
0 0.5595854922279793 0.03672316384180791 0.03626943005181347 0.022598870056497175
0 0.5777202072538861 0.005649717514124294 0.02072538860103627 0.011299435028248588
0 0.5259067357512953 0.01694915254237288 0.0051813471502590676 0.03389830508474576
0 0.4170984455958549 0.02401129943502825 0.031088082901554404 0.0480225988700565
0 0.38082901554404147 0.005649717514124294 0.015544041450777202 0.011299435028248588
0 0.3601036269430052 0.025423728813559324 0.05699481865284974 0.05084745762711865
0 0.30310880829015546 0.02401129943502825 0.04145077720207254 0.0480225988700565
0 0.2862694300518135 0.00423728813559322 0.012953367875647668 0.00847457627118644
