0 0.6185185185185185 0.9584837545126353 0.0024691358024691358 0.0036101083032490976
0 0.47530864197530864 0.9693140794223827 0.01728395061728395 0.032490974729241874
0 0.6172839506172839 0.9259927797833934 0.0049382716049382715 0.018050541516245487
0 0.5098765432098765 0.9512635379061372 0.022222222222222223 0.06859205776173286
0 0.4703703703703704 0.9205776173285198 0.01728395061728395 0.01444043321299639
0 0.4382716049382716 0.9494584837545126 0.022222222222222223 0.07220216606498195
0 0.4 0.9476534296028881 0.019753086419753086 0.06859205776173286
0 0.7358024691358025 0.9350180505415162 0.0691358024691358 0.1299638989169675
0 0.45925925925925926 0.9314079422382672 0.2814814814814815 0.1371841155234657
0 0.5 0.427797833935018 1.0 0.855595667870036
