0 0.582687338501292 0.9872881355932204 0.007751937984496124 0.014124293785310734
0 0.39405684754521964 0.9887005649717514 0.03359173126614987 0.022598870056497175
0 0.3423772609819121 0.9872881355932204 0.05426356589147287 0.025423728813559324
0 0.28294573643410853 0.9872881355932204 0.04392764857881137 0.025423728813559324
0 0.5348837209302325 0.9830508474576272 0.07235142118863049 0.03389830508474576
0 0.6304909560723514 0.9703389830508474 0.06201550387596899 0.059322033898305086
0 0.3475452196382429 0.9703389830508474 0.2868217054263566 0.059322033898305086
0 0.8604651162790697 0.8968926553672316 0.12919896640826872 0.025423728813559324
0 0.789405684754522 0.882768361581921 0.007751937984496124 0.00847457627118644
0 0.8049095607235142 0.8757062146892656 0.007751937984496124 0.005649717514124294
0 0.7687338501291989 0.8771186440677966 0.007751937984496124 0.00847457627118644
0 0.8630490956072352 0.8728813559322034 0.00516795865633075 0.005649717514124294
0 0.8359173126614987 0.8728813559322034 0.03359173126614987 0.011299435028248588
0 0.8785529715762274 0.8686440677966102 0.0103359173126615 0.00847457627118644
0 0.9082687338501292 0.8686440677966102 0.028423772609819122 0.014124293785310734
0 0.6498708010335917 0.8813559322033898 0.14728682170542637 0.07344632768361582
0 0.007751937984496124 0.7782485875706214 0.015503875968992248 0.059322033898305086
0 0.2467700258397933 0.7005649717514124 0.012919896640826873 0.005649717514124294
0 0.12532299741602068 0.6680790960451978 0.007751937984496124 0.002824858757062147
0 0.21705426356589147 0.78954802259887 0.24289405684754523 0.2570621468926554
0 0.09819121447028424 0.6497175141242938 0.015503875968992248 0.005649717514124294
0 0.3772609819121447 0.6483050847457628 0.015503875968992248 0.00847457627118644
0 0.2441860465116279 0.6511299435028248 0.012919896640826873 0.014124293785310734
0 0.10077519379844961 0.634180790960452 0.00516795865633075 0.002824858757062147
0 0.25193798449612403 0.6313559322033898 0.01808785529715762 0.00847457627118644
0 0.1330749354005168 0.632768361581921 0.04909560723514212 0.011299435028248588
0 0.05426356589147287 0.6073446327683616 0.046511627906976744 0.022598870056497175
0 0.6408268733850129 0.652542372881356 0.14470284237726097 0.12994350282485875
0 0.14082687338501293 0.577683615819209 0.012919896640826873 0.00847457627118644
0 0.562015503875969 0.4279661016949153 0.05426356589147287 0.05367231638418079
0 0.3785529715762274 0.3940677966101695 0.007751937984496124 0.002824858757062147
0 0.041343669250646 0.5663841807909604 0.082687338501292 0.3531073446327684
0 0.0103359173126615 0.3644067796610169 0.020671834625323 0.005649717514124294
0 0.5607235142118863 0.3742937853107345 0.05167958656330749 0.0480225988700565
0 0.00904392764857881 0.3474576271186441 0.01808785529715762 0.005649717514124294
0 0.6227390180878553 0.3629943502824859 0.05167958656330749 0.0480225988700565
0 0.4315245478036176 0.3290960451977401 0.041343669250646 0.00847457627118644
0 0.4315245478036176 0.3121468926553672 0.041343669250646 0.00847457627118644
0 0.4444444444444444 0.2994350282485876 0.0103359173126615 0.005649717514124294
0 0.4263565891472868 0.2980225988700565 0.015503875968992248 0.002824858757062147
0 0.012919896640826873 0.3149717514124294 0.025839793281653745 0.0423728813559322
0 0.4444444444444444 0.2838983050847458 0.015503875968992248 0.00847457627118644
0 0.42506459948320413 0.2824858757062147 0.01808785529715762 0.005649717514124294
0 0.0103359173126615 0.2824858757062147 0.020671834625323 0.011299435028248588
0 0.007751937984496124 0.2669491525423729 0.015503875968992248 0.00847457627118644
0 0.917312661498708 0.2641242937853107 0.015503875968992248 0.00847457627118644
0 0.00516795865633075 0.25 0.0103359173126615 0.00847457627118644
0 0.5452196382428941 0.2330508474576271 0.00516795865633075 0.002824858757062147
0 0.42506459948320413 0.2344632768361582 0.012919896640826873 0.005649717514124294
0 0.8036175710594315 0.23163841807909605 0.00516795865633075 0.005649717514124294
0 0.011627906976744186 0.23587570621468926 0.023255813953488372 0.014124293785310734
0 0.8372093023255814 0.2330508474576271 0.025839793281653745 0.014124293785310734
0 0.7842377260981912 0.2330508474576271 0.01808785529715762 0.014124293785310734
0 0.8049095607235142 0.2019774011299435 0.007751937984496124 0.00847457627118644
0 0.5465116279069767 0.2019774011299435 0.007751937984496124 0.00847457627118644
0 0.838501291989664 0.2033898305084746 0.028423772609819122 0.01694915254237288
0 0.7816537467700259 0.2019774011299435 0.01808785529715762 0.014124293785310734
0 0.8940568475452196 0.22175141242937854 0.06718346253229975 0.059322033898305086
0 0.015503875968992248 0.2062146892655367 0.031007751937984496 0.02824858757062147
0 0.9832041343669251 0.5423728813559322 0.03359173126614987 0.7062146892655368
0 0.917312661498708 0.17372881355932204 0.020671834625323 0.014124293785310734
0 0.31266149870801035 0.1694915254237288 0.015503875968992248 0.005649717514124294
0 0.07622739018087855 0.1285310734463277 0.1524547803617571 0.12146892655367232
0 0.5658914728682171 0.4844632768361582 0.8682170542635659 0.867231638418079
0 0.5581395348837209 0.03954802259887006 0.015503875968992248 0.011299435028248588
0 0.5271317829457365 0.03531073446327684 0.00516795865633075 0.00847457627118644
0 0.5697674418604651 0.0211864406779661 0.012919896640826873 0.00847457627118644
0 0.6007751937984496 0.015536723163841809 0.007751937984496124 0.00847457627118644
0 0.5503875968992248 0.01694915254237288 0.015503875968992248 0.01694915254237288
0 0.417312661498708 0.015536723163841809 0.012919896640826873 0.031073446327683617
0 0.36046511627906974 0.01694915254237288 0.05426356589147287 0.03389830508474576
0 0.30103359173126615 0.015536723163841809 0.03875968992248062 0.031073446327683617
