0 0.10461285008237232 0.9537444933920705 0.1400329489291598 0.010279001468428781
0 0.586490939044481 0.9478707782672541 0.006589785831960461 0.007342143906020558
0 0.6062602965403624 0.9441997063142438 0.009884678747940691 0.011747430249632892
0 0.013179571663920923 0.9368575624082232 0.026359143327841845 0.02643171806167401
0 0.6070840197693574 0.9060205580029369 0.0016474464579901153 0.005873715124816446
0 0.6054365733113674 0.8839941262848752 0.0016474464579901153 0.002936857562408223
0 0.4299835255354201 0.9170337738619677 0.1614497528830313 0.06901615271659324
0 0.4588138385502471 0.882525697503671 0.011532125205930808 0.002936857562408223
0 0.17792421746293247 0.8259911894273128 0.0032948929159802307 0.0014684287812041115
0 0.32784184514003295 0.8230543318649045 0.009884678747940691 0.0014684287812041115
0 0.3731466227347611 0.8223201174743024 0.0642504118616145 0.005873715124816446
0 0.1902800658978583 0.8186490455212923 0.03130148270181219 0.004405286343612335
0 0.34925864909390447 0.8149779735682819 0.006589785831960461 0.002936857562408223
0 0.06754530477759473 0.8149779735682819 0.009884678747940691 0.002936857562408223
0 0.20345963756177923 0.8091042584434655 0.02471169686985173 0.002936857562408223
0 0.15980230642504117 0.8083700440528634 0.009884678747940691 0.0014684287812041115
0 0.17957166392092258 0.8083700440528634 0.009884678747940691 0.004405286343612335
0 0.12520593080724876 0.8083700440528634 0.05271828665568369 0.004405286343612335
0 0.08072487644151564 0.8069016152716594 0.029654036243822075 0.004405286343612335
0 0.17957166392092258 0.8002936857562408 0.006589785831960461 0.002936857562408223
0 0.16474464579901152 0.7907488986784141 0.006589785831960461 0.0014684287812041115
0 0.1515650741350906 0.7907488986784141 0.0032948929159802307 0.0014684287812041115
0 0.1812191103789127 0.7907488986784141 0.009884678747940691 0.004405286343612335
0 0.10955518945634267 0.7900146842878121 0.051070840197693576 0.002936857562408223
0 0.1902800658978583 0.7834067547723935 0.054365733113673806 0.004405286343612335
0 0.1985172981878089 0.7745961820851689 0.004942339373970346 0.0014684287812041115
0 0.16474464579901152 0.7745961820851689 0.009884678747940691 0.0014684287812041115
0 0.17957166392092258 0.7745961820851689 0.009884678747940691 0.004405286343612335
0 0.12602965403624383 0.7731277533039648 0.004942339373970346 0.0014684287812041115
0 0.1070840197693575 0.7731277533039648 0.0032948929159802307 0.0014684287812041115
0 0.0914332784184514 0.7723935389133627 0.0214168039538715 0.002936857562408223
0 0.18039538714991762 0.7665198237885462 0.004942339373970346 0.002936857562408223
0 0.6079077429983526 0.7650513950073421 0.023064250411861616 0.005873715124816446
0 0.18039538714991762 0.7577092511013216 0.008237232289950576 0.002936857562408223
0 0.15733113673805602 0.7569750367107195 0.008237232289950576 0.0014684287812041115
0 0.6499176276771005 0.7555066079295154 0.004942339373970346 0.0014684287812041115
0 0.6672158154859967 0.7547723935389133 0.013179571663920923 0.002936857562408223
0 0.21499176276771004 0.7481644640234949 0.004942339373970346 0.0014684287812041115
0 0.18204283360790774 0.7481644640234949 0.008237232289950576 0.004405286343612335
0 0.17957166392092258 0.7408223201174743 0.019769357495881382 0.004405286343612335
0 0.15980230642504117 0.7400881057268722 0.009884678747940691 0.002936857562408223
0 0.11779242174629324 0.7393538913362702 0.004942339373970346 0.0014684287812041115
0 0.07660626029654036 0.737151248164464 0.03130148270181219 0.002936857562408223
0 0.7042833607907742 0.737151248164464 0.014827018121911038 0.005873715124816446
0 0.5683690280065898 0.7334801762114538 0.006589785831960461 0.0014684287812041115
0 0.1828665568369028 0.7312775330396476 0.006589785831960461 0.002936857562408223
0 0.3369028006589786 0.8259911894273128 0.6738056013179572 0.19823788546255505
0 0.23228995057660626 0.7232011747430249 0.0032948929159802307 0.0014684287812041115
0 0.18369028006589785 0.723935389133627 0.004942339373970346 0.002936857562408223
0 0.30230642504118616 0.7217327459618208 0.011532125205930808 0.0014684287812041115
0 0.24794069192751236 0.7232011747430249 0.014827018121911038 0.004405286343612335
0 0.3756177924217463 0.7217327459618208 0.11532125205930807 0.010279001468428781
0 0.18369028006589785 0.7143906020558003 0.004942339373970346 0.004405286343612335
0 0.9308072487644151 0.643906020558003 0.036243822075782535 0.08957415565345081
0 0.3624382207578254 0.6651982378854625 0.7248764415156508 0.19089574155653452
0 0.08319604612850082 0.5543318649045521 0.008237232289950576 0.0014684287812041115
0 0.4052718286655684 0.5587371512481645 0.6326194398682042 0.013215859030837005
0 0.41186161449752884 0.5418502202643172 0.6194398682042833 0.011747430249632892
0 0.09555189456342669 0.5374449339207048 0.006589785831960461 0.002936857562408223
0 0.07907742998352553 0.5359765051395007 0.016474464579901153 0.002936857562408223
0 0.400329489291598 0.5256975036710719 0.6392092257001647 0.011747430249632892
0 0.07331136738056013 0.5205580029368576 0.0016474464579901153 0.0014684287812041115
0 0.38797364085667213 0.5095447870778267 0.6672158154859967 0.014684287812041116
0 0.9242174629324547 0.4919236417033774 0.006589785831960461 0.005873715124816446
0 0.08813838550247118 0.48751835535976507 0.03130148270181219 0.002936857562408223
0 0.06342668863261944 0.486784140969163 0.011532125205930808 0.0014684287812041115
0 0.023887973640856673 0.4853157121879589 0.004942339373970346 0.0014684287812041115
0 0.9258649093904449 0.4750367107195301 0.009884678747940691 0.007342143906020558
0 0.4060955518945634 0.48384728340675476 0.6309719934102141 0.030837004405286344
0 0.013179571663920923 0.4684287812041116 0.006589785831960461 0.002936857562408223
0 0.24299835255354202 0.4397944199706314 0.1070840197693575 0.01908957415565345
0 0.9299835255354201 0.3803230543318649 0.02800658978583196 0.16740088105726872
0 0.9316309719934102 0.2922173274596182 0.011532125205930808 0.005873715124816446
0 0.36079077429983525 0.37298091042584436 0.7215815485996705 0.18502202643171806
0 0.9324546952224053 0.2753303964757709 0.013179571663920923 0.004405286343612335
0 0.7034596375617792 0.27312775330396477 0.019769357495881382 0.00881057268722467
0 0.045304777594728174 0.2687224669603524 0.018121911037891267 0.002936857562408223
0 0.9308072487644151 0.26725403817914833 0.009884678747940691 0.002936857562408223
0 0.35502471169686983 0.27165932452276065 0.5914332784184514 0.014684287812041116
0 0.9299835255354201 0.25844346549192365 0.011532125205930808 0.002936857562408223
0 0.3871499176276771 0.25477239353891334 0.6457990115321252 0.013215859030837005
0 0.9308072487644151 0.24302496328928047 0.009884678747940691 0.004405286343612335
0 0.9316309719934102 0.23494860499265785 0.008237232289950576 0.002936857562408223
0 0.7034596375617792 0.2261380323054332 0.04612850082372323 0.00881057268722467
0 0.929159802306425 0.21659324522760645 0.013179571663920923 0.004405286343612335
0 0.7611202635914333 0.20851688693098386 0.016474464579901153 0.002936857562408223
0 0.8220757825370676 0.20704845814977973 0.009884678747940691 0.002936857562408223
0 0.929159802306425 0.20704845814977973 0.013179571663920923 0.005873715124816446
0 0.7075782537067545 0.20851688693098386 0.047775947281713346 0.00881057268722467
0 0.8509060955518946 0.19897209985315711 0.008237232289950576 0.0014684287812041115
0 0.9266886326194399 0.19970631424375918 0.018121911037891267 0.005873715124816446
0 0.30724876441515653 0.19823788546255505 0.004942339373970346 0.002936857562408223
0 0.3912685337726524 0.22026431718061673 0.657331136738056 0.055800293685756244
0 0.9275123558484349 0.19016152716593246 0.013179571663920923 0.004405286343612335
0 0.07907742998352553 0.17033773861967694 0.009884678747940691 0.002936857562408223
0 0.02800658978583196 0.15198237885462554 0.0032948929159802307 0.0014684287812041115
0 0.0008237232289950577 0.044787077826725405 0.0016474464579901153 0.0014684287812041115
0 0.5667215815485996 0.016886930983847283 0.0032948929159802307 0.007342143906020558
0 0.5296540362438221 0.010279001468428781 0.0016474464579901153 0.002936857562408223
0 0.5090609555189456 0.09838472834067548 0.9818780889621087 0.19676945668135096
0 0.46375617792421747 0.008076358296622614 0.004942339373970346 0.016152716593245228
0 0.43739703459637563 0.008076358296622614 0.011532125205930808 0.016152716593245228
0 0.4200988467874794 0.008076358296622614 0.009884678747940691 0.016152716593245228
0 0.39621087314662273 0.007342143906020558 0.004942339373970346 0.014684287812041116
0 0.43245469522240526 0.01762114537444934 0.16639209225700163 0.03524229074889868
