0 0.44321329639889195 0.9385321100917431 0.7368421052631579 0.03853211009174312
0 0.5803324099722992 0.8807339449541285 0.036011080332409975 0.029357798165137616
0 0.538781163434903 0.8871559633027523 0.04709141274238227 0.045871559633027525
0 0.5484764542936288 0.865137614678899 0.01662049861495845 0.005504587155963303
0 0.6426592797783933 0.8853211009174312 0.055401662049861494 0.07522935779816514
0 0.3684210526315789 0.8825688073394495 0.27146814404432135 0.07706422018348624
0 0.20083102493074792 0.8174311926605504 0.013850415512465374 0.005504587155963303
0 0.7146814404432132 0.6834862385321101 0.01662049861495845 0.005504587155963303
0 0.7770083102493075 0.6825688073394496 0.019390581717451522 0.007339449541284404
0 0.6925207756232687 0.6743119266055045 0.00554016620498615 0.001834862385321101
0 0.7825484764542936 0.6743119266055045 0.008310249307479225 0.005504587155963303
0 0.6094182825484764 0.6412844036697247 0.01662049861495845 0.005504587155963303
0 0.5650969529085873 0.6403669724770642 0.00554016620498615 0.003669724770642202
0 0.6011080332409973 0.6247706422018349 0.038781163434903045 0.005504587155963303
0 0.5609418282548476 0.6100917431192661 0.008310249307479225 0.01651376146788991
0 0.6481994459833795 0.5944954128440367 0.1440443213296399 0.05137614678899083
0 0.8282548476454293 0.48073394495412847 0.0997229916897507 0.011009174311926606
0 0.296398891966759 0.6155963302752293 0.48753462603878117 0.4091743119266055
0 0.5207756232686981 0.21100917431192662 0.9584487534626038 0.3926605504587156
0 0.6454293628808865 0.012844036697247707 0.055401662049861494 0.025688073394495414
0 0.5914127423822715 0.0027522935779816515 0.013850415512465374 0.005504587155963303
0 0.39473684210526316 0.008256880733944955 0.21329639889196675 0.01651376146788991
