0 0.6679012345679012 0.9657039711191335 0.01728395061728395 0.010830324909747292
0 0.6135802469135803 0.9458483754512635 0.04691358024691358 0.05054151624548736
0 0.662962962962963 0.9332129963898917 0.027160493827160494 0.039711191335740074
0 0.674074074074074 0.8989169675090253 0.0049382716049382715 0.007220216606498195
0 0.645679012345679 0.8953068592057761 0.012345679012345678 0.021660649819494584
0 0.6654320987654321 0.871841155234657 0.0024691358024691358 0.0036101083032490976
0 0.6283950617283951 0.8736462093862816 0.012345679012345678 0.01444043321299639
0 0.6049382716049383 0.9007220216606499 0.02962962962962963 0.06859205776173286
0 0.5271604938271605 0.9115523465703971 0.4617283950617284 0.17689530685920576
0 0.9419753086419753 0.6949458483754513 0.022222222222222223 0.010830324909747292
0 0.937037037037037 0.6823104693140795 0.007407407407407408 0.007220216606498195
0 0.7592592592592593 0.6642599277978339 0.07160493827160494 0.24548736462093862
0 0.5950617283950618 0.5487364620938628 0.04938271604938271 0.01444043321299639
0 0.5419753086419753 0.5469314079422383 0.012345679012345678 0.010830324909747292
0 0.9666666666666667 0.6407942238267148 0.06666666666666667 0.24187725631768953
0 0.7530864197530864 0.5036101083032491 0.014814814814814815 0.061371841155234655
0 0.5 0.4043321299638989 1.0 0.7870036101083032
