0 0.6060606060606061 0.977859778597786 0.010101010101010102 0.02214022140221402
0 0.6376262626262627 0.9649446494464945 0.0025252525252525255 0.0036900369003690036
0 0.494949494949495 0.981549815498155 0.025252525252525252 0.03690036900369004
0 0.43434343434343436 0.9797047970479705 0.04040404040404041 0.04059040590405904
0 0.3787878787878788 0.9797047970479705 0.03535353535353535 0.04059040590405904
0 0.5429292929292929 0.8819188191881919 0.010101010101010102 0.007380073800738007
0 0.09722222222222222 0.8726937269372693 0.0025252525252525255 0.0036900369003690036
0 0.9810606060606061 0.8597785977859779 0.03787878787878788 0.06642066420664207
0 0.5328282828282829 0.8321033210332104 0.005050505050505051 0.01107011070110701
0 0.2676767676767677 0.8560885608856088 0.020202020202020204 0.05904059040590406
0 0.07702020202020202 0.8413284132841329 0.027777777777777776 0.04428044280442804
0 0.8320707070707071 0.8025830258302583 0.012626262626262626 0.01845018450184502
0 0.5303030303030303 0.8025830258302583 0.010101010101010102 0.025830258302583026
0 0.2689393939393939 0.8007380073800738 0.022727272727272728 0.02952029520295203
0 0.3952020202020202 0.8191881918819188 0.1893939393939394 0.13284132841328414
0 0.27146464646464646 0.7601476014760148 0.017676767676767676 0.014760147601476014
0 0.3371212121212121 0.7416974169741697 0.007575757575757576 0.007380073800738007
0 0.9974747474747475 0.7158671586715867 0.005050505050505051 0.007380073800738007
0 0.33080808080808083 0.7195571955719557 0.025252525252525252 0.014760147601476014
0 0.039141414141414144 0.7730627306273062 0.07828282828282829 0.15867158671586715
0 0.9987373737373737 0.6715867158671587 0.0025252525252525255 0.007380073800738007
0 0.2765151515151515 0.6734317343173432 0.012626262626262626 0.01107011070110701
0 0.7941919191919192 0.7785977859778598 0.12878787878787878 0.22878228782287824
0 0.9936868686868687 0.6309963099630996 0.012626262626262626 0.014760147601476014
0 0.7689393939393939 0.6309963099630996 0.012626262626262626 0.04428044280442804
0 0.7676767676767676 0.5959409594095941 0.010101010101010102 0.01845018450184502
0 0.7664141414141414 0.5738007380073801 0.007575757575757576 0.01107011070110701
0 0.9911616161616161 0.5479704797047971 0.017676767676767676 0.01107011070110701
0 0.45454545454545453 0.6771217712177122 0.16666666666666666 0.2693726937269373
0 0.007575757575757576 0.5535055350553506 0.015151515151515152 0.02214022140221402
0 0.7108585858585859 0.5129151291512916 0.012626262626262626 0.014760147601476014
0 0.4128787878787879 0.514760147601476 0.03282828282828283 0.01845018450184502
0 0.9734848484848485 0.507380073800738 0.03282828282828283 0.01107011070110701
0 0.04040404040404041 0.5202952029520295 0.03535353535353535 0.03690036900369004
0 0.47853535353535354 0.514760147601476 0.08333333333333333 0.033210332103321034
0 0.6994949494949495 0.4870848708487085 0.010101010101010102 0.007380073800738007
0 0.3068181818181818 0.5904059040590406 0.13383838383838384 0.22140221402214022
0 0.05808080808080808 0.4833948339483395 0.005050505050505051 0.007380073800738007
0 0.5303030303030303 0.4575645756457565 0.005050505050505051 0.007380073800738007
0 0.5 0.3154981549815498 1.0 0.43911439114391143
0 0.6527777777777778 0.04428044280442804 0.012626262626262626 0.007380073800738007
0 0.73989898989899 0.042435424354243544 0.0707070707070707 0.08487084870848709
0 0.6578282828282829 0.01107011070110701 0.012626262626262626 0.02214022140221402
0 0.6224747474747475 0.007380073800738007 0.007575757575757576 0.014760147601476014
0 0.5126262626262627 0.016605166051660517 0.010101010101010102 0.033210332103321034
0 0.4595959595959596 0.016605166051660517 0.06060606060606061 0.033210332103321034
0 0.3952020202020202 0.014760147601476014 0.04292929292929293 0.02952029520295203
0 0.46085858585858586 0.03690036900369004 0.2803030303030303 0.07380073800738007
