0 0.479002624671916 0.9673076923076923 0.06561679790026247 0.06538461538461539
0 0.4776902887139108 0.9365384615384615 0.010498687664041995 0.011538461538461539
0 0.3438320209973753 0.9634615384615385 0.02099737532808399 0.07307692307692308
0 0.28083989501312334 0.9615384615384616 0.047244094488188976 0.07692307692307693
0 0.22572178477690288 0.9519230769230769 0.02099737532808399 0.07307692307692308
0 0.9501312335958005 0.8326923076923077 0.09973753280839895 0.06538461538461539
0 0.9553805774278216 0.7576923076923077 0.08923884514435695 0.06153846153846154
0 0.963254593175853 0.7057692307692308 0.07349081364829396 0.019230769230769232
0 0.9606299212598425 0.6692307692307692 0.07874015748031496 0.03076923076923077
0 0.9619422572178478 0.625 0.07611548556430446 0.03461538461538462
0 0.9645669291338582 0.5826923076923077 0.05511811023622047 0.026923076923076925
0 0.9461942257217848 0.4519230769230769 0.08661417322834646 0.20384615384615384
0 0.9671916010498688 0.3211538461538462 0.01837270341207349 0.026923076923076925
0 0.9658792650918635 0.2923076923076923 0.005249343832020997 0.007692307692307693
0 0.9855643044619422 0.275 0.0026246719160104987 0.0038461538461538464
0 0.9698162729658792 0.2653846153846154 0.013123359580052493 0.03076923076923077
0 0.33070866141732286 0.1423076923076923 0.026246719160104987 0.015384615384615385
0 0.3320209973753281 0.12307692307692308 0.007874015748031496 0.007692307692307693
0 0.32545931758530183 0.10576923076923077 0.026246719160104987 0.011538461538461539
0 0.43832020997375326 0.4576923076923077 0.8766404199475065 0.8615384615384616
0 0.4776902887139108 0.0057692307692307696 0.07349081364829396 0.011538461538461539
