0 0.5956607495069034 0.9855623100303952 0.0670611439842209 0.028875379939209727
0 0.45660749506903353 0.9802431610942249 0.20315581854043394 0.03951367781155015
0 0.6489151873767258 0.9779635258358662 0.0670611439842209 0.044072948328267476
0 0.01775147928994083 0.9224924012158054 0.03550295857988166 0.05167173252279635
0 0.9960552268244576 0.8069908814589666 0.007889546351084813 0.030395136778115502
0 0.9970414201183432 0.7872340425531915 0.005917159763313609 0.00303951367781155
0 0.9970414201183432 0.7781155015197568 0.005917159763313609 0.0060790273556231
0 0.9970414201183432 0.770516717325228 0.005917159763313609 0.0060790273556231
0 0.9970414201183432 0.7613981762917933 0.005917159763313609 0.00303951367781155
0 0.9970414201183432 0.7530395136778115 0.005917159763313609 0.004559270516717325
0 0.9970414201183432 0.7446808510638298 0.005917159763313609 0.0060790273556231
0 0.9980276134122288 0.736322188449848 0.0039447731755424065 0.001519756838905775
0 0.0029585798816568047 0.5083586626139818 0.005917159763313609 0.007598784194528876
0 0.004930966469428008 0.4946808510638298 0.009861932938856016 0.016717325227963525
0 0.006903353057199211 0.44452887537993924 0.013806706114398421 0.07750759878419453
0 0.05029585798816568 0.40197568389057753 0.0019723865877712033 0.001519756838905775
0 0.07593688362919132 0.39285714285714285 0.0019723865877712033 0.001519756838905775
0 0.04142011834319527 0.38145896656534956 0.015779092702169626 0.0060790273556231
0 0.12721893491124261 0.3731003039513678 0.0019723865877712033 0.001519756838905775
0 0.07297830374753451 0.3700607902735562 0.023668639053254437 0.010638297872340425
0 0.11045364891518737 0.3548632218844985 0.011834319526627219 0.004559270516717325
0 0.07297830374753451 0.3525835866261398 0.10256410256410256 0.0486322188449848
0 0.32840236686390534 0.6382978723404256 0.6568047337278107 0.6322188449848024
0 0.027613412228796843 0.32598784194528874 0.01972386587771203 0.010638297872340425
0 0.0650887573964497 0.30927051671732525 0.03155818540433925 0.010638297872340425
0 0.02564102564102564 0.30623100303951367 0.007889546351084813 0.004559270516717325
0 0.07988165680473373 0.2948328267477204 0.005917159763313609 0.00303951367781155
0 0.10355029585798817 0.2948328267477204 0.029585798816568046 0.0060790273556231
0 0.22978303747534518 0.303951367781155 0.21499013806706113 0.030395136778115502
0 0.014792899408284023 0.2811550151975684 0.02564102564102564 0.0060790273556231
0 0.07692307692307693 0.27811550151975684 0.015779092702169626 0.0060790273556231
0 0.05818540433925049 0.27811550151975684 0.009861932938856016 0.0060790273556231
0 0.3619329388560158 0.2773556231003039 0.05325443786982249 0.007598784194528876
0 0.21104536489151873 0.2773556231003039 0.20118343195266272 0.010638297872340425
0 0.7702169625246549 0.6003039513677811 0.45956607495069035 0.662613981762918
0 0.2485207100591716 0.2629179331306991 0.20512820512820512 0.015197568389057751
0 0.41025641025641024 0.25987841945288753 0.055226824457593686 0.0121580547112462
0 0.1952662721893491 0.24772036474164133 0.1854043392504931 0.02127659574468085
0 0.007889546351084813 0.23404255319148937 0.015779092702169626 0.00911854103343465
0 0.1844181459566075 0.22948328267477203 0.1794871794871795 0.02127659574468085
0 0.004930966469428008 0.0851063829787234 0.009861932938856016 0.0121580547112462
0 0.6301775147928994 0.03875379939209726 0.0019723865877712033 0.001519756838905775
0 0.6124260355029586 0.03951367781155015 0.005917159763313609 0.00303951367781155
0 0.591715976331361 0.028875379939209727 0.007889546351084813 0.0182370820668693
0 0.4289940828402367 0.029635258358662615 0.029585798816568046 0.034954407294832825
0 0.47041420118343197 0.02735562310030395 0.03747534516765286 0.03343465045592705
0 0.6282051282051282 0.011398176291793313 0.005917159763313609 0.004559270516717325
0 0.5088757396449705 0.0243161094224924 0.01972386587771203 0.030395136778115502
0 0.6410256410256411 0.0022796352583586625 0.007889546351084813 0.004559270516717325
0 0.611439842209073 0.001519756838905775 0.007889546351084813 0.00303951367781155
0 0.5907297830374754 0.006838905775075988 0.009861932938856016 0.013677811550151976
0 0.48619329388560156 0.13905775075987842 0.9723865877712031 0.27811550151975684
