0 0.678921568627451 0.9928571428571429 0.014705882352941176 0.014285714285714285
0 0.625 0.9732142857142857 0.04411764705882353 0.05357142857142857
0 0.6740196078431373 0.9535714285714286 0.024509803921568627 0.03571428571428571
0 0.6262254901960784 0.9232142857142858 0.007352941176470588 0.0035714285714285713
0 0.6556372549019608 0.9214285714285714 0.012254901960784314 0.014285714285714285
0 0.6115196078431373 0.9267857142857143 0.01715686274509804 0.060714285714285714
0 0.6397058823529411 0.8982142857142857 0.00980392156862745 0.010714285714285714
0 0.46691176470588236 0.9285714285714286 0.3161764705882353 0.14285714285714285
0 0.6997549019607843 0.925 0.12990196078431374 0.15
0 0.9963235294117647 0.7767857142857143 0.007352941176470588 0.010714285714285714
0 0.9693627450980392 0.7589285714285714 0.02696078431372549 0.010714285714285714
0 0.9963235294117647 0.7571428571428571 0.007352941176470588 0.014285714285714285
0 0.9963235294117647 0.7125 0.007352941176470588 0.0035714285714285713
0 0.5600490196078431 0.6839285714285714 0.007352941176470588 0.0035714285714285713
0 0.9767156862745098 0.6732142857142858 0.04656862745098039 0.017857142857142856
0 0.5416666666666666 0.6392857142857142 0.004901960784313725 0.007142857142857143
0 0.9828431372549019 0.5732142857142857 0.024509803921568627 0.017857142857142856
0 0.7487745098039216 0.65 0.061274509803921566 0.32857142857142857
0 0.9926470588235294 0.375 0.014705882352941176 0.05714285714285714
0 0.5 0.44285714285714284 1.0 0.7714285714285715
