0 0.4498997995991984 0.996141975308642 0.018036072144288578 0.007716049382716049
0 0.36773547094188375 0.996141975308642 0.03006012024048096 0.007716049382716049
0 0.5571142284569138 0.9930555555555556 0.06412825651302605 0.013888888888888888
0 0.4148296593186373 0.9876543209876543 0.20040080160320642 0.024691358024691357
0 0.6202404809619239 0.9861111111111112 0.04609218436873747 0.027777777777777776
0 0.09719438877755511 0.8973765432098766 0.01002004008016032 0.0015432098765432098
0 0.06312625250501001 0.8904320987654321 0.026052104208416832 0.006172839506172839
0 0.09819639278557114 0.8881172839506173 0.02004008016032064 0.004629629629629629
0 0.23346693386773548 0.8827160493827161 0.05410821643286573 0.006172839506172839
0 0.06813627254509018 0.878858024691358 0.02004008016032064 0.004629629629629629
0 0.6452905811623246 0.9166666666666666 0.09619238476953908 0.08641975308641975
0 0.22244488977955912 0.8734567901234568 0.01603206412825651 0.0030864197530864196
0 0.280561122244489 0.8703703703703703 0.004008016032064128 0.0030864197530864196
0 0.15430861723446893 0.8665123456790124 0.004008016032064128 0.0015432098765432098
0 0.09819639278557114 0.8688271604938271 0.07615230460921844 0.006172839506172839
0 0.18336673346693386 0.8649691358024691 0.002004008016032064 0.0015432098765432098
0 0.06813627254509018 0.8611111111111112 0.008016032064128256 0.0030864197530864196
0 0.6372745490981964 0.8611111111111112 0.10821643286573146 0.009259259259259259
0 0.1933867735470942 0.8557098765432098 0.022044088176352707 0.0015432098765432098
0 0.1312625250501002 0.8564814814814815 0.014028056112224449 0.0030864197530864196
0 0.6312625250501002 0.8518518518518519 0.04008016032064128 0.006172839506172839
0 0.6763527054108216 0.8487654320987654 0.018036072144288578 0.0030864197530864196
0 0.9889779559118237 0.8495370370370371 0.022044088176352707 0.013888888888888888
0 0.09819639278557114 0.8387345679012346 0.008016032064128256 0.0015432098765432098
0 0.06913827655310621 0.8395061728395061 0.01002004008016032 0.0030864197530864196
0 0.1432865731462926 0.8379629629629629 0.05410821643286573 0.006172839506172839
0 0.09819639278557114 0.8294753086419753 0.004008016032064128 0.0015432098765432098
0 0.06913827655310621 0.8302469135802469 0.006012024048096192 0.0030864197530864196
0 0.11923847695390781 0.8279320987654321 0.006012024048096192 0.0015432098765432098
0 0.1623246492985972 0.8271604938271605 0.07615230460921844 0.006172839506172839
0 0.13927855711422846 0.8179012345679012 0.006012024048096192 0.0030864197530864196
0 0.18537074148296592 0.8155864197530864 0.014028056112224449 0.004629629629629629
0 0.15731462925851702 0.8078703703703703 0.002004008016032064 0.0015432098765432098
0 0.13326653306613226 0.808641975308642 0.014028056112224449 0.0030864197530864196
0 0.9839679358717435 0.8217592592592593 0.03206412825651302 0.035493827160493825
0 0.19138276553106212 0.8063271604938271 0.022044088176352707 0.004629629629629629
0 0.20040080160320642 0.7854938271604939 0.008016032064128256 0.0030864197530864196
0 0.2655310621242485 0.7746913580246914 0.026052104208416832 0.0030864197530864196
0 0.2625250501002004 0.7646604938271605 0.004008016032064128 0.0015432098765432098
0 0.06012024048096192 0.7608024691358025 0.004008016032064128 0.0030864197530864196
0 0.10420841683366733 0.7592592592592593 0.004008016032064128 0.0030864197530864196
0 0.21142284569138275 0.7569444444444444 0.04208416833667335 0.004629629629629629
0 0.13226452905811623 0.6859567901234568 0.008016032064128256 0.004629629629629629
0 0.9869739478957916 0.6921296296296297 0.026052104208416832 0.05092592592592592
0 0.19138276553106212 0.6674382716049383 0.002004008016032064 0.0015432098765432098
0 0.00501002004008016 0.6743827160493827 0.01002004008016032 0.10185185185185185
0 0.08817635270541083 0.6790123456790124 0.1282565130260521 0.14814814814814814
0 0.125250501002004 0.5995370370370371 0.05410821643286573 0.004629629629629629
0 0.04008016032064128 0.6003086419753086 0.028056112224448898 0.006172839506172839
0 0.25851703406813625 0.5979938271604939 0.02004008016032064 0.004629629629629629
0 0.2124248496993988 0.5979938271604939 0.02004008016032064 0.004629629629629629
0 0.7084168336673347 0.5902777777777778 0.002004008016032064 0.0015432098765432098
0 0.1462925851703407 0.5825617283950617 0.008016032064128256 0.0015432098765432098
0 0.12424849699398798 0.5833333333333334 0.012024048096192385 0.0030864197530864196
0 0.036072144288577156 0.5833333333333334 0.01603206412825651 0.0030864197530864196
0 0.20541082164328658 0.5825617283950617 0.04208416833667335 0.004629629629629629
0 0.028056112224448898 0.5686728395061729 0.01603206412825651 0.004629629629629629
0 0.1282565130260521 0.5671296296296297 0.056112224448897796 0.004629629629629629
0 0.20641282565130262 0.5524691358024691 0.012024048096192385 0.0030864197530864196
0 0.2665330661322645 0.5516975308641975 0.04408817635270541 0.004629629629629629
0 0.7094188376753507 0.5486111111111112 0.004008016032064128 0.0015432098765432098
0 0.11422845691382766 0.5424382716049383 0.008016032064128256 0.0015432098765432098
0 0.1432865731462926 0.5416666666666666 0.014028056112224449 0.0030864197530864196
0 0.33867735470941884 0.5223765432098766 0.004008016032064128 0.0015432098765432098
0 0.017034068136272545 0.5216049382716049 0.014028056112224449 0.0030864197530864196
0 0.1462925851703407 0.5177469135802469 0.004008016032064128 0.0015432098765432098
0 0.20440881763527055 0.5146604938271605 0.004008016032064128 0.0015432098765432098
0 0.9178356713426854 0.7260802469135802 0.04408817635270541 0.42746913580246915
0 0.3697394789579158 0.7353395061728395 0.687374749498998 0.45524691358024694
0 0.09719438877755511 0.5061728395061729 0.006012024048096192 0.0030864197530864196
0 0.12124248496993988 0.5054012345679012 0.026052104208416832 0.004629629629629629
0 0.17535070140280562 0.5030864197530864 0.018036072144288578 0.0030864197530864196
0 0.20641282565130262 0.5015432098765432 0.028056112224448898 0.006172839506172839
0 0.9278557114228457 0.5015432098765432 0.02404809619238477 0.012345679012345678
0 0.45991983967935873 0.503858024691358 0.4348697394789579 0.023148148148148147
0 0.0811623246492986 0.48996913580246915 0.01002004008016032 0.007716049382716049
0 0.09418837675350701 0.48842592592592593 0.012024048096192385 0.013888888888888888
0 0.9288577154308617 0.4853395061728395 0.026052104208416832 0.010802469135802469
0 0.12324649298597194 0.4853395061728395 0.03006012024048096 0.020061728395061727
0 0.0811623246492986 0.4791666666666667 0.006012024048096192 0.007716049382716049
0 0.1312625250501002 0.4699074074074074 0.002004008016032064 0.0015432098765432098
0 0.280561122244489 0.44598765432098764 0.004008016032064128 0.0030864197530864196
0 0.18537074148296592 0.4591049382716049 0.050100200400801605 0.06944444444444445
0 0.9929859719438878 0.4220679012345679 0.014028056112224449 0.047839506172839504
0 0.20340681362725452 0.3881172839506173 0.018036072144288578 0.007716049382716049
0 0.43887775551102204 0.38040123456790126 0.004008016032064128 0.0015432098765432098
0 0.45791583166332667 0.36651234567901236 0.04609218436873747 0.007716049382716049
0 0.49599198396793587 0.3618827160493827 0.006012024048096192 0.004629629629629629
0 0.5120240480961924 0.3595679012345679 0.01002004008016032 0.006172839506172839
0 0.15130260521042085 0.35108024691358025 0.002004008016032064 0.0015432098765432098
0 0.4789579158316633 0.3433641975308642 0.07214428857715431 0.010802469135802469
0 0.40180360721442887 0.41898148148148145 0.56312625250501 0.16820987654320987
0 0.9318637274549099 0.404320987654321 0.028056112224448898 0.1419753086419753
0 0.050100200400801605 0.4228395061728395 0.10020040080160321 0.17901234567901234
0 0.44589178356713427 0.3248456790123457 0.018036072144288578 0.007716049382716049
0 0.1342685370741483 0.32253086419753085 0.004008016032064128 0.0030864197530864196
0 0.5661322645290581 0.32330246913580246 0.050100200400801605 0.007716049382716049
0 0.4939879759519038 0.32330246913580246 0.06212424849699399 0.007716049382716049
0 0.17334669338677355 0.32098765432098764 0.006012024048096192 0.0030864197530864196
0 0.07314629258517034 0.32175925925925924 0.01002004008016032 0.004629629629629629
0 0.056112224448897796 0.32098765432098764 0.004008016032064128 0.0030864197530864196
0 0.20240480961923848 0.32175925925925924 0.04008016032064128 0.007716049382716049
0 0.045090180360721446 0.32021604938271603 0.01002004008016032 0.004629629629629629
0 0.35070140280561124 0.32253086419753085 0.13226452905811623 0.012345679012345678
0 0.023046092184368736 0.3194444444444444 0.03006012024048096 0.006172839506172839
0 0.2625250501002004 0.3055555555555556 0.012024048096192385 0.0030864197530864196
0 0.24148296593186372 0.3055555555555556 0.022044088176352707 0.0030864197530864196
0 0.12625250501002003 0.3055555555555556 0.012024048096192385 0.0030864197530864196
0 0.6162324649298597 0.30632716049382713 0.15831663326653306 0.007716049382716049
0 0.4529058116232465 0.30632716049382713 0.036072144288577156 0.007716049382716049
0 0.17935871743486975 0.30632716049382713 0.08617234468937876 0.007716049382716049
0 0.3456913827655311 0.30632716049382713 0.1462925851703407 0.010802469135802469
0 0.9338677354709419 0.3132716049382716 0.02404809619238477 0.027777777777777776
0 0.26753507014028055 0.29012345679012347 0.018036072144288578 0.0030864197530864196
0 0.17835671342685372 0.2908950617283951 0.04008016032064128 0.004629629629629629
0 0.9348697394789579 0.29012345679012347 0.022044088176352707 0.009259259259259259
0 0.3496993987975952 0.28935185185185186 0.1342685370741483 0.007716049382716049
0 0.10020040080160321 0.28703703703703703 0.036072144288577156 0.006172839506172839
0 0.04008016032064128 0.28703703703703703 0.052104208416833664 0.006172839506172839
0 0.47995991983967934 0.2862654320987654 0.08617234468937876 0.007716049382716049
0 0.6122244488977956 0.2847222222222222 0.1462925851703407 0.007716049382716049
0 0.996993987975952 0.27237654320987653 0.006012024048096192 0.004629629629629629
0 0.935871743486974 0.27391975308641975 0.02404809619238477 0.010802469135802469
0 0.46593186372745493 0.26851851851851855 0.014028056112224449 0.006172839506172839
0 0.44188376753507014 0.2692901234567901 0.01002004008016032 0.007716049382716049
0 0.2775551102204409 0.27314814814814814 0.2785571142284569 0.015432098765432098
0 0.5861723446893787 0.2692901234567901 0.09018036072144289 0.010802469135802469
0 0.48597194388777554 0.26697530864197533 0.014028056112224449 0.006172839506172839
0 0.10420841683366733 0.2631172839506173 0.012024048096192385 0.004629629629629629
0 0.036072144288577156 0.2646604938271605 0.03206412825651302 0.007716049382716049
0 0.07915831663326653 0.2638888888888889 0.022044088176352707 0.009259259259259259
0 0.5991983967935872 0.2492283950617284 0.004008016032064128 0.0015432098765432098
0 0.5671342685370742 0.2507716049382716 0.04809619238476954 0.007716049382716049
0 0.2665330661322645 0.25540123456790126 0.30060120240480964 0.016975308641975308
0 0.935871743486974 0.25462962962962965 0.02404809619238477 0.018518518518518517
0 0.03507014028056112 0.24614197530864199 0.03006012024048096 0.010802469135802469
0 0.93687374749499 0.23919753086419754 0.022044088176352707 0.009259259259259259
0 0.9328657314629258 0.23148148148148148 0.006012024048096192 0.0030864197530864196
0 0.5781563126252505 0.23070987654320987 0.018036072144288578 0.004629629629629629
0 0.23446893787575152 0.23842592592592593 0.36472945891783565 0.023148148148148147
0 0.7354709418837675 0.22762345679012347 0.028056112224448898 0.004629629629629629
0 0.5731462925851704 0.22685185185185186 0.052104208416833664 0.015432098765432098
0 0.7985971943887775 0.2191358024691358 0.006012024048096192 0.0030864197530864196
0 0.996993987975952 0.13734567901234568 0.006012024048096192 0.015432098765432098
0 0.593186372745491 0.04243827160493827 0.004008016032064128 0.0015432098765432098
0 0.5721442885771543 0.03009259259259259 0.006012024048096192 0.010802469135802469
0 0.5721442885771543 0.008487654320987654 0.006012024048096192 0.007716049382716049
0 0.5901803607214429 0.0023148148148148147 0.01002004008016032 0.004629629629629629
0 0.47995991983967934 0.11651234567901235 0.9478957915831663 0.2330246913580247
