0 0.5422832980972516 0.9875444839857651 0.023255813953488372 0.02491103202846975
0 0.5169133192389006 0.9786476868327402 0.006342494714587738 0.0071174377224199285
0 0.5010570824524313 0.9875444839857651 0.016913319238900635 0.02491103202846975
0 0.41331923890063427 0.9839857651245552 0.019027484143763214 0.03202846975088968
0 0.37420718816067655 0.9804270462633452 0.042283298097251586 0.03914590747330961
0 0.3276955602536998 0.9804270462633452 0.021141649048625793 0.03914590747330961
0 0.507399577167019 0.604982206405694 0.9640591966173362 0.6334519572953736
0 0.507399577167019 0.27402135231316727 0.9471458773784355 0.042704626334519574
0 0.1321353065539112 0.2508896797153025 0.20507399577167018 0.017793594306049824
0 0.6162790697674418 0.23843416370106763 0.733615221987315 0.03558718861209965
0 0.13424947145877378 0.21708185053380782 0.20507399577167018 0.021352313167259787
0 0.07822410147991543 0.20106761565836298 0.004228329809725159 0.0035587188612099642
0 0.14904862579281183 0.18149466192170818 0.23044397463002114 0.028469750889679714
0 0.620507399577167 0.19395017793594305 0.7293868921775899 0.07473309608540925
0 0.23361522198731502 0.14056939501779359 0.39957716701902746 0.02491103202846975
0 0.7145877378435518 0.13701067615658363 0.5369978858350951 0.03202846975088968
0 0.5063424947145877 0.05871886120996441 0.9534883720930233 0.11743772241992882
