0 0.4619140625 0.9802631578947368 0.005859375 0.006578947368421052
0 0.4853515625 0.975328947368421 0.025390625 0.023026315789473683
0 0.4658203125 0.9654605263157895 0.009765625 0.009868421052631578
0 0.23828125 0.9703947368421053 0.44140625 0.05921052631578947
0 0.486328125 0.9407894736842105 0.0234375 0.019736842105263157
0 0.462890625 0.9292763157894737 0.0078125 0.009868421052631578
0 0.44921875 0.9506578947368421 0.01953125 0.05263157894736842
0 0.3662109375 0.9375 0.017578125 0.046052631578947366
0 0.330078125 0.9276315789473685 0.0390625 0.05263157894736842
0 0.287109375 0.9226973684210527 0.01953125 0.049342105263157895
0 0.9609375 0.5805921052631579 0.078125 0.6546052631578947
0 0.4599609375 0.5657894736842105 0.892578125 0.6513157894736842
0 0.9599609375 0.23684210526315788 0.080078125 0.019736842105263157
0 0.654296875 0.23355263157894737 0.49609375 0.019736842105263157
0 0.376953125 0.22697368421052633 0.0390625 0.006578947368421052
0 0.1845703125 0.21710526315789475 0.337890625 0.019736842105263157
0 0.9609375 0.20888157894736842 0.078125 0.01644736842105263
0 0.4609375 0.19736842105263158 0.88671875 0.039473684210526314
0 0.9609375 0.17927631578947367 0.078125 0.029605263157894735
0 0.0380859375 0.16611842105263158 0.033203125 0.009868421052631578
0 0.4609375 0.16447368421052633 0.8828125 0.046052631578947366
0 0.9599609375 0.14309210526315788 0.080078125 0.03618421052631579
0 0.4599609375 0.1299342105263158 0.884765625 0.049342105263157895
0 0.458984375 0.05756578947368421 0.88671875 0.11513157894736842
