0 0.7616438356164383 0.9899598393574297 0.005479452054794521 0.012048192771084338
0 0.6123287671232877 0.9859437751004017 0.030136986301369864 0.028112449799196786
0 0.5835616438356165 0.9859437751004017 0.01643835616438356 0.028112449799196786
0 0.5424657534246575 0.9859437751004017 0.01643835616438356 0.028112449799196786
0 0.5054794520547945 0.9859437751004017 0.024657534246575342 0.028112449799196786
0 0.7849315068493151 0.9779116465863453 0.024657534246575342 0.03614457831325301
0 0.7506849315068493 0.9678714859437751 0.010958904109589041 0.01606425702811245
0 0.7219178082191781 0.9799196787148594 0.019178082191780823 0.040160642570281124
0 0.0547945205479452 0.857429718875502 0.07123287671232877 0.012048192771084338
0 0.049315068493150684 0.8353413654618473 0.010958904109589041 0.008032128514056224
0 0.052054794520547946 0.8092369477911646 0.09315068493150686 0.03614457831325301
0 0.01643835616438356 0.7951807228915663 0.010958904109589041 0.008032128514056224
0 0.0821917808219178 0.7730923694779116 0.005479452054794521 0.004016064257028112
0 0.036986301369863014 0.7751004016064257 0.07397260273972603 0.01606425702811245
0 0.236986301369863 0.751004016064257 0.0136986301369863 0.008032128514056224
0 0.2356164383561644 0.7269076305220884 0.010958904109589041 0.008032128514056224
0 0.07808219178082192 0.7269076305220884 0.0136986301369863 0.008032128514056224
0 0.03424657534246575 0.7289156626506024 0.0684931506849315 0.020080321285140562
0 0.0273972602739726 0.7048192771084337 0.005479452054794521 0.004016064257028112
0 0.5616438356164384 0.6967871485943775 0.005479452054794521 0.004016064257028112
0 0.03561643835616438 0.6907630522088354 0.07123287671232877 0.0321285140562249
0 0.021917808219178082 0.6405622489959839 0.043835616438356165 0.012048192771084338
0 0.4931506849315068 0.6325301204819277 0.005479452054794521 0.004016064257028112
0 0.40684931506849314 0.6224899598393574 0.00821917808219178 0.008032128514056224
0 0.30684931506849317 0.6204819277108434 0.005479452054794521 0.004016064257028112
0 0.3232876712328767 0.6184738955823293 0.005479452054794521 0.008032128514056224
0 0.057534246575342465 0.5943775100401606 0.11506849315068493 0.040160642570281124
0 0.39315068493150684 0.5823293172690763 0.07945205479452055 0.024096385542168676
0 0.024657534246575342 0.5502008032128514 0.049315068493150684 0.008032128514056224
0 0.42054794520547945 0.5220883534136547 0.00821917808219178 0.008032128514056224
0 0.3726027397260274 0.5220883534136547 0.0273972602739726 0.008032128514056224
0 0.4849315068493151 0.5220883534136547 0.06027397260273973 0.01606425702811245
0 0.026027397260273973 0.5180722891566265 0.052054794520547946 0.008032128514056224
0 0.14931506849315068 0.5321285140562249 0.0136986301369863 0.05220883534136546
0 0.08082191780821918 0.4859437751004016 0.019178082191780823 0.008032128514056224
0 0.031506849315068496 0.4879518072289157 0.06301369863013699 0.020080321285140562
0 0.21780821917808219 0.5843373493975904 0.16164383561643836 0.24497991967871485
0 0.43424657534246575 0.4759036144578313 0.1506849315068493 0.03614457831325301
0 0.26164383561643834 0.463855421686747 0.0136986301369863 0.012048192771084338
0 0.024657534246575342 0.4497991967871486 0.049315068493150684 0.024096385542168676
0 0.0958904109589041 0.40562248995983935 0.0273972602739726 0.01606425702811245
0 0.0273972602739726 0.4036144578313253 0.0547945205479452 0.028112449799196786
0 0.026027397260273973 0.35542168674698793 0.052054794520547946 0.028112449799196786
0 0.024657534246575342 0.3092369477911647 0.049315068493150684 0.01606425702811245
0 0.0958904109589041 0.21887550200803213 0.0547945205479452 0.12449799196787148
0 0.0273972602739726 0.1827309236947791 0.0547945205479452 0.19678714859437751
0 0.5698630136986301 0.4819277108433735 0.8602739726027397 0.8353413654618473
0 0.7849315068493151 0.018072289156626505 0.08493150684931507 0.03614457831325301
0 0.6452054794520548 0.008032128514056224 0.0136986301369863 0.01606425702811245
0 0.6013698630136987 0.010040160642570281 0.019178082191780823 0.020080321285140562
0 0.5575342465753425 0.010040160642570281 0.019178082191780823 0.020080321285140562
