0 0.75 0.9959677419354839 0.008287292817679558 0.008064516129032258
0 0.5870165745856354 0.9778225806451613 0.024861878453038673 0.04435483870967742
0 0.537292817679558 0.9778225806451613 0.052486187845303865 0.04435483870967742
0 0.47513812154696133 0.9778225806451613 0.03314917127071823 0.04435483870967742
0 0.6919889502762431 0.9737903225806451 0.013812154696132596 0.05241935483870968
0 0.755524861878453 0.9536290322580645 0.019337016574585635 0.020161290322580645
0 0.7196132596685083 0.9455645161290323 0.0027624309392265192 0.004032258064516129
0 0.4558011049723757 0.844758064516129 0.0055248618784530384 0.004032258064516129
0 0.143646408839779 0.8387096774193549 0.03867403314917127 0.008064516129032258
0 0.058011049723756904 0.8366935483870968 0.03314917127071823 0.012096774193548387
0 0.4088397790055249 0.8286290322580645 0.03314917127071823 0.012096774193548387
0 0.5345303867403315 0.8044354838709677 0.0027624309392265192 0.004032258064516129
0 0.05662983425414365 0.7983870967741935 0.013812154696132596 0.008064516129032258
0 0.04696132596685083 0.7520161290322581 0.011049723756906077 0.012096774193548387
0 0.04419889502762431 0.7096774193548387 0.011049723756906077 0.016129032258064516
0 0.12430939226519337 0.6451612903225806 0.022099447513812154 0.056451612903225805
0 0.04143646408839779 0.6229838709677419 0.016574585635359115 0.012096774193548387
0 0.3687845303867403 0.5625 0.008287292817679558 0.004032258064516129
0 0.3301104972375691 0.5645161290322581 0.024861878453038673 0.016129032258064516
0 0.2223756906077348 0.5584677419354839 0.052486187845303865 0.036290322580645164
0 0.15469613259668508 0.5604838709677419 0.08287292817679558 0.04838709677419355
0 0.03867403314917127 0.5645161290322581 0.07734806629834254 0.06451612903225806
0 0.18370165745856354 0.5181451612903226 0.013812154696132596 0.012096774193548387
0 0.006906077348066298 0.5201612903225806 0.013812154696132596 0.016129032258064516
0 0.23204419889502761 0.5080645161290323 0.011049723756906077 0.024193548387096774
0 0.18370165745856354 0.5020161290322581 0.013812154696132596 0.012096774193548387
0 0.15331491712707182 0.5100806451612904 0.019337016574585635 0.028225806451612902
0 0.0055248618784530384 0.4899193548387097 0.011049723756906077 0.012096774193548387
0 0.13259668508287292 0.4576612903225806 0.03867403314917127 0.012096774193548387
0 0.009668508287292817 0.4576612903225806 0.019337016574585635 0.020161290322580645
0 0.457182320441989 0.44556451612903225 0.0027624309392265192 0.004032258064516129
0 0.425414364640884 0.4475806451612903 0.027624309392265192 0.008064516129032258
0 0.40193370165745856 0.4475806451612903 0.013812154696132596 0.008064516129032258
0 0.006906077348066298 0.4213709677419355 0.013812154696132596 0.020161290322580645
0 0.05110497237569061 0.3709677419354839 0.013812154696132596 0.008064516129032258
0 0.008287292817679558 0.37298387096774194 0.016574585635359115 0.020161290322580645
0 0.004143646408839779 0.32661290322580644 0.008287292817679558 0.008064516129032258
0 0.006906077348066298 0.2056451612903226 0.013812154696132596 0.0967741935483871
0 0.5538674033149171 0.4536290322580645 0.8922651933701657 0.7943548387096774
0 0.761049723756906 0.010080645161290322 0.019337016574585635 0.020161290322580645
0 0.7196132596685083 0.012096774193548387 0.04696132596685083 0.024193548387096774
0 0.5538674033149171 0.004032258064516129 0.008287292817679558 0.008064516129032258
0 0.5124309392265194 0.0020161290322580645 0.0027624309392265192 0.004032258064516129
