0 0.4166666666666667 0.9942084942084942 0.007936507936507936 0.011583011583011582
0 0.7275132275132276 0.9826254826254827 0.005291005291005291 0.011583011583011582
0 0.6904761904761905 0.9864864864864865 0.037037037037037035 0.02702702702702703
0 0.656084656084656 0.9826254826254827 0.010582010582010581 0.019305019305019305
0 0.44047619047619047 0.9671814671814671 0.018518518518518517 0.06563706563706563
0 0.5436507936507936 0.9652509652509652 0.023809523809523808 0.0694980694980695
0 0.5066137566137566 0.9652509652509652 0.018518518518518517 0.0694980694980695
0 0.4748677248677249 0.9652509652509652 0.018518518518518517 0.0694980694980695
0 0.7235449735449735 0.9285714285714286 0.0026455026455026454 0.003861003861003861
0 0.656084656084656 0.9459459459459459 0.010582010582010581 0.03861003861003861
0 0.32936507936507936 0.7934362934362934 0.0026455026455026454 0.003861003861003861
0 0.4007936507936508 0.7876447876447876 0.0291005291005291 0.007722007722007722
0 0.01455026455026455 0.8166023166023166 0.0291005291005291 0.08108108108108109
0 0.4748677248677249 0.722007722007722 0.013227513227513227 0.007722007722007722
0 0.4775132275132275 0.6988416988416989 0.007936507936507936 0.007722007722007722
0 0.5357142857142857 0.6737451737451737 0.013227513227513227 0.011583011583011582
0 0.5343915343915344 0.6544401544401545 0.010582010582010581 0.011583011583011582
0 0.015873015873015872 0.6196911196911197 0.031746031746031744 0.20463320463320464
0 0.5251322751322751 0.6640926640926641 0.9497354497354498 0.3938223938223938
0 0.5 0.26833976833976836 1.0 0.444015444015444
