0 0.7299465240641712 0.974609375 0.026737967914438502 0.05078125
0 0.7032085561497327 0.958984375 0.0213903743315508 0.02734375
0 0.44919786096256686 0.966796875 0.0481283422459893 0.06640625
0 0.5093582887700535 0.96484375 0.05614973262032086 0.0703125
0 0.5574866310160428 0.962890625 0.029411764705882353 0.07421875
0 0.7219251336898396 0.931640625 0.0374331550802139 0.01953125
0 0.6711229946524064 0.953125 0.03208556149732621 0.09375
0 0.6925133689839572 0.91015625 0.0106951871657754 0.015625
0 0.9772727272727273 0.779296875 0.045454545454545456 0.05859375
0 0.37566844919786097 0.744140625 0.008021390374331552 0.01953125
0 0.08021390374331551 0.7265625 0.0053475935828877 0.0078125
0 0.36764705882352944 0.71875 0.01871657754010695 0.0234375
0 0.1497326203208556 0.71875 0.0213903743315508 0.03125
0 0.9959893048128342 0.6875 0.008021390374331552 0.0078125
0 0.15641711229946523 0.681640625 0.029411764705882353 0.03515625
0 0.0855614973262032 0.599609375 0.0053475935828877 0.00390625
0 0.9973262032085561 0.59765625 0.0053475935828877 0.0078125
0 0.08689839572192513 0.728515625 0.17379679144385027 0.30859375
0 0.9852941176470589 0.5625 0.029411764705882353 0.015625
0 0.9812834224598931 0.453125 0.0374331550802139 0.1640625
0 0.4612299465240642 0.140625 0.02406417112299465 0.015625
0 0.5467914438502673 0.134765625 0.034759358288770054 0.03515625
0 0.4585561497326203 0.10546875 0.013368983957219251 0.015625
0 0.5481283422459893 0.09375 0.026737967914438502 0.03125
0 0.5147058823529411 0.080078125 0.008021390374331552 0.01171875
0 0.5 0.44921875 1.0 0.84375
