0 0.592296511627907 0.9973204715969989 0.0014534883720930232 0.0010718113612004287
0 0.49273255813953487 0.9983922829581994 0.005813953488372093 0.003215434083601286
0 0.42441860465116277 0.9983922829581994 0.005813953488372093 0.003215434083601286
0 0.4484011627906977 0.9978563772775991 0.007267441860465116 0.004287245444801715
0 0.5763081395348837 0.9930332261521972 0.0014534883720930232 0.0010718113612004287
0 0.3168604651162791 0.9137191854233655 0.0029069767441860465 0.0053590568060021436
0 0.10465116279069768 0.909967845659164 0.005813953488372093 0.0021436227224008574
0 0.07267441860465117 0.9019292604501608 0.0029069767441860465 0.0010718113612004287
0 0.3125 0.9003215434083601 0.00872093023255814 0.004287245444801715
0 0.936046511627907 0.8896034297963559 0.005813953488372093 0.0021436227224008574
0 0.6424418604651163 0.9260450160771704 0.7151162790697675 0.07502679528403002
0 0.9469476744186046 0.8885316184351554 0.01308139534883721 0.0021436227224008574
0 0.09084302325581395 0.9222936763129689 0.1816860465116279 0.07609860664523044
0 0.027616279069767442 0.8772775991425509 0.02616279069767442 0.011789924973204717
0 0.9600290697674418 0.8612004287245445 0.0014534883720930232 0.0010718113612004287
0 0.9498546511627907 0.8617363344051447 0.00436046511627907 0.0021436227224008574
0 0.02688953488372093 0.8644158628081458 0.027616279069767442 0.011789924973204717
0 0.9883720930232558 0.8547695605573419 0.0029069767441860465 0.0010718113612004287
0 0.023982558139534885 0.8510182207931404 0.027616279069767442 0.010718113612004287
0 0.9883720930232558 0.8419078242229368 0.00872093023255814 0.0010718113612004287
0 0.9869186046511628 0.8295819935691319 0.0029069767441860465 0.0021436227224008574
0 0.020348837209302327 0.8311897106109325 0.02616279069767442 0.02465166130760986
0 0.9912790697674418 0.8161843515541265 0.0029069767441860465 0.0010718113612004287
0 0.016715116279069766 0.8156484458735263 0.00436046511627907 0.0021436227224008574
0 0.07485465116279069 0.8033226152197214 0.0014534883720930232 0.0010718113612004287
0 0.9905523255813954 0.8027867095391211 0.00436046511627907 0.0021436227224008574
0 0.1744186046511628 0.7995712754555199 0.011627906976744186 0.004287245444801715
0 0.06322674418604651 0.7942122186495176 0.0014534883720930232 0.0021436227224008574
0 0.0501453488372093 0.7829581993569131 0.010174418604651164 0.007502679528403001
0 0.10392441860465117 0.7588424437299035 0.0014534883720930232 0.0021436227224008574
0 0.04505813953488372 0.7486602357984995 0.005813953488372093 0.003215434083601286
0 0.4803779069767442 0.7433011789924974 0.00436046511627907 0.0010718113612004287
0 0.023255813953488372 0.7759914255091104 0.046511627906976744 0.06645230439442658
0 0.5508720930232558 0.7390139335476956 0.011627906976744186 0.003215434083601286
0 0.8335755813953488 0.7304394426580921 0.007267441860465116 0.003215434083601286
0 0.565406976744186 0.7320471596998929 0.029069767441860465 0.00857449088960343
0 0.27252906976744184 0.7282958199356914 0.00436046511627907 0.0010718113612004287
0 0.561046511627907 0.72508038585209 0.0029069767441860465 0.0010718113612004287
0 0.8292151162790697 0.722400857449089 0.007267441860465116 0.0021436227224008574
0 0.9469476744186046 0.7213290460878885 0.00436046511627907 0.0021436227224008574
0 0.6511627906976745 0.7191854233654876 0.0029069767441860465 0.0021436227224008574
0 0.9534883720930233 0.7154340836012861 0.0029069767441860465 0.0010718113612004287
0 0.9636627906976745 0.7143622722400857 0.0029069767441860465 0.0010718113612004287
0 0.47747093023255816 0.7132904608788854 0.0014534883720930232 0.0010718113612004287
0 0.6933139534883721 0.7111468381564845 0.014534883720930232 0.00964630225080386
0 0.9542151162790697 0.7036441586280815 0.00436046511627907 0.0010718113612004287
0 0.9447674418604651 0.7047159699892819 0.00872093023255814 0.003215434083601286
0 0.9636627906976745 0.702572347266881 0.0029069767441860465 0.0010718113612004287
0 0.6293604651162791 0.7920685959271169 0.7412790697674418 0.19721329046087888
0 0.8226744186046512 0.6961414790996785 0.011627906976744186 0.007502679528403001
0 0.9651162790697675 0.6907824222936764 0.0029069767441860465 0.0010718113612004287
0 0.8946220930232558 0.7181136120042872 0.12063953488372094 0.055734190782422297
0 0.7231104651162791 0.6907824222936764 0.007267441860465116 0.0053590568060021436
0 0.9353197674418605 0.6897106109324759 0.030523255813953487 0.007502679528403001
0 0.659156976744186 0.6881028938906752 0.007267441860465116 0.006430868167202572
0 0.9476744186046512 0.6838156484458735 0.0029069767441860465 0.0021436227224008574
0 0.626453488372093 0.6859592711682744 0.00872093023255814 0.006430868167202572
0 0.8066860465116279 0.6661307609860665 0.0029069767441860465 0.0010718113612004287
0 0.6780523255813954 0.6591639871382636 0.007267441860465116 0.004287245444801715
0 0.6199127906976745 0.6618435155412647 0.01308139534883721 0.00964630225080386
0 0.6976744186046512 0.6613076098606645 0.020348837209302327 0.010718113612004287
0 0.5864825581395349 0.6596998928188639 0.01308139534883721 0.00964630225080386
0 0.6606104651162791 0.6586280814576635 0.015988372093023256 0.013933547695605574
0 0.08357558139534883 0.6543408360128617 0.00436046511627907 0.0053590568060021436
0 0.7550872093023255 0.6489817792068596 0.00436046511627907 0.003215434083601286
0 0.1373546511627907 0.6516613076098606 0.007267441860465116 0.00857449088960343
0 0.06613372093023256 0.6446945337620579 0.010174418604651164 0.0053590568060021436
0 0.5792151162790697 0.6361200428724545 0.01308139534883721 0.007502679528403001
0 0.056686046511627904 0.6355841371918542 0.005813953488372093 0.006430868167202572
0 0.6526162790697675 0.6345123258306538 0.02616279069767442 0.012861736334405145
0 0.6206395348837209 0.6339764201500536 0.020348837209302327 0.011789924973204717
0 0.5501453488372093 0.6329046087888531 0.01308139534883721 0.00964630225080386
0 0.08938953488372094 0.6259378349410504 0.007267441860465116 0.0021436227224008574
0 0.0436046511627907 0.6254019292604501 0.014534883720930232 0.007502679528403001
0 0.07776162790697674 0.6189710610932476 0.00436046511627907 0.003215434083601286
0 0.1308139534883721 0.6168274383708467 0.005813953488372093 0.0053590568060021436
0 0.03561046511627907 0.6152197213290461 0.00436046511627907 0.004287245444801715
0 0.18313953488372092 0.612540192926045 0.005813953488372093 0.007502679528403001
0 0.061046511627906974 0.6087888531618435 0.0029069767441860465 0.0021436227224008574
0 0.5428779069767442 0.6077170418006431 0.015988372093023256 0.012861736334405145
0 0.5116279069767442 0.6061093247588425 0.011627906976744186 0.00964630225080386
0 0.7260174418604651 0.6495176848874598 0.1613372093023256 0.10503751339764202
0 0.05159883720930233 0.5996784565916399 0.00436046511627907 0.0053590568060021436
0 0.15334302325581395 0.5959271168274384 0.007267441860465116 0.012861736334405145
0 0.03924418604651163 0.590032154340836 0.00872093023255814 0.0053590568060021436
0 0.125 0.582529474812433 0.005813953488372093 0.0053590568060021436
0 0.07122093023255814 0.5830653804930332 0.005813953488372093 0.006430868167202572
0 0.029069767441860465 0.579849946409432 0.0029069767441860465 0.0021436227224008574
0 0.5058139534883721 0.5809217577706324 0.01744186046511628 0.012861736334405145
0 0.47674418604651164 0.579849946409432 0.011627906976744186 0.010718113612004287
0 0.45421511627906974 0.5760986066452305 0.00436046511627907 0.003215434083601286
0 0.5436046511627907 0.5803858520900321 0.023255813953488372 0.013933547695605574
0 0.056686046511627904 0.5734190782422294 0.00872093023255814 0.004287245444801715
0 0.17296511627906977 0.5718113612004287 0.0029069767441860465 0.007502679528403001
0 0.016715116279069766 0.5696677384780279 0.007267441860465116 0.0053590568060021436
0 0.0188953488372093 0.6055734190782422 0.0377906976744186 0.07931404072883172
0 0.7063953488372093 0.5680600214362272 0.011627906976744186 0.006430868167202572
0 0.04505813953488372 0.5643086816720257 0.005813953488372093 0.0053590568060021436
0 0.14752906976744187 0.5627009646302251 0.007267441860465116 0.006430868167202572
0 0.6678779069767442 0.5589496248660236 0.007267441860465116 0.0053590568060021436
0 0.7049418604651163 0.5562700964630225 0.00872093023255814 0.004287245444801715
0 0.5036337209302325 0.5568060021436227 0.01308139534883721 0.007502679528403001
0 0.032703488372093026 0.5546623794212219 0.007267441860465116 0.0053590568060021436
0 0.4418604651162791 0.5535905680600214 0.011627906976744186 0.00964630225080386
0 0.470203488372093 0.5541264737406216 0.0188953488372093 0.012861736334405145
0 0.5130813953488372 0.5493033226152197 0.00872093023255814 0.0053590568060021436
0 0.06322674418604651 0.5471596998928189 0.0014534883720930232 0.003215434083601286
0 0.0029069767441860465 0.5498392282958199 0.005813953488372093 0.010718113612004287
0 0.6664244186046512 0.5434083601286174 0.01308139534883721 0.006430868167202572
0 0.050872093023255814 0.5385852090032154 0.011627906976744186 0.0053590568060021436
0 0.6286337209302325 0.5348338692390139 0.007267441860465116 0.004287245444801715
0 0.012354651162790697 0.5348338692390139 0.00436046511627907 0.006430868167202572
0 0.6642441860465116 0.5321543408360129 0.00872093023255814 0.0053590568060021436
0 0.03997093023255814 0.530010718113612 0.007267441860465116 0.0053590568060021436
0 0.4055232558139535 0.5284030010718114 0.011627906976744186 0.010718113612004287
0 0.47165697674418605 0.5278670953912111 0.024709302325581394 0.011789924973204717
0 0.43386627906976744 0.5284030010718114 0.0188953488372093 0.012861736334405145
0 0.14098837209302326 0.5257234726688103 0.00872093023255814 0.011789924973204717
0 0.07267441860465117 0.5198285101822079 0.014534883720930232 0.006430868167202572
0 0.1867732558139535 0.5171489817792069 0.00436046511627907 0.003215434083601286
0 0.02616279069767442 0.5198285101822079 0.011627906976744186 0.00857449088960343
0 0.125 0.5139335476956056 0.0029069767441860465 0.0010718113612004287
0 0.0007267441860465116 0.5139335476956056 0.0014534883720930232 0.0053590568060021436
0 0.061046511627906974 0.5123258306538049 0.00872093023255814 0.006430868167202572
0 0.6257267441860465 0.507502679528403 0.007267441860465116 0.0053590568060021436
0 0.37136627906976744 0.5042872454448017 0.007267441860465116 0.007502679528403001
0 0.04578488372093023 0.5032154340836013 0.015988372093023256 0.007502679528403001
0 0.00872093023255814 0.5005359056806002 0.0029069767441860465 0.004287245444801715
0 0.4367732558139535 0.5026795284030011 0.02180232558139535 0.010718113612004287
0 0.4011627906976744 0.5032154340836013 0.01744186046511628 0.011789924973204717
0 0.09447674418604651 0.4994640943193998 0.00872093023255814 0.006430868167202572
0 0.08502906976744186 0.4941050375133976 0.0014534883720930232 0.0021436227224008574
0 0.034156976744186045 0.49517684887459806 0.00436046511627907 0.004287245444801715
0 0.007994186046511628 0.4941050375133976 0.0014534883720930232 0.0021436227224008574
0 0.09883720930232558 0.4903536977491961 0.005813953488372093 0.0053590568060021436
0 0.14098837209302326 0.4903536977491961 0.014534883720930232 0.00964630225080386
0 0.5494186046511628 0.484994640943194 0.005813953488372093 0.003215434083601286
0 0.06468023255813954 0.4844587352625938 0.015988372093023256 0.006430868167202572
0 0.5864825581395349 0.4828510182207931 0.010174418604651164 0.0053590568060021436
0 0.33648255813953487 0.48017148981779206 0.007267441860465116 0.006430868167202572
0 0.018168604651162792 0.4828510182207931 0.01308139534883721 0.013933547695605574
0 0.1119186046511628 0.47856377277599144 0.01744186046511628 0.007502679528403001
0 0.36700581395348836 0.47856377277599144 0.015988372093023256 0.00964630225080386
0 0.40334302325581395 0.477491961414791 0.015988372093023256 0.00964630225080386
0 0.5472383720930233 0.4694533762057878 0.010174418604651164 0.004287245444801715
0 0.5377906976744186 0.5294748124330118 0.22965116279069767 0.12861736334405144
0 0.42005813953488375 0.5884244372990354 0.43023255813953487 0.2615219721329046
0 0.061046511627906974 0.462486602357985 0.12209302325581395 0.020364415862808145
0 0.34011627906976744 0.45230439442658094 0.0029069767441860465 0.0021436227224008574
0 0.3081395348837209 0.4517684887459807 0.0029069767441860465 0.0010718113612004287
0 0.4069767441860465 0.4533762057877814 0.08430232558139535 0.00857449088960343
0 0.5109011627906976 0.4442658092175777 0.0014534883720930232 0.0010718113612004287
0 0.47601744186046513 0.43890675241157556 0.00436046511627907 0.003215434083601286
0 0.44476744186046513 0.4405144694533762 0.011627906976744186 0.006430868167202572
0 0.7587209302325582 0.564844587352626 0.48255813953488375 0.2572347266881029
0 0.39898255813953487 0.439978563772776 0.04796511627906977 0.007502679528403001
0 0.21656976744186046 0.43890675241157556 0.011627906976744186 0.0053590568060021436
0 0.3074127906976744 0.42818863879957125 0.010174418604651164 0.003215434083601286
0 0.02688953488372093 0.42711682743837087 0.0014534883720930232 0.0010718113612004287
0 0.3648255813953488 0.42765273311897106 0.06686046511627906 0.006430868167202572
0 0.2376453488372093 0.42711682743837087 0.030523255813953487 0.0053590568060021436
0 0.19549418604651161 0.42711682743837087 0.0188953488372093 0.0053590568060021436
0 0.39825581395348836 0.417470525187567 0.0029069767441860465 0.0010718113612004287
0 0.1824127906976744 0.41639871382636656 0.007267441860465116 0.003215434083601286
0 0.438953488372093 0.41479099678456594 0.011627906976744186 0.004287245444801715
0 0.407703488372093 0.41639871382636656 0.01308139534883721 0.007502679528403001
0 0.07485465116279069 0.41103965702036444 0.007267441860465116 0.003215434083601286
0 0.061046511627906974 0.4105037513397642 0.011627906976744186 0.0021436227224008574
0 0.23619186046511628 0.40943193997856375 0.007267441860465116 0.0021436227224008574
0 0.21148255813953487 0.41318327974276525 0.059593023255813955 0.011789924973204717
0 0.2761627906976744 0.4046087888531618 0.0029069767441860465 0.0010718113612004287
0 0.4382267441860465 0.4003215434083601 0.007267441860465116 0.003215434083601286
0 0.23473837209302326 0.3987138263665595 0.0188953488372093 0.006430868167202572
0 0.1867732558139535 0.4008574490889603 0.07412790697674419 0.010718113612004287
0 0.27252906976744184 0.39764201500535906 0.01308139534883721 0.006430868167202572
0 0.03197674418604651 0.42229367631296894 0.06395348837209303 0.055734190782422297
0 0.35828488372093026 0.3912111468381565 0.00436046511627907 0.0021436227224008574
0 0.37209302325581395 0.3933547695605573 0.01744186046511628 0.010718113612004287
0 0.4011627906976744 0.39013933547695606 0.020348837209302327 0.006430868167202572
0 0.33502906976744184 0.36763129689174706 0.027616279069767442 0.015005359056806002
0 0.31976744186046513 0.3445873526259378 0.061046511627906974 0.020364415862808145
0 0.9992732558139535 0.05680600214362272 0.0014534883720930232 0.0021436227224008574
0 0.5 0.23258306538049303 1.0 0.4030010718113612
