0 0.4043824701195219 0.9984639016897081 0.00796812749003984 0.0030721966205837174
0 0.5219123505976095 0.9976958525345622 0.01195219123505976 0.004608294930875576
0 0.5717131474103586 0.9969278033794163 0.00796812749003984 0.006144393241167435
0 0.5448207171314741 0.9961597542242704 0.029880478087649404 0.007680491551459293
0 0.6105577689243028 0.989247311827957 0.04183266932270916 0.021505376344086023
0 0.4063745019920319 0.989247311827957 0.20717131474103587 0.021505376344086023
0 0.8346613545816733 0.8870967741935484 0.00398406374501992 0.004608294930875576
0 0.9780876494023905 0.9170506912442397 0.043824701195219126 0.09523809523809523
0 0.899402390438247 0.8701996927803379 0.013944223107569721 0.007680491551459293
0 0.897410358565737 0.8625192012288786 0.00597609561752988 0.004608294930875576
0 0.99800796812749 0.8556067588325653 0.00398406374501992 0.0030721966205837174
0 0.898406374501992 0.8548387096774194 0.00796812749003984 0.004608294930875576
0 0.8306772908366534 0.8563748079877113 0.00796812749003984 0.010752688172043012
0 0.899402390438247 0.8387096774193549 0.0099601593625498 0.0030721966205837174
0 0.8575697211155379 0.8387096774193549 0.013944223107569721 0.006144393241167435
0 0.8316733067729084 0.8394777265745008 0.013944223107569721 0.010752688172043012
0 0.8316733067729084 0.8294930875576036 0.00597609561752988 0.0030721966205837174
0 0.898406374501992 0.8218125960061444 0.00796812749003984 0.0030721966205837174
0 0.0348605577689243 0.8210445468509985 0.00199203187250996 0.0015360983102918587
0 0.8585657370517928 0.8210445468509985 0.0199203187250996 0.004608294930875576
0 0.8615537848605578 0.8125960061443932 0.0099601593625498 0.006144393241167435
0 0.898406374501992 0.8026113671274961 0.01593625498007968 0.004608294930875576
0 0.8595617529880478 0.8026113671274961 0.021912350597609563 0.007680491551459293
0 0.8316733067729084 0.8118279569892473 0.017928286852589643 0.029185867895545316
0 0.8316733067729084 0.7926267281105991 0.00597609561752988 0.0030721966205837174
0 0.8605577689243028 0.783410138248848 0.0199203187250996 0.009216589861751152
0 0.8924302788844621 0.7672811059907834 0.01195219123505976 0.010752688172043012
0 0.8615537848605578 0.7634408602150538 0.021912350597609563 0.021505376344086023
0 0.7639442231075697 0.7519201228878648 0.00597609561752988 0.004608294930875576
0 0.8774900398406374 0.7365591397849462 0.025896414342629483 0.019969278033794162
0 0.8147410358565738 0.7450076804915514 0.05179282868525897 0.0890937019969278
0 0.7788844621513944 0.6505376344086021 0.22310756972111553 0.09370199692780339
0 0.8745019920318725 0.598310291858679 0.027888446215139442 0.007680491551459293
0 0.8007968127490039 0.5890937019969278 0.00398406374501992 0.0015360983102918587
0 0.7569721115537849 0.5944700460829493 0.1394422310756972 0.015360983102918587
0 0.7808764940239044 0.5798771121351767 0.11155378486055777 0.007680491551459293
0 0.950199203187251 0.7104454685099847 0.099601593625498 0.28417818740399386
0 0.8685258964143426 0.5737327188940092 0.043824701195219126 0.019969278033794162
0 0.8595617529880478 0.5645161290322581 0.017928286852589643 0.004608294930875576
0 0.7719123505976095 0.5645161290322581 0.08167330677290836 0.004608294930875576
0 0.7221115537848606 0.5637480798771122 0.0099601593625498 0.0030721966205837174
0 0.02888446215139442 0.5345622119815668 0.00597609561752988 0.0030721966205837174
0 0.6842629482071713 0.5314900153609831 0.00597609561752988 0.0030721966205837174
0 0.7171314741035857 0.5314900153609831 0.00796812749003984 0.006144393241167435
0 0.8047808764940239 0.5299539170506913 0.1752988047808765 0.04915514592933948
0 0.027888446215139442 0.49923195084485406 0.01195219123505976 0.0030721966205837174
0 0.027888446215139442 0.4823348694316436 0.00796812749003984 0.0030721966205837174
0 0.06673306772908366 0.4608294930875576 0.00597609561752988 0.0030721966205837174
0 0.05876494023904383 0.45852534562211983 0.00199203187250996 0.0015360983102918587
0 0.07768924302788845 0.4554531490015361 0.00398406374501992 0.004608294930875576
0 0.060756972111553786 0.43701996927803377 0.00597609561752988 0.004608294930875576
0 0.03386454183266932 0.4431643625192012 0.02390438247011952 0.05683563748079877
0 0.7838645418326693 0.43317972350230416 0.21314741035856574 0.16897081413210446
0 0.48406374501992033 0.6566820276497696 0.9203187250996016 0.6159754224270353
0 0.954183266932271 0.4554531490015361 0.09163346613545817 0.21658986175115208
0 0.9671314741035857 0.3271889400921659 0.0099601593625498 0.0030721966205837174
0 0.8715139442231076 0.31105990783410137 0.045816733067729085 0.004608294930875576
0 0.8326693227091634 0.3102918586789555 0.00796812749003984 0.0030721966205837174
0 0.6832669322709163 0.3087557603686636 0.06772908366533864 0.0030721966205837174
0 0.9810756972111554 0.3087557603686636 0.037848605577689244 0.043010752688172046
0 0.7599601593625498 0.29493087557603687 0.2848605577689243 0.015360983102918587
0 0.9890438247011952 0.2834101382488479 0.021912350597609563 0.004608294930875576
0 0.8854581673306773 0.282642089093702 0.021912350597609563 0.0030721966205837174
0 0.8356573705179283 0.271889400921659 0.025896414342629483 0.0030721966205837174
0 0.7231075697211156 0.271889400921659 0.00398406374501992 0.0030721966205837174
0 0.9890438247011952 0.27342549923195086 0.021912350597609563 0.009216589861751152
0 0.8864541832669323 0.2726574500768049 0.035856573705179286 0.007680491551459293
0 0.2400398406374502 0.2665130568356375 0.00199203187250996 0.0015360983102918587
0 0.15338645418326693 0.26574500768049153 0.01593625498007968 0.0030721966205837174
0 0.13147410358565736 0.26497695852534564 0.00398406374501992 0.0015360983102918587
0 0.9910358565737052 0.2626728110599078 0.017928286852589643 0.006144393241167435
0 0.8874501992031872 0.2534562211981567 0.029880478087649404 0.0030721966205837174
0 0.8037848605577689 0.25268817204301075 0.11354581673306773 0.004608294930875576
0 0.7101593625498008 0.25268817204301075 0.05776892430278884 0.004608294930875576
0 0.7360557768924303 0.2434715821812596 0.00597609561752988 0.0015360983102918587
0 0.7250996015936255 0.2434715821812596 0.00398406374501992 0.0015360983102918587
0 0.8326693227091634 0.24423963133640553 0.14741035856573706 0.006144393241167435
0 0.5707171314741036 0.12135176651305683 0.0099601593625498 0.009216589861751152
0 0.9870517928286853 0.18509984639016897 0.025896414342629483 0.14592933947772657
0 0.5916334661354582 0.11059907834101383 0.01195219123505976 0.006144393241167435
0 0.5796812749003984 0.09831029185867896 0.00796812749003984 0.0030721966205837174
0 0.75 0.15591397849462366 0.37649402390438247 0.1490015360983103
0 0.6065737051792829 0.08448540706605223 0.017928286852589643 0.006144393241167435
0 0.47808764940239046 0.04377880184331797 0.00398406374501992 0.0015360983102918587
0 0.14043824701195218 0.12980030721966207 0.2410358565737052 0.17357910906298002
0 0.5029880478087649 0.043010752688172046 0.013944223107569721 0.006144393241167435
0 0.5029880478087649 0.030721966205837174 0.00597609561752988 0.006144393241167435
0 0.48306772908366535 0.028417818740399385 0.00597609561752988 0.007680491551459293
0 0.4601593625498008 0.023809523809523808 0.00796812749003984 0.010752688172043012
0 0.46115537848605576 0.008448540706605223 0.00597609561752988 0.010752688172043012
0 0.38147410358565736 0.018433179723502304 0.017928286852589643 0.03379416282642089
0 0.5527888446215139 0.029953917050691243 0.04183266932270916 0.059907834101382486
0 0.4820717131474104 0.0015360983102918587 0.00796812749003984 0.0030721966205837174
0 0.3436254980079681 0.016897081413210446 0.037848605577689244 0.03379416282642089
0 0.2968127490039841 0.016129032258064516 0.0199203187250996 0.03225806451612903
0 0.34462151394422313 0.026881720430107527 0.20318725099601595 0.053763440860215055
