0 0.003926701570680628 0.8969465648854962 0.007853403141361256 0.015267175572519083
0 0.19633507853403143 0.8435114503816794 0.010471204188481676 0.007633587786259542
0 0.1531413612565445 0.8225190839694656 0.002617801047120419 0.003816793893129771
0 0.002617801047120419 0.7786259541984732 0.005235602094240838 0.015267175572519083
0 0.34424083769633507 0.7519083969465649 0.007853403141361256 0.007633587786259542
0 0.03926701570680628 0.7290076335877863 0.020942408376963352 0.015267175572519083
0 0.034031413612565446 0.700381679389313 0.005235602094240838 0.003816793893129771
0 0.3285340314136126 0.6049618320610687 0.007853403141361256 0.011450381679389313
0 0.3390052356020942 0.5820610687022901 0.013089005235602094 0.011450381679389313
0 0.003926701570680628 0.5782442748091603 0.007853403141361256 0.019083969465648856
0 0.3494764397905759 0.5553435114503816 0.034031413612565446 0.011450381679389313
0 0.5130890052356021 0.75 0.9738219895287958 0.4389312977099237
0 0.5 0.32061068702290074 1.0 0.42748091603053434
0 0.7107329842931938 0.04198473282442748 0.007853403141361256 0.007633587786259542
0 0.662303664921466 0.03816793893129771 0.02617801047120419 0.022900763358778626
0 0.6387434554973822 0.03816793893129771 0.015706806282722512 0.022900763358778626
0 0.6609947643979057 0.01717557251908397 0.007853403141361256 0.011450381679389313
0 0.7120418848167539 0.007633587786259542 0.005235602094240838 0.015267175572519083
0 0.6910994764397905 0.022900763358778626 0.020942408376963352 0.04580152671755725
0 0.6348167539267016 0.0057251908396946565 0.007853403141361256 0.011450381679389313
0 0.5235602094240838 0.01717557251908397 0.010471204188481676 0.03435114503816794
0 0.47774869109947643 0.019083969465648856 0.01832460732984293 0.03816793893129771
0 0.4214659685863874 0.019083969465648856 0.05759162303664921 0.03816793893129771
