0 0.4265442404006678 0.9967320261437909 0.1986644407345576 0.006535947712418301
0 0.6260434056761269 0.9959150326797386 0.03672787979966611 0.008169934640522876
0 0.35392320534223703 0.9665032679738562 0.00667779632721202 0.004901960784313725
0 0.6619365609348915 0.9068627450980392 0.008347245409015025 0.0032679738562091504
0 0.6385642737896494 0.8978758169934641 0.005008347245409015 0.0016339869281045752
0 0.6268781302170284 0.8978758169934641 0.005008347245409015 0.0016339869281045752
0 0.5918196994991652 0.8978758169934641 0.005008347245409015 0.0016339869281045752
0 0.66110183639399 0.8970588235294118 0.00333889816360601 0.0032679738562091504
0 0.6485809682804674 0.8978758169934641 0.011686143572621035 0.004901960784313725
0 0.6101836393989983 0.8970588235294118 0.018363939899833055 0.0032679738562091504
0 0.5709515859766278 0.8978758169934641 0.03005008347245409 0.004901960784313725
0 0.5717863105175293 0.8872549019607843 0.025041736227045076 0.0032679738562091504
0 0.8380634390651085 0.8848039215686274 0.00667779632721202 0.0016339869281045752
0 0.5367278797996661 0.8880718954248366 0.028380634390651086 0.008169934640522876
0 0.9031719532554258 0.8839869281045751 0.01001669449081803 0.0032679738562091504
0 0.8472454090150251 0.8839869281045751 0.008347245409015025 0.0032679738562091504
0 0.8088480801335559 0.8848039215686274 0.038397328881469114 0.004901960784313725
0 0.8681135225375626 0.8839869281045751 0.03005008347245409 0.006535947712418301
0 0.5742904841402338 0.8774509803921569 0.01001669449081803 0.0032679738562091504
0 0.5634390651085142 0.8774509803921569 0.005008347245409015 0.0032679738562091504
0 0.8639398998330551 0.8733660130718954 0.015025041736227046 0.004901960784313725
0 0.5751252086811353 0.8676470588235294 0.005008347245409015 0.0032679738562091504
0 0.5659432387312187 0.8668300653594772 0.00333889816360601 0.0016339869281045752
0 0.5400667779632721 0.8733660130718954 0.025041736227045076 0.017973856209150325
0 0.5450751252086812 0.8578431372549019 0.011686143572621035 0.006535947712418301
0 0.5767946577629383 0.8488562091503268 0.001669449081803005 0.0016339869281045752
0 0.5475792988313857 0.8480392156862745 0.00333889816360601 0.0032679738562091504
0 0.5717863105175293 0.8374183006535948 0.025041736227045076 0.004901960784313725
0 0.6168614357262103 0.826797385620915 0.005008347245409015 0.0032679738562091504
0 0.6043405676126878 0.826797385620915 0.00667779632721202 0.0032679738562091504
0 0.5792988313856428 0.8276143790849673 0.04006677796327212 0.004901960784313725
0 0.6268781302170284 0.8259803921568627 0.005008347245409015 0.004901960784313725
0 0.6260434056761269 0.8178104575163399 0.02003338898163606 0.004901960784313725
0 0.5325542570951586 0.809640522875817 0.00667779632721202 0.0016339869281045752
0 0.511686143572621 0.809640522875817 0.005008347245409015 0.0016339869281045752
0 0.4991652754590985 0.8104575163398693 0.00667779632721202 0.0032679738562091504
0 0.5217028380634391 0.8088235294117647 0.008347245409015025 0.0032679738562091504
0 0.2646076794657763 0.7785947712418301 0.001669449081803005 0.0016339869281045752
0 0.28046744574290483 0.7647058823529411 0.02003338898163606 0.0196078431372549
0 0.5409015025041736 0.7638888888888888 0.21702838063439064 0.11601307189542484
0 0.6076794657762938 0.6928104575163399 0.07679465776293823 0.013071895424836602
0 0.6068447412353923 0.6748366013071896 0.07512520868113523 0.00980392156862745
0 0.5918196994991652 0.6658496732026143 0.001669449081803005 0.0016339869281045752
0 0.6243739565943238 0.6650326797385621 0.00333889816360601 0.0032679738562091504
0 0.5767946577629383 0.6576797385620915 0.005008347245409015 0.004901960784313725
0 0.6393989983305509 0.6544117647058824 0.00333889816360601 0.0016339869281045752
0 0.6076794657762938 0.6552287581699346 0.00667779632721202 0.0032679738562091504
0 0.5918196994991652 0.6560457516339869 0.018363939899833055 0.004901960784313725
0 0.3313856427378965 0.6593137254901961 0.09515859766277128 0.011437908496732025
0 0.6836393989983306 0.8137254901960784 0.6327212020033389 0.3235294117647059
0 0.6218697829716193 0.6544117647058824 0.018363939899833055 0.004901960784313725
0 0.27796327212020033 0.6462418300653595 0.005008347245409015 0.008169934640522876
0 0.24874791318864775 0.6421568627450981 0.03672787979966611 0.0032679738562091504
0 0.011686143572621035 0.5988562091503268 0.02337228714524207 0.008169934640522876
0 0.8664440734557596 0.576797385620915 0.00333889816360601 0.0032679738562091504
0 0.9574290484140233 0.20751633986928106 0.008347245409015025 0.006535947712418301
0 0.5 0.4223856209150327 1.0 0.48856209150326796
0 0.012520868113522538 0.08088235294117647 0.025041736227045076 0.024509803921568627
0 0.6469115191986644 0.09395424836601307 0.6828046744574291 0.08006535947712418
0 0.0025041736227045075 0.05392156862745098 0.005008347245409015 0.006535947712418301
0 0.9282136894824707 0.010620915032679739 0.04006677796327212 0.021241830065359478
