0 0.04894433781190019 0.6435483870967742 0.0019193857965451055 0.0032258064516129032
0 0.026871401151631478 0.6338709677419355 0.053742802303262956 0.5516129032258065
0 0.015355086372360844 0.3225806451612903 0.030710172744721688 0.06451612903225806
0 0.013435700575815739 0.2806451612903226 0.026871401151631478 0.012903225806451613
0 0.014395393474088292 0.2645161290322581 0.028790786948176585 0.012903225806451613
0 0.014395393474088292 0.24516129032258063 0.028790786948176585 0.012903225806451613
0 0.014395393474088292 0.22741935483870968 0.028790786948176585 0.016129032258064516
0 0.527831094049904 0.5338709677419354 0.944337811900192 0.8225806451612904
0 0.018234165067178502 0.1596774193548387 0.036468330134357005 0.11290322580645161
0 0.5767754318618042 0.1032258064516129 0.03262955854126679 0.025806451612903226
0 0.6151631477927063 0.08870967741935484 0.005758157389635317 0.016129032258064516
0 0.05662188099808062 0.09516129032258064 0.005758157389635317 0.02903225806451613
0 0.5633397312859885 0.054838709677419356 0.009596928982725527 0.03870967741935484
0 0.4875239923224568 0.06451612903225806 0.019193857965451054 0.06451612903225806
0 0.45489443378119004 0.06451612903225806 0.011516314779270634 0.06451612903225806
0 0.6026871401151631 0.03870967741935484 0.015355086372360844 0.01935483870967742
0 0.5806142034548945 0.03387096774193549 0.013435700575815739 0.00967741935483871
0 0.41554702495201534 0.06290322580645161 0.04030710172744722 0.06774193548387097
