0 0.5 0.9826923076923076 0.05511811023622047 0.03461538461538462
0 0.46062992125984253 0.9634615384615385 0.01837270341207349 0.07307692307692308
0 0.35039370078740156 0.9576923076923077 0.028871391076115485 0.08461538461538462
0 0.594488188976378 0.9519230769230769 0.013123359580052493 0.09615384615384616
0 0.22440944881889763 0.9211538461538461 0.4225721784776903 0.1576923076923077
0 0.6666666666666666 0.4269230769230769 0.031496062992125984 0.046153846153846156
0 0.5196850393700787 0.4173076923076923 0.11548556430446194 0.057692307692307696
0 0.9593175853018373 0.5057692307692307 0.08136482939632546 0.7730769230769231
0 0.5971128608923885 0.046153846153846156 0.007874015748031496 0.015384615384615385
0 0.4566929133858268 0.4461538461538462 0.9133858267716536 0.8615384615384616
0 0.4816272965879265 0.015384615384615385 0.05511811023622047 0.03076923076923077
0 0.30708661417322836 0.025 0.26246719160104987 0.05
