0 0.4948849104859335 0.9943609022556391 0.01278772378516624 0.011278195488721804
0 0.5115089514066496 0.9906015037593985 0.010230179028132993 0.018796992481203006
0 0.5 0.9605263157894737 0.023017902813299233 0.04887218045112782
0 0.48081841432225064 0.9323308270676691 0.005115089514066497 0.007518796992481203
0 0.45268542199488493 0.9624060150375939 0.020460358056265986 0.07518796992481203
0 0.34654731457800514 0.9605263157894737 0.028132992327365727 0.07894736842105263
0 0.289002557544757 0.956766917293233 0.04603580562659847 0.08646616541353383
0 0.2340153452685422 0.9511278195488722 0.028132992327365727 0.08270676691729323
0 0.5690537084398977 0.9473684210526315 0.04859335038363171 0.10526315789473684
0 0.2966751918158568 0.9266917293233082 0.2710997442455243 0.14661654135338345
0 0.0025575447570332483 0.13721804511278196 0.005115089514066497 0.0037593984962406013
0 0.0038363171355498722 0.11654135338345864 0.0076726342710997444 0.007518796992481203
0 0.9514066496163683 0.5018796992481203 0.09718670076726342 0.8082706766917294
0 0.0025575447570332483 0.09774436090225563 0.005115089514066497 0.007518796992481203
0 0.578005115089514 0.02443609022556391 0.020460358056265986 0.04887218045112782
0 0.5485933503836317 0.022556390977443608 0.01278772378516624 0.045112781954887216
0 0.47698209718670076 0.011278195488721804 0.0792838874680307 0.022556390977443608
0 0.2966751918158568 0.018796992481203006 0.2557544757033248 0.03759398496240601
0 0.4437340153452685 0.4492481203007519 0.887468030690537 0.8984962406015038
