0 0.6814814814814815 0.9891696750902527 0.019753086419753086 0.021660649819494584
0 0.5938271604938271 0.9548736462093863 0.04691358024691358 0.05415162454873646
0 0.40987654320987654 0.9296028880866426 0.28641975308641976 0.1407942238267148
0 0.7111111111111111 0.9259927797833934 0.02962962962962963 0.148014440433213
0 0.682716049382716 0.9007220216606499 0.01728395061728395 0.09747292418772563
0 0.8654320987654321 0.7274368231046932 0.06666666666666667 0.02527075812274368
0 0.7641975308641975 0.7003610108303249 0.007407407407407408 0.007220216606498195
0 0.7135802469135802 0.6895306859205776 0.05925925925925926 0.02888086642599278
0 0.6432098765432098 0.6732851985559567 0.04197530864197531 0.02527075812274368
0 0.5 0.4259927797833935 1.0 0.851985559566787
