0 0.6193633952254642 0.9941860465116279 0.007957559681697613 0.011627906976744186
0 0.5862068965517241 0.9941860465116279 0.010610079575596816 0.011627906976744186
0 0.47745358090185674 0.9941860465116279 0.010610079575596816 0.011627906976744186
0 0.43103448275862066 0.9941860465116279 0.013262599469496022 0.011627906976744186
0 0.3740053050397878 0.9941860465116279 0.042440318302387266 0.011627906976744186
0 0.8037135278514589 0.7751937984496124 0.09549071618037135 0.07751937984496124
0 0.5 0.501937984496124 1.0 0.8333333333333334
0 0.6644562334217506 0.040697674418604654 0.013262599469496022 0.011627906976744186
0 0.6379310344827587 0.03488372093023256 0.007957559681697613 0.015503875968992248
0 0.7055702917771883 0.03488372093023256 0.015915119363395226 0.023255813953488372
0 0.7652519893899205 0.03488372093023256 0.05570291777188329 0.06976744186046512
0 0.7082228116710876 0.005813953488372093 0.010610079575596816 0.011627906976744186
0 0.6472148541114059 0.013565891472868217 0.026525198938992044 0.027131782945736434
0 0.5265251989389921 0.013565891472868217 0.013262599469496022 0.027131782945736434
0 0.46286472148541113 0.01744186046511628 0.03978779840848806 0.03488372093023256
0 0.41644562334217505 0.01744186046511628 0.042440318302387266 0.03488372093023256
0 0.47877984084880637 0.03682170542635659 0.27320954907161804 0.07364341085271318
