0 0.47601476014760147 0.9875776397515528 0.02214022140221402 0.024844720496894408
0 0.35608856088560886 0.9875776397515528 0.01845018450184502 0.024844720496894408
0 0.43911439114391143 0.984472049689441 0.01107011070110701 0.024844720496894408
0 0.3182656826568266 0.9860248447204969 0.03874538745387454 0.027950310559006212
0 0.2730627306273063 0.9860248447204969 0.01845018450184502 0.027950310559006212
0 0.45571955719557194 0.9704968944099379 0.01107011070110701 0.009316770186335404
0 0.8330258302583026 0.8928571428571429 0.00922509225092251 0.009316770186335404
0 0.8726937269372693 0.8881987577639752 0.0036900369003690036 0.006211180124223602
0 0.8588560885608856 0.889751552795031 0.005535055350553505 0.009316770186335404
0 0.8902214022140221 0.8835403726708074 0.0018450184501845018 0.003105590062111801
0 0.9142066420664207 0.8788819875776398 0.005535055350553505 0.006211180124223602
0 0.023985239852398525 0.7748447204968945 0.0036900369003690036 0.003105590062111801
0 0.023985239852398525 0.7593167701863354 0.0036900369003690036 0.003105590062111801
0 0.9474169741697417 0.812111801242236 0.016605166051660517 0.12111801242236025
0 0.09317343173431734 0.7298136645962733 0.02029520295202952 0.012422360248447204
0 0.02952029520295203 0.7080745341614907 0.01845018450184502 0.031055900621118012
0 0.9824723247232472 0.4984472049689441 0.03505535055350553 0.7919254658385093
0 0.4833948339483395 0.5108695652173914 0.948339483394834 0.8229813664596274
0 0.4843173431734317 0.06055900621118013 0.016605166051660517 0.027950310559006212
0 0.4483394833948339 0.06832298136645963 0.033210332103321034 0.043478260869565216
0 0.46586715867158673 0.046583850931677016 0.00922509225092251 0.012422360248447204
0 0.47878228782287824 0.024844720496894408 0.02029520295202952 0.024844720496894408
0 0.3533210332103321 0.04192546583850932 0.02029520295202952 0.059006211180124224
0 0.3219557195571956 0.04503105590062112 0.012915129151291513 0.06521739130434782
0 0.27767527675276754 0.04503105590062112 0.027675276752767528 0.06521739130434782
0 0.43634686346863466 0.024844720496894408 0.00922509225092251 0.031055900621118012
0 0.45295202952029523 0.006211180124223602 0.012915129151291513 0.012422360248447204
