0 0.4330708661417323 0.9983443708609272 0.011811023622047244 0.0033112582781456954
0 0.5541338582677166 0.9966887417218543 0.005905511811023622 0.006622516556291391
0 0.3858267716535433 0.9966887417218543 0.011811023622047244 0.006622516556291391
0 0.5748031496062992 0.9917218543046358 0.011811023622047244 0.016556291390728478
0 0.6456692913385826 0.9784768211920529 0.03937007874015748 0.04304635761589404
0 0.43700787401574803 0.9751655629139073 0.20866141732283464 0.04966887417218543
0 0.2234251968503937 0.20364238410596028 0.005905511811023622 0.0033112582781456954
0 0.5 0.5066225165562914 1.0 0.8278145695364238
0 0.5826771653543307 0.06456953642384106 0.027559055118110236 0.029801324503311258
0 0.6062992125984252 0.039735099337748346 0.01968503937007874 0.026490066225165563
0 0.5718503937007874 0.0380794701986755 0.005905511811023622 0.023178807947019868
0 0.5738188976377953 0.006622516556291391 0.00984251968503937 0.013245033112582781
0 0.4881889763779528 0.033112582781456956 0.01968503937007874 0.06622516556291391
0 0.4478346456692913 0.033112582781456956 0.03740157480314961 0.06622516556291391
0 0.4045275590551181 0.0347682119205298 0.02952755905511811 0.0695364238410596
