0 0.5753424657534246 0.9979919678714859 0.005479452054794521 0.004016064257028112
0 0.6054794520547945 0.9959839357429718 0.01643835616438356 0.008032128514056224
0 0.6301369863013698 0.9899598393574297 0.010958904109589041 0.020080321285140562
0 0.44246575342465755 0.9879518072289156 0.030136986301369864 0.024096385542168676
0 0.38767123287671235 0.9879518072289156 0.052054794520547946 0.024096385542168676
0 0.32602739726027397 0.9859437751004017 0.043835616438356165 0.028112449799196786
0 0.5534246575342465 0.9839357429718876 0.010958904109589041 0.0321285140562249
0 0.5 0.4678714859437751 1.0 0.8554216867469879
0 0.6657534246575343 0.01606425702811245 0.049315068493150684 0.0321285140562249
0 0.6054794520547945 0.004016064257028112 0.0273972602739726 0.008032128514056224
0 0.5698630136986301 0.006024096385542169 0.021917808219178082 0.012048192771084338
0 0.541095890410959 0.004016064257028112 0.0136986301369863 0.008032128514056224
0 0.3767123287671233 0.024096385542168676 0.2821917808219178 0.04819277108433735
