0 0.6301229508196722 0.996551724137931 0.006147540983606557 0.006896551724137931
0 0.6137295081967213 0.993103448275862 0.014344262295081968 0.013793103448275862
0 0.5747950819672131 0.993103448275862 0.010245901639344262 0.013793103448275862
0 0.5932377049180327 0.9844827586206897 0.014344262295081968 0.010344827586206896
0 0.4569672131147541 0.9775862068965517 0.20901639344262296 0.04482758620689655
0 0.5963114754098361 0.9534482758620689 0.004098360655737705 0.0034482758620689655
0 0.6659836065573771 0.9724137931034482 0.045081967213114756 0.05517241379310345
0 0.3555327868852459 0.7344827586206897 0.006147540983606557 0.006896551724137931
0 0.5491803278688525 0.6655172413793103 0.004098360655737705 0.006896551724137931
0 0.548155737704918 0.6517241379310345 0.010245901639344262 0.013793103448275862
0 0.826844262295082 0.6293103448275862 0.0020491803278688526 0.0034482758620689655
0 0.8206967213114754 0.6293103448275862 0.0020491803278688526 0.0034482758620689655
0 0.7028688524590164 0.6103448275862069 0.004098360655737705 0.006896551724137931
0 0.7120901639344263 0.5827586206896552 0.022540983606557378 0.027586206896551724
0 0.5747950819672131 0.5517241379310345 0.0020491803278688526 0.006896551724137931
0 0.8463114754098361 0.49310344827586206 0.00819672131147541 0.013793103448275862
0 0.5594262295081968 0.29310344827586204 0.02459016393442623 0.020689655172413793
0 0.6045081967213115 0.11896551724137931 0.13114754098360656 0.07931034482758621
0 0.5 0.503448275862069 1.0 0.8482758620689655
0 0.6209016393442623 0.03103448275862069 0.012295081967213115 0.013793103448275862
0 0.6209016393442623 0.005172413793103448 0.01639344262295082 0.010344827586206896
0 0.5870901639344263 0.01896551724137931 0.02663934426229508 0.03793103448275862
0 0.492827868852459 0.01206896551724138 0.010245901639344262 0.02413793103448276
0 0.4661885245901639 0.013793103448275862 0.010245901639344262 0.027586206896551724
0 0.4375 0.013793103448275862 0.010245901639344262 0.027586206896551724
0 0.4077868852459016 0.013793103448275862 0.028688524590163935 0.027586206896551724
