0 0.4341880341880342 0.9976905311778291 0.006837606837606838 0.004618937644341801
0 0.5025641025641026 0.9965357967667436 0.010256410256410256 0.006928406466512702
0 0.4683760683760684 0.9965357967667436 0.020512820512820513 0.006928406466512702
0 0.6188034188034188 0.9953810623556582 0.006837606837606838 0.009237875288683603
0 0.6034188034188034 0.9942263279445728 0.006837606837606838 0.011547344110854504
0 0.5735042735042735 0.9942263279445728 0.008547008547008548 0.011547344110854504
0 0.588034188034188 0.9861431870669746 0.013675213675213675 0.009237875288683603
0 0.021367521367521368 0.8048498845265589 0.022222222222222223 0.011547344110854504
0 0.9743589743589743 0.7886836027713626 0.003418803418803419 0.0023094688221709007
0 0.022222222222222223 0.7909930715935335 0.017094017094017096 0.006928406466512702
0 0.021367521367521368 0.7782909930715936 0.02564102564102564 0.009237875288683603
0 0.022222222222222223 0.7655889145496536 0.020512820512820513 0.006928406466512702
0 0.021367521367521368 0.7528868360277137 0.02564102564102564 0.009237875288683603
0 0.028205128205128206 0.7390300230946882 0.005128205128205128 0.004618937644341801
0 0.020512820512820513 0.7263279445727483 0.023931623931623933 0.006928406466512702
0 0.022222222222222223 0.7090069284064665 0.023931623931623933 0.018475750577367205
0 0.13418803418803418 0.22979214780600463 0.0017094017094017094 0.0023094688221709007
0 0.28205128205128205 0.1951501154734411 0.023931623931623933 0.020785219399538105
0 0.5 0.4930715935334873 1.0 0.9076212471131639
0 0.5743589743589743 0.026558891454965358 0.003418803418803419 0.0023094688221709007
0 0.5615384615384615 0.02771362586605081 0.005128205128205128 0.004618937644341801
0 0.5846153846153846 0.020785219399538105 0.020512820512820513 0.018475750577367205
0 0.6025641025641025 0.005773672055427252 0.005128205128205128 0.011547344110854504
0 0.4863247863247863 0.010392609699769052 0.005128205128205128 0.020785219399538105
0 0.452991452991453 0.011547344110854504 0.03076923076923077 0.023094688221709007
0 0.41794871794871796 0.010392609699769052 0.005128205128205128 0.020785219399538105
