0 0.6275862068965518 0.9986979166666666 0.004597701149425287 0.0026041666666666665
0 0.7977011494252874 0.9934895833333334 0.31724137931034485 0.013020833333333334
0 0.3689655172413793 0.98828125 0.04827586206896552 0.0026041666666666665
0 0.335632183908046 0.98828125 0.004597701149425287 0.0026041666666666665
0 0.4379310344827586 0.9869791666666666 0.016091954022988506 0.005208333333333333
0 0.4126436781609195 0.9869791666666666 0.02528735632183908 0.005208333333333333
0 0.5885057471264368 0.9856770833333334 0.2574712643678161 0.013020833333333334
0 0.15402298850574714 0.9752604166666666 0.009195402298850575 0.0026041666666666665
0 0.10574712643678161 0.9752604166666666 0.01839080459770115 0.0026041666666666665
0 0.09310344827586207 0.9752604166666666 0.0022988505747126436 0.0026041666666666665
0 0.2770114942528736 0.9739583333333334 0.02528735632183908 0.005208333333333333
0 0.2425287356321839 0.9739583333333334 0.029885057471264367 0.005208333333333333
0 0.1850574712643678 0.9739583333333334 0.011494252873563218 0.005208333333333333
0 0.30919540229885056 0.9596354166666666 0.0022988505747126436 0.0026041666666666665
0 0.13448275862068965 0.9596354166666666 0.006896551724137931 0.0026041666666666665
0 0.12183908045977011 0.9596354166666666 0.009195402298850575 0.0026041666666666665
0 0.09655172413793103 0.9609375 0.027586206896551724 0.005208333333333333
0 0.32988505747126434 0.9583333333333334 0.016091954022988506 0.005208333333333333
0 0.296551724137931 0.9583333333333334 0.009195402298850575 0.005208333333333333
0 0.39080459770114945 0.9557291666666666 0.09655172413793103 0.005208333333333333
0 0.6770114942528735 0.953125 0.011494252873563218 0.005208333333333333
0 0.535632183908046 0.9544270833333334 0.18850574712643678 0.013020833333333334
0 0.39080459770114945 0.94140625 0.5103448275862069 0.013020833333333334
0 0.3735632183908046 0.92578125 0.0022988505747126436 0.0026041666666666665
0 0.26436781609195403 0.9270833333333334 0.19770114942528735 0.010416666666666666
0 0.45632183908045976 0.89453125 0.0022988505747126436 0.0026041666666666665
0 0.41724137931034483 0.8815104166666666 0.006896551724137931 0.0026041666666666665
0 0.07931034482758621 0.8984375 0.15862068965517243 0.09895833333333333
0 0.5701149425287356 0.8984375 0.767816091954023 0.17708333333333334
0 0.9896551724137931 0.3489583333333333 0.020689655172413793 0.010416666666666666
0 0.5126436781609195 0.6119791666666666 0.9747126436781609 0.578125
0 0.7344827586206897 0.10807291666666667 0.2 0.028645833333333332
0 0.9816091954022989 0.018229166666666668 0.0367816091954023 0.015625
0 0.13793103448275862 0.032552083333333336 0.0735632183908046 0.06510416666666667
