0 0.4607329842931937 0.9961685823754789 0.010471204188481676 0.007662835249042145
0 0.5130890052356021 0.9942528735632183 0.031413612565445025 0.011494252873563218
0 0.09162303664921466 0.9885057471264368 0.03664921465968586 0.022988505747126436
0 0.569371727748691 0.9770114942528736 0.002617801047120419 0.007662835249042145
0 0.6020942408376964 0.9846743295019157 0.020942408376963352 0.03065134099616858
0 0.29450261780104714 0.9712643678160919 0.28534031413612565 0.05747126436781609
0 0.5078534031413613 0.5153256704980843 0.9842931937172775 0.8620689655172413
0 0.4594240837696335 0.02681992337164751 0.02356020942408377 0.01532567049808429
0 0.5732984293193717 0.032567049808429116 0.05235602094240838 0.06513409961685823
0 0.5104712041884817 0.005747126436781609 0.005235602094240838 0.011494252873563218
0 0.337696335078534 0.005747126436781609 0.010471204188481676 0.011494252873563218
0 0.3023560209424084 0.009578544061302681 0.02356020942408377 0.019157088122605363
0 0.2709424083769634 0.007662835249042145 0.01832460732984293 0.01532567049808429
0 0.225130890052356 0.005747126436781609 0.010471204188481676 0.011494252873563218
0 0.2879581151832461 0.034482758620689655 0.28272251308900526 0.06896551724137931
