0 0.10858585858585859 0.9860515021459227 0.005050505050505051 0.004291845493562232
0 0.07491582491582492 0.9855150214592274 0.005050505050505051 0.003218884120171674
0 0.17929292929292928 0.9871244635193133 0.015151515151515152 0.008583690987124463
0 0.16245791245791247 0.9865879828326181 0.008417508417508417 0.0075107296137339056
0 0.14898989898989898 0.9865879828326181 0.008417508417508417 0.0075107296137339056
0 0.13636363636363635 0.9860515021459227 0.006734006734006734 0.006437768240343348
0 0.12205387205387205 0.9860515021459227 0.005050505050505051 0.006437768240343348
0 0.09511784511784512 0.9855150214592274 0.005050505050505051 0.00536480686695279
0 0.08249158249158249 0.9849785407725322 0.006734006734006734 0.004291845493562232
0 0.3324915824915825 0.9881974248927039 0.05218855218855219 0.012875536480686695
0 0.255050505050505 0.9876609442060086 0.08249158249158249 0.011802575107296138
0 0.02441077441077441 0.9828326180257511 0.04882154882154882 0.006437768240343348
0 0.8905723905723906 0.9758583690987125 0.12457912457912458 0.003218884120171674
0 0.7971380471380471 0.9758583690987125 0.05555555555555555 0.003218884120171674
0 0.7272727272727273 0.9758583690987125 0.07407407407407407 0.003218884120171674
0 0.9865319865319865 0.9865879828326181 0.026936026936026935 0.02682403433476395
0 0.6750841750841751 0.9865879828326181 0.5791245791245792 0.02682403433476395
0 0.6759259259259259 0.9694206008583691 0.005050505050505051 0.001072961373390558
0 0.6632996632996633 0.9694206008583691 0.003367003367003367 0.001072961373390558
0 0.6380471380471381 0.9699570815450643 0.003367003367003367 0.002145922746781116
0 0.7205387205387206 0.9694206008583691 0.07407407407407407 0.003218884120171674
0 0.5193602693602694 0.9699570815450643 0.22053872053872053 0.004291845493562232
0 0.8602693602693603 0.9688841201716738 0.1919191919191919 0.004291845493562232
0 0.9882154882154882 0.9678111587982833 0.02356902356902357 0.004291845493562232
0 0.8602693602693603 0.9629828326180258 0.003367003367003367 0.001072961373390558
0 0.8476430976430976 0.9629828326180258 0.005050505050505051 0.001072961373390558
0 0.627104377104377 0.9629828326180258 0.005050505050505051 0.001072961373390558
0 0.9427609427609428 0.9619098712446352 0.003367003367003367 0.001072961373390558
0 0.9301346801346801 0.9624463519313304 0.005050505050505051 0.002145922746781116
0 0.9183501683501684 0.9619098712446352 0.0016835016835016834 0.001072961373390558
0 0.9065656565656566 0.9619098712446352 0.0016835016835016834 0.001072961373390558
0 0.8367003367003367 0.9624463519313304 0.006734006734006734 0.002145922746781116
0 0.5168350168350169 0.9635193133047211 0.20875420875420875 0.004291845493562232
0 0.9890572390572391 0.9619098712446352 0.021885521885521887 0.003218884120171674
0 0.8080808080808081 0.9624463519313304 0.04040404040404041 0.004291845493562232
0 0.7735690235690236 0.9624463519313304 0.021885521885521887 0.004291845493562232
0 0.7281144781144782 0.9624463519313304 0.058922558922558925 0.004291845493562232
0 0.7727272727272727 0.9560085836909872 0.02356902356902357 0.004291845493562232
0 0.7272727272727273 0.9560085836909872 0.05723905723905724 0.004291845493562232
0 0.5210437710437711 0.9560085836909872 0.2037037037037037 0.004291845493562232
0 0.877104377104377 0.9554721030042919 0.16835016835016836 0.00536480686695279
0 0.9882154882154882 0.9543991416309013 0.02356902356902357 0.00536480686695279
0 0.8779461279461279 0.9484978540772532 0.1632996632996633 0.004291845493562232
0 0.7735690235690236 0.9484978540772532 0.025252525252525252 0.004291845493562232
0 0.7281144781144782 0.9484978540772532 0.05218855218855219 0.004291845493562232
0 0.5227272727272727 0.9490343347639485 0.20033670033670034 0.00536480686695279
0 0.9882154882154882 0.9474248927038627 0.02356902356902357 0.004291845493562232
0 0.03956228956228956 0.9420600858369099 0.005050505050505051 0.002145922746781116
0 0.5260942760942761 0.9420600858369099 0.19696969696969696 0.006437768240343348
0 0.7744107744107744 0.9404506437768241 0.030303030303030304 0.00536480686695279
0 0.7289562289562289 0.9404506437768241 0.05723905723905724 0.00536480686695279
0 0.9882154882154882 0.9393776824034334 0.02356902356902357 0.00536480686695279
0 0.8796296296296297 0.9399141630901288 0.17003367003367004 0.006437768240343348
0 0.04040404040404041 0.9345493562231759 0.003367003367003367 0.002145922746781116
0 0.7348484848484849 0.9340128755364807 0.045454545454545456 0.003218884120171674
0 0.5277777777777778 0.9345493562231759 0.18686868686868688 0.004291845493562232
0 0.8796296296296297 0.9334763948497854 0.1632996632996633 0.004291845493562232
0 0.7752525252525253 0.9334763948497854 0.025252525252525252 0.004291845493562232
0 0.9890572390572391 0.9324034334763949 0.021885521885521887 0.004291845493562232
0 0.23316498316498316 0.9281115879828327 0.008417508417508417 0.002145922746781116
0 0.04208754208754209 0.9275751072961373 0.006734006734006734 0.003218884120171674
0 0.7314814814814815 0.9259656652360515 0.05218855218855219 0.004291845493562232
0 0.5328282828282829 0.927038626609442 0.1835016835016835 0.006437768240343348
0 0.8636363636363636 0.9259656652360515 0.20202020202020202 0.006437768240343348
0 0.9890572390572391 0.9243562231759657 0.021885521885521887 0.00536480686695279
0 0.4663299663299663 0.9200643776824035 0.006734006734006734 0.001072961373390558
0 0.04292929292929293 0.9206008583690987 0.005050505050505051 0.002145922746781116
0 0.7331649831649831 0.9195278969957081 0.005050505050505051 0.002145922746781116
0 0.6018518518518519 0.9200643776824035 0.03872053872053872 0.003218884120171674
0 0.5420875420875421 0.9200643776824035 0.020202020202020204 0.003218884120171674
0 0.5134680134680135 0.9200643776824035 0.03367003367003367 0.003218884120171674
0 0.7491582491582491 0.9189914163090128 0.016835016835016835 0.003218884120171674
0 0.8636363636363636 0.9189914163090128 0.19528619528619529 0.00536480686695279
0 0.9890572390572391 0.9173819742489271 0.021885521885521887 0.004291845493562232
0 0.04208754208754209 0.9141630901287554 0.013468013468013467 0.004291845493562232
0 0.7196969696969697 0.9120171673819742 0.005050505050505051 0.002145922746781116
0 0.6026936026936027 0.9125536480686696 0.04377104377104377 0.003218884120171674
0 0.5286195286195287 0.9130901287553648 0.05723905723905724 0.004291845493562232
0 0.46885521885521886 0.9125536480686696 0.03198653198653199 0.003218884120171674
0 0.7432659932659933 0.9114806866952789 0.02861952861952862 0.003218884120171674
0 0.8661616161616161 0.9114806866952789 0.19696969696969696 0.00536480686695279
0 0.9890572390572391 0.9104077253218884 0.021885521885521887 0.00536480686695279
0 0.5867003367003367 0.9061158798283262 0.0016835016835016834 0.001072961373390558
0 0.04292929292929293 0.9066523605150214 0.008417508417508417 0.002145922746781116
0 0.6102693602693603 0.9055793991416309 0.005050505050505051 0.002145922746781116
0 0.5976430976430976 0.9055793991416309 0.006734006734006734 0.002145922746781116
0 0.7491582491582491 0.9045064377682404 0.013468013468013467 0.002145922746781116
0 0.7777777777777778 0.9045064377682404 0.016835016835016835 0.004291845493562232
0 0.98989898989899 0.9028969957081545 0.020202020202020204 0.003218884120171674
0 0.8779461279461279 0.903969957081545 0.17003367003367004 0.00536480686695279
0 0.5471380471380471 0.8991416309012875 0.020202020202020204 0.002145922746781116
0 0.47474747474747475 0.8991416309012875 0.016835016835016835 0.002145922746781116
0 0.1750841750841751 0.8986051502145923 0.003367003367003367 0.001072961373390558
0 0.16666666666666666 0.8991416309012875 0.003367003367003367 0.002145922746781116
0 0.04292929292929293 0.8996781115879828 0.011784511784511785 0.003218884120171674
0 0.7988215488215489 0.8975321888412017 0.005050505050505051 0.001072961373390558
0 0.7550505050505051 0.898068669527897 0.005050505050505051 0.002145922746781116
0 0.7441077441077442 0.898068669527897 0.006734006734006734 0.002145922746781116
0 0.7306397306397306 0.8975321888412017 0.003367003367003367 0.001072961373390558
0 0.6052188552188552 0.8986051502145923 0.03872053872053872 0.003218884120171674
0 0.9545454545454546 0.8975321888412017 0.010101010101010102 0.003218884120171674
0 0.9436026936026936 0.8969957081545065 0.005050505050505051 0.002145922746781116
0 0.98989898989899 0.8969957081545065 0.020202020202020204 0.004291845493562232
0 0.7920875420875421 0.8921673819742489 0.0016835016835016834 0.001072961373390558
0 0.1734006734006734 0.8927038626609443 0.003367003367003367 0.002145922746781116
0 0.8392255892255892 0.8916309012875536 0.005050505050505051 0.002145922746781116
0 0.8265993265993266 0.8910944206008584 0.003367003367003367 0.001072961373390558
0 0.8089225589225589 0.8916309012875536 0.018518518518518517 0.002145922746781116
0 0.04292929292929293 0.8927038626609443 0.011784511784511785 0.004291845493562232
0 0.9579124579124579 0.8905579399141631 0.013468013468013467 0.002145922746781116
0 0.930976430976431 0.8910944206008584 0.026936026936026935 0.003218884120171674
0 0.8964646464646465 0.8905579399141631 0.011784511784511785 0.002145922746781116
0 0.98989898989899 0.8905579399141631 0.020202020202020204 0.004291845493562232
0 0.6961279461279462 0.8857296137339056 0.021885521885521887 0.001072961373390558
0 0.5858585858585859 0.8862660944206009 0.006734006734006734 0.002145922746781116
0 0.5353535353535354 0.8862660944206009 0.020202020202020204 0.002145922746781116
0 0.5176767676767676 0.8862660944206009 0.008417508417508417 0.002145922746781116
0 0.5058922558922558 0.8862660944206009 0.008417508417508417 0.002145922746781116
0 0.49242424242424243 0.8862660944206009 0.005050505050505051 0.002145922746781116
0 0.4823232323232323 0.8862660944206009 0.005050505050505051 0.002145922746781116
0 0.563973063973064 0.8857296137339056 0.030303030303030304 0.003218884120171674
0 0.041245791245791245 0.8857296137339056 0.008417508417508417 0.003218884120171674
0 0.6287878787878788 0.880901287553648 0.025252525252525252 0.002145922746781116
0 0.5925925925925926 0.8803648068669528 0.013468013468013467 0.001072961373390558
0 0.47895622895622897 0.8353004291845494 0.005050505050505051 0.003218884120171674
0 0.5765993265993266 0.8245708154506438 0.11952861952861953 0.00536480686695279
0 0.43686868686868685 0.8240343347639485 0.05555555555555555 0.004291845493562232
0 0.9890572390572391 0.8497854077253219 0.021885521885521887 0.05793991416309013
0 0.7904040404040404 0.8218884120171673 0.025252525252525252 0.002145922746781116
0 0.5286195286195287 0.8106223175965666 0.006734006734006734 0.001072961373390558
0 0.51010101010101 0.8106223175965666 0.003367003367003367 0.001072961373390558
0 0.4276094276094276 0.8106223175965666 0.003367003367003367 0.001072961373390558
0 0.4099326599326599 0.8111587982832618 0.008417508417508417 0.002145922746781116
0 0.35353535353535354 0.8111587982832618 0.026936026936026935 0.002145922746781116
0 0.30134680134680136 0.8111587982832618 0.026936026936026935 0.002145922746781116
0 0.23653198653198654 0.8111587982832618 0.02861952861952862 0.002145922746781116
0 0.484006734006734 0.7902360515021459 0.0016835016835016834 0.001072961373390558
0 0.4065656565656566 0.7902360515021459 0.005050505050505051 0.001072961373390558
0 0.38215488215488214 0.7902360515021459 0.006734006734006734 0.001072961373390558
0 0.3712121212121212 0.7902360515021459 0.008417508417508417 0.001072961373390558
0 0.531986531986532 0.7896995708154506 0.006734006734006734 0.002145922746781116
0 0.21043771043771045 0.7886266094420601 0.05723905723905724 0.002145922746781116
0 0.9621212121212122 0.7773605150214592 0.015151515151515152 0.003218884120171674
0 0.7222222222222222 0.7762875536480687 0.02356902356902357 0.001072961373390558
0 0.5959595959595959 0.776824034334764 0.013468013468013467 0.002145922746781116
0 0.4090909090909091 0.7773605150214592 0.026936026936026935 0.003218884120171674
0 0.37457912457912457 0.7773605150214592 0.03535353535353535 0.003218884120171674
0 0.3367003367003367 0.7773605150214592 0.030303030303030304 0.003218884120171674
0 0.9915824915824916 0.776824034334764 0.016835016835016835 0.004291845493562232
0 0.5151515151515151 0.776824034334764 0.04040404040404041 0.004291845493562232
0 0.9907407407407407 0.7628755364806867 0.018518518518518517 0.006437768240343348
0 0.8930976430976431 0.7623390557939914 0.15993265993265993 0.00536480686695279
0 0.5505050505050505 0.7548283261802575 0.006734006734006734 0.001072961373390558
0 0.5942760942760943 0.7548283261802575 0.06734006734006734 0.003218884120171674
0 0.9907407407407407 0.7483905579399142 0.018518518518518517 0.00536480686695279
0 0.14225589225589225 0.5536480686695279 0.0016835016835016834 0.002145922746781116
0 0.9006734006734006 0.5493562231759657 0.010101010101010102 0.004291845493562232
0 0.8804713804713805 0.5429184549356223 0.003367003367003367 0.002145922746781116
0 0.48737373737373735 0.7451716738197425 0.9747474747474747 0.41094420600858367
0 0.9915824915824916 0.6368025751072961 0.016835016835016835 0.20064377682403434
0 0.9974747474747475 0.5321888412017167 0.005050505050505051 0.002145922746781116
0 0.9983164983164983 0.47532188841201717 0.003367003367003367 0.004291845493562232
0 0.4831649831649832 0.411480686695279 0.016835016835016835 0.00536480686695279
0 0.5075757575757576 0.40665236051502146 0.025252525252525252 0.012875536480686695
0 0.7154882154882155 0.4071888412017167 0.12457912457912458 0.018240343347639486
0 0.42424242424242425 0.40396995708154504 0.13468013468013468 0.016094420600858368
0 0.02441077441077441 0.3873390557939914 0.011784511784511785 0.006437768240343348
0 0.8964646464646465 0.4050429184549356 0.20707070707070707 0.0611587982832618
0 0.5875420875420876 0.3851931330472103 0.40404040404040403 0.06652360515021459
0 0.19612794612794612 0.36856223175965663 0.39225589225589225 0.05257510729613734
0 0.12289562289562289 0.055793991416309016 0.006734006734006734 0.004291845493562232
0 0.14814814814814814 0.05525751072961373 0.037037037037037035 0.0075107296137339056
0 0.18686868686868688 0.053111587982832616 0.026936026936026935 0.00536480686695279
0 0.6094276094276094 0.05472103004291846 0.6430976430976431 0.032188841201716736
