0 0.5867052023121387 0.9833984375 0.002890173410404624 0.001953125
0 0.5491329479768786 0.9814453125 0.023121387283236993 0.013671875
0 0.5549132947976878 0.9736328125 0.005780346820809248 0.005859375
0 0.5635838150289018 0.955078125 0.005780346820809248 0.0078125
0 0.5686416184971098 0.94140625 0.0072254335260115606 0.01171875
0 0.5440751445086706 0.9462890625 0.015895953757225433 0.044921875
0 0.5686416184971098 0.9208984375 0.004335260115606936 0.001953125
0 0.5549132947976878 0.9248046875 0.014450867052023121 0.009765625
0 0.4436416184971098 0.951171875 0.17052023121387283 0.09765625
0 0.6177745664739884 0.94921875 0.033236994219653176 0.1015625
0 0.9725433526011561 0.75390625 0.03468208092485549 0.00390625
0 0.9992774566473989 0.7412109375 0.001445086705202312 0.001953125
0 0.9703757225433526 0.7412109375 0.036127167630057806 0.005859375
0 0.9703757225433526 0.728515625 0.03901734104046243 0.0078125
0 0.9703757225433526 0.7158203125 0.03901734104046243 0.005859375
0 0.016618497109826588 0.7138671875 0.004335260115606936 0.001953125
0 0.012283236994219654 0.7138671875 0.001445086705202312 0.001953125
0 0.9978323699421965 0.7021484375 0.004335260115606936 0.005859375
0 0.9710982658959537 0.703125 0.04046242774566474 0.0078125
0 0.9985549132947977 0.689453125 0.002890173410404624 0.00390625
0 0.01083815028901734 0.6845703125 0.001445086705202312 0.001953125
0 0.002167630057803468 0.6845703125 0.004335260115606936 0.001953125
0 0.9978323699421965 0.67578125 0.004335260115606936 0.00390625
0 0.9710982658959537 0.68359375 0.04046242774566474 0.01953125
0 0.001445086705202312 0.6630859375 0.002890173410404624 0.001953125
0 0.004335260115606936 0.650390625 0.008670520231213872 0.00390625
0 0.006502890173410405 0.6376953125 0.01300578034682081 0.005859375
0 0.01300578034682081 0.625 0.014450867052023121 0.00390625
0 0.9985549132947977 0.6015625 0.002890173410404624 0.00390625
0 0.9963872832369942 0.2734375 0.0072254335260115606 0.00390625
0 0.9956647398843931 0.248046875 0.008670520231213872 0.00390625
0 0.9956647398843931 0.2236328125 0.008670520231213872 0.005859375
0 0.994942196531792 0.2109375 0.0072254335260115606 0.00390625
0 0.9963872832369942 0.1865234375 0.0072254335260115606 0.005859375
0 0.1994219653179191 0.0439453125 0.008670520231213872 0.001953125
0 0.5 0.4638671875 1.0 0.900390625
0 0.6105491329479769 0.0078125 0.01300578034682081 0.015625
0 0.5917630057803468 0.0078125 0.0072254335260115606 0.015625
0 0.5498554913294798 0.001953125 0.05057803468208093 0.00390625
0 0.42991329479768786 0.009765625 0.16618497109826588 0.01953125
