0 0.4798387096774194 0.9940711462450593 0.013440860215053764 0.011857707509881422
0 0.3709677419354839 0.9861660079051383 0.021505376344086023 0.02766798418972332
0 0.33736559139784944 0.9841897233201581 0.024193548387096774 0.03162055335968379
0 0.3077956989247312 0.9802371541501976 0.024193548387096774 0.039525691699604744
0 0.26344086021505375 0.9782608695652174 0.026881720430107527 0.043478260869565216
0 0.7956989247311828 0.9367588932806324 0.026881720430107527 0.015810276679841896
0 0.9690860215053764 0.5079051383399209 0.013440860215053764 0.003952569169960474
0 0.9731182795698925 0.6936758893280632 0.053763440860215055 0.383399209486166
0 0.9717741935483871 0.45849802371541504 0.056451612903225805 0.06324110671936758
0 0.20833333333333334 0.3814229249011858 0.008064516129032258 0.003952569169960474
0 0.9704301075268817 0.37549407114624506 0.05913978494623656 0.03162055335968379
0 0.956989247311828 0.33794466403162055 0.026881720430107527 0.019762845849802372
0 0.9865591397849462 0.2766798418972332 0.005376344086021506 0.007905138339920948
0 0.9623655913978495 0.29446640316205536 0.043010752688172046 0.05138339920948617
0 0.9704301075268817 0.2549407114624506 0.05913978494623656 0.019762845849802372
0 0.967741935483871 0.16600790513833993 0.06451612903225806 0.1422924901185771
0 0.46639784946236557 0.48221343873517786 0.9327956989247311 0.9169960474308301
0 0.5053763440860215 0.021739130434782608 0.010752688172043012 0.003952569169960474
0 0.4879032258064516 0.019762845849802372 0.008064516129032258 0.007905138339920948
0 0.46639784946236557 0.019762845849802372 0.01881720430107527 0.015810276679841896
0 0.5094086021505376 0.005928853754940711 0.008064516129032258 0.011857707509881422
0 0.45698924731182794 0.001976284584980237 0.005376344086021506 0.003952569169960474
0 0.4368279569892473 0.009881422924901186 0.008064516129032258 0.019762845849802372
