0 0.9781591263650546 0.9952874646559849 0.0249609984399376 0.00942507068803016
0 0.9141965678627145 0.9952874646559849 0.0218408736349454 0.00942507068803016
0 0.9578783151326054 0.9915174363807728 0.0062402496099844 0.003770028275212064
0 0.01014040561622465 0.9622997172478793 0.0046801872074883 0.001885014137606032
0 0.8478939157566303 0.9524033930254477 0.07956318252730109 0.00471253534401508
0 0.9446177847113885 0.9500471253534402 0.11076443057722309 0.00942507068803016
0 0.5421216848673946 0.9392082940622055 0.0046801872074883 0.000942507068803016
0 0.5335413416536662 0.9476908576814326 0.0530421216848674 0.021677662582469368
0 0.4204368174726989 0.9481621112158342 0.17004680187207488 0.03204524033930255
0 0.5865834633385335 0.946277097078228 0.0374414976599064 0.03204524033930255
0 0.10842433697347893 0.9151743638077285 0.0046801872074883 0.001885014137606032
0 0.13182527301092042 0.8963242224316682 0.057722308892355696 0.024505183788878417
0 0.9539781591263651 0.8798303487276155 0.0234009360374415 0.027332704995287466
0 0.7886115444617785 0.825636192271442 0.06396255850234009 0.007540056550424128
0 0.7862714508580343 0.8223374175306315 0.0031201248049922 0.000942507068803016
0 0.6536661466458659 0.822808671065033 0.0187207488299532 0.003770028275212064
0 0.8260530421216848 0.8204524033930255 0.0078003120124804995 0.002827521206409048
0 0.7753510140405616 0.819038642789821 0.0031201248049922 0.001885014137606032
0 0.437597503900156 0.8185673892554194 0.0015600624024961 0.000942507068803016
0 0.4750390015600624 0.8223374175306315 0.09516380655226209 0.010367577756833177
0 0.8330733229329174 0.8176248821866164 0.0031201248049922 0.002827521206409048
0 0.45085803432137284 0.8176248821866164 0.0062402496099844 0.002827521206409048
0 0.6669266770670826 0.8162111215834119 0.0015600624024961 0.001885014137606032
0 0.7301092043681747 0.8152686145146089 0.0031201248049922 0.001885014137606032
0 0.6060842433697348 0.8114985862393967 0.0046801872074883 0.003770028275212064
0 0.6138845553822153 0.8162111215834119 0.0514820592823713 0.020735155513666354
0 0.4243369734789392 0.8077285579641847 0.0062402496099844 0.003770028275212064
0 0.9867394695787831 0.7714420358152686 0.0015600624024961 0.000942507068803016
0 0.20046801872074882 0.764373232799246 0.0234009360374415 0.001885014137606032
0 0.16614664586583464 0.764373232799246 0.0171606864274571 0.003770028275212064
0 0.1029641185647426 0.7591894439208294 0.0031201248049922 0.000942507068803016
0 0.15912636505460218 0.7737983034872762 0.078003120124805 0.033930254476908575
0 0.5280811232449298 0.7601319509896324 0.0078003120124804995 0.008482563619227144
0 0.7168486739469578 0.7558906691800189 0.0109204368174727 0.003770028275212064
0 0.23400936037441497 0.7530631479736098 0.0062402496099844 0.001885014137606032
0 0.717628705148206 0.7483506126295947 0.0124804992199688 0.00942507068803016
0 0.718408736349454 0.7403393025447691 0.0015600624024961 0.000942507068803016
0 0.028861154446177848 0.7337417530631479 0.0109204368174727 0.000942507068803016
0 0.717628705148206 0.7309142318567389 0.0062402496099844 0.002827521206409048
0 0.19032761310452417 0.7332704995287465 0.056162246489859596 0.013195098963242224
0 0.6747269890795632 0.7252591894439209 0.0078003120124804995 0.000942507068803016
0 0.5811232449297972 0.7262016965127238 0.0390015600624025 0.002827521206409048
0 0.7035881435257411 0.7247879359095193 0.0436817472698908 0.003770028275212064
0 0.0249609984399376 0.7224316682375118 0.0031201248049922 0.000942507068803016
0 0.6973478939157566 0.7196041470311028 0.0031201248049922 0.000942507068803016
0 0.6747269890795632 0.7196041470311028 0.029641185647425898 0.000942507068803016
0 0.719188767550702 0.7196041470311028 0.0093603744149766 0.002827521206409048
0 0.06006240249609984 0.7167766258246937 0.0078003120124804995 0.000942507068803016
0 0.02574102964118565 0.7167766258246937 0.0046801872074883 0.000942507068803016
0 0.20280811232449297 0.7153628652214892 0.0062402496099844 0.001885014137606032
0 0.18954758190327614 0.7191328934967012 0.0452418096723869 0.00942507068803016
0 0.782371294851794 0.7130065975494816 0.0015600624024961 0.000942507068803016
0 0.8650546021840874 0.7120640904806786 0.0046801872074883 0.000942507068803016
0 0.031201248049921998 0.7111215834118756 0.0124804992199688 0.000942507068803016
0 0.36037441497659906 0.7101790763430725 0.0062402496099844 0.000942507068803016
0 0.18642745709828393 0.7101790763430725 0.0202808112324493 0.000942507068803016
0 0.5039001560062403 0.7092365692742696 0.0062402496099844 0.000942507068803016
0 0.47269890795631825 0.7092365692742696 0.0093603744149766 0.000942507068803016
0 0.4609984399375975 0.7092365692742696 0.0046801872074883 0.000942507068803016
0 0.3985959438377535 0.7092365692742696 0.014040561622464899 0.000942507068803016
0 0.5865834633385335 0.7082940622054665 0.0062402496099844 0.000942507068803016
0 0.5764430577223089 0.7082940622054665 0.0078003120124804995 0.000942507068803016
0 0.5530421216848674 0.7082940622054665 0.0046801872074883 0.000942507068803016
0 0.6942277691107644 0.7073515551366635 0.0031201248049922 0.000942507068803016
0 0.6606864274570983 0.7078228086710651 0.057722308892355696 0.001885014137606032
0 0.6263650546021841 0.7078228086710651 0.0046801872074883 0.001885014137606032
0 0.6045241809672387 0.7078228086710651 0.0046801872074883 0.001885014137606032
0 0.717628705148206 0.7073515551366635 0.0093603744149766 0.002827521206409048
0 0.02574102964118565 0.7054665409990575 0.0015600624024961 0.000942507068803016
0 0.8946957878315133 0.7219604147031102 0.0452418096723869 0.03581526861451461
0 0.4859594383775351 0.7035815268614515 0.014040561622464899 0.000942507068803016
0 0.4485179407176287 0.704052780395853 0.0452418096723869 0.001885014137606032
0 0.12870514820592824 0.704995287464656 0.0483619344773791 0.003770028275212064
0 0.5101404056162246 0.7026390197926484 0.0062402496099844 0.000942507068803016
0 0.8229329173166927 0.7007540056550424 0.0015600624024961 0.000942507068803016
0 0.8065522620904836 0.7007540056550424 0.0062402496099844 0.000942507068803016
0 0.7574102964118564 0.7012252591894439 0.0358814352574103 0.001885014137606032
0 0.6770670826833073 0.7016965127238455 0.11544461778471139 0.00471253534401508
0 0.359594383775351 0.6988689915174364 0.0015600624024961 0.000942507068803016
0 0.5031201248049922 0.6979264844486334 0.0015600624024961 0.000942507068803016
0 0.4719188767550702 0.6979264844486334 0.0109204368174727 0.000942507068803016
0 0.4609984399375975 0.6979264844486334 0.0046801872074883 0.000942507068803016
0 0.5655226209048362 0.6969839773798303 0.0046801872074883 0.000942507068803016
0 0.5569422776911076 0.6969839773798303 0.0093603744149766 0.000942507068803016
0 0.6692667706708268 0.6965127238454288 0.046801872074883 0.001885014137606032
0 0.8712948517940717 0.6950989632422243 0.0046801872074883 0.000942507068803016
0 0.7168486739469578 0.6960414703110274 0.0109204368174727 0.002827521206409048
0 0.4453978159126365 0.6927426955702167 0.0078003120124804995 0.001885014137606032
0 0.4282371294851794 0.6927426955702167 0.0109204368174727 0.001885014137606032
0 0.6489859594383776 0.6918001885014138 0.056162246489859596 0.001885014137606032
0 0.719188767550702 0.6908576814326107 0.0093603744149766 0.003770028275212064
0 0.3666146645865835 0.6885014137606033 0.0062402496099844 0.000942507068803016
0 0.4017160686427457 0.6880301602262017 0.014040561622464899 0.001885014137606032
0 0.3876755070202808 0.6880301602262017 0.0046801872074883 0.001885014137606032
0 0.5897035881435257 0.6866163996229971 0.0031201248049922 0.000942507068803016
0 0.16614664586583464 0.5103675777568332 0.0046801872074883 0.000942507068803016
0 0.6006240249609984 0.5094250706880301 0.0062402496099844 0.000942507068803016
0 0.5413416536661466 0.5094250706880301 0.0031201248049922 0.000942507068803016
0 0.22230889235569423 0.5103675777568332 0.014040561622464899 0.002827521206409048
0 0.18642745709828393 0.5108388312912346 0.0265210608424337 0.003770028275212064
0 0.6466458658346333 0.5094250706880301 0.054602184087363496 0.002827521206409048
0 0.578003120124805 0.5089538171536286 0.0171606864274571 0.001885014137606032
0 0.25585023400936036 0.5103675777568332 0.015600624024960999 0.00471253534401508
0 0.5507020280811232 0.5042412818096136 0.031201248049921998 0.001885014137606032
0 0.625585023400936 0.5028275212064091 0.0124804992199688 0.000942507068803016
0 0.5772230889235569 0.5032987747408105 0.015600624024960999 0.001885014137606032
0 0.2550702028081123 0.5042412818096136 0.0234009360374415 0.003770028275212064
0 0.19734789391575663 0.5047125353440151 0.07956318252730109 0.00471253534401508
0 0.5507020280811232 0.49811498586239394 0.0093603744149766 0.000942507068803016
0 0.5358814352574103 0.49811498586239394 0.0046801872074883 0.000942507068803016
0 0.6201248049921997 0.49717247879359094 0.0078003120124804995 0.000942507068803016
0 0.6622464898595943 0.49670122525918947 0.054602184087363496 0.001885014137606032
0 0.7106084243369735 0.49670122525918947 0.0234009360374415 0.003770028275212064
0 0.8946957878315133 0.4948162111215834 0.0078003120124804995 0.001885014137606032
0 0.6302652106084243 0.49151743638077283 0.0062402496099844 0.000942507068803016
0 0.8954758190327613 0.48868991517436383 0.0031201248049922 0.000942507068803016
0 0.7168486739469578 0.49010367577756836 0.0078003120124804995 0.003770028275212064
0 0.34009360374414976 0.4877474081055608 0.0062402496099844 0.000942507068803016
0 0.2753510140405616 0.4877474081055608 0.0078003120124804995 0.002827521206409048
0 0.6521060842433697 0.4849198868991517 0.0124804992199688 0.000942507068803016
0 0.6372854914196567 0.4849198868991517 0.0046801872074883 0.000942507068803016
0 0.6263650546021841 0.4849198868991517 0.0109204368174727 0.000942507068803016
0 0.5234009360374415 0.4924599434495759 0.0171606864274571 0.016022620169651274
0 0.8954758190327613 0.48350612629594725 0.0062402496099844 0.001885014137606032
0 0.7067082683307332 0.48444863336475025 0.031201248049921998 0.003770028275212064
0 0.6521060842433697 0.47926484448633366 0.0031201248049922 0.000942507068803016
0 0.6443057722308893 0.47926484448633366 0.0031201248049922 0.000942507068803016
0 0.7160686427457098 0.47879359095193214 0.0062402496099844 0.001885014137606032
0 0.62402496099844 0.47879359095193214 0.0124804992199688 0.001885014137606032
0 0.5234009360374415 0.48020735155513666 0.0171606864274571 0.00471253534401508
0 0.15210608424336974 0.4773798303487276 0.0015600624024961 0.000942507068803016
0 0.17160686427457097 0.47690857681432614 0.0062402496099844 0.001885014137606032
0 0.5218408736349454 0.4750235626767201 0.0109204368174727 0.003770028275212064
0 0.7152886115444618 0.473138548539114 0.0109204368174727 0.003770028275212064
0 0.3416536661466459 0.4707822808671065 0.0093603744149766 0.002827521206409048
0 0.2706708268330733 0.4707822808671065 0.0078003120124804995 0.002827521206409048
0 0.23712948517940718 0.4698397737983035 0.0031201248049922 0.000942507068803016
0 0.5218408736349454 0.4698397737983035 0.014040561622464899 0.00471253534401508
0 0.7160686427457098 0.46842601319509897 0.0093603744149766 0.003770028275212064
0 0.3416536661466459 0.4646559849198869 0.0093603744149766 0.001885014137606032
0 0.5210608424336973 0.4641847313854854 0.0093603744149766 0.002827521206409048
0 0.7168486739469578 0.4622997172478794 0.0078003120124804995 0.002827521206409048
0 0.23244929797191888 0.4594721960414703 0.0031201248049922 0.000942507068803016
0 0.059282371294851796 0.4594721960414703 0.0031201248049922 0.000942507068803016
0 0.038221528861154444 0.4594721960414703 0.014040561622464899 0.002827521206409048
0 0.5218408736349454 0.45852968897266727 0.0109204368174727 0.002827521206409048
0 0.7160686427457098 0.45758718190386427 0.0093603744149766 0.002827521206409048
0 0.8939157566302652 0.45570216776625827 0.0062402496099844 0.000942507068803016
0 0.4141965678627145 0.4538171536286522 0.0015600624024961 0.000942507068803016
0 0.5694227769110765 0.4533459000942507 0.11544461778471139 0.005655042412818096
0 0.6762870514820593 0.45193213949104616 0.09204368174726989 0.00471253534401508
0 0.8954758190327613 0.44957587181903863 0.0093603744149766 0.001885014137606032
0 0.0265210608424337 0.44910461828463716 0.0031201248049922 0.000942507068803016
0 0.5210608424336973 0.4472196041470311 0.0031201248049922 0.000942507068803016
0 0.1996879875195008 0.4481621112158341 0.031201248049921998 0.002827521206409048
0 0.7160686427457098 0.44533459000942505 0.0031201248049922 0.000942507068803016
0 0.8954758190327613 0.4439208294062206 0.0062402496099844 0.001885014137606032
0 0.3798751950078003 0.441564561734213 0.0015600624024961 0.000942507068803016
0 0.12636505460218408 0.44250706880301605 0.0374414976599064 0.00471253534401508
0 0.24414976599063962 0.441564561734213 0.014040561622464899 0.00471253534401508
0 0.20046801872074882 0.4420358152686145 0.057722308892355696 0.005655042412818096
0 0.08580343213728549 0.4505183788878417 0.1372854914196568 0.022620169651272386
0 0.5210608424336973 0.44062205466541 0.0124804992199688 0.00471253534401508
0 0.47425897035881437 0.6814326107445806 0.9485179407176287 0.48633364750235625
0 0.7160686427457098 0.43920829406220546 0.0093603744149766 0.003770028275212064
0 0.8954758190327613 0.43779453345900093 0.0093603744149766 0.002827521206409048
0 0.29797191887675506 0.4354382657869934 0.0530421216848674 0.003770028275212064
0 0.7152886115444618 0.4330819981149859 0.0015600624024961 0.000942507068803016
0 0.8962558502340093 0.4321394910461828 0.0078003120124804995 0.002827521206409048
0 0.18252730109204368 0.4297832233741753 0.0062402496099844 0.001885014137606032
0 0.8962558502340093 0.42601319509896324 0.014040561622464899 0.003770028275212064
0 0.15288611544461778 0.4213006597549482 0.0031201248049922 0.001885014137606032
0 0.4594383775351014 0.32799245994344955 0.9188767550702028 0.21866163996229973
0 0.5234009360374415 0.21347785108388312 0.0015600624024961 0.000942507068803016
0 0.5117004680187207 0.21347785108388312 0.0093603744149766 0.002827521206409048
0 0.6216848673946958 0.21300659754948162 0.0452418096723869 0.003770028275212064
0 0.48049921996879874 0.21300659754948162 0.031201248049921998 0.003770028275212064
0 0.39469578783151327 0.21206409048067862 0.0124804992199688 0.001885014137606032
0 0.7613104524180967 0.2115928369462771 0.031201248049921998 0.002827521206409048
0 0.7215288611544461 0.21206409048067862 0.0390015600624025 0.003770028275212064
0 0.6755070202808112 0.21300659754948162 0.046801872074883 0.005655042412818096
0 0.3658346333853354 0.21253534401508012 0.0390015600624025 0.00471253534401508
0 0.3166926677067083 0.21206409048067862 0.028081123244929798 0.005655042412818096
0 0.8315132605304212 0.2111215834118756 0.0998439937597504 0.005655042412818096
0 0.12012480499219969 0.21017907634307256 0.11544461778471139 0.005655042412818096
0 0.43837753510140404 0.20216776625824695 0.1809672386895476 0.002827521206409048
0 0.27613104524180965 0.20169651272384542 0.0093603744149766 0.001885014137606032
0 0.3213728549141966 0.20169651272384542 0.0343213728549142 0.003770028275212064
0 0.717628705148206 0.20075400565504242 0.32761310452418096 0.005655042412818096
0 0.11544461778471139 0.2002827521206409 0.11232449297971919 0.00471253534401508
0 0.7558502340093604 0.19132893496701225 0.0046801872074883 0.001885014137606032
0 0.7464898595943837 0.19132893496701225 0.0046801872074883 0.001885014137606032
0 0.2581903276131045 0.19085768143261075 0.0015600624024961 0.000942507068803016
0 0.25117004680187205 0.19085768143261075 0.0062402496099844 0.000942507068803016
0 0.22152886115444617 0.19132893496701225 0.0031201248049922 0.001885014137606032
0 0.7753510140405616 0.19038642789820923 0.015600624024960999 0.001885014137606032
0 0.7363494539781591 0.19085768143261075 0.0062402496099844 0.002827521206409048
0 0.6435257410296412 0.19132893496701225 0.17628705148205928 0.005655042412818096
0 0.4485179407176287 0.19180018850141375 0.20748829953198128 0.006597549481621112
0 0.3096723868954758 0.19180018850141375 0.06708268330733229 0.006597549481621112
0 0.8307332293291732 0.19038642789820923 0.09204368174726989 0.005655042412818096
0 0.13182527301092042 0.18944392082940623 0.0202808112324493 0.003770028275212064
0 0.08892355694227769 0.18944392082940623 0.0499219968798752 0.005655042412818096
0 0.16380655226209048 0.17954759660697456 0.0062402496099844 0.000942507068803016
0 0.14430577223088922 0.17954759660697456 0.0046801872074883 0.000942507068803016
0 0.7082683307332294 0.18001885014137606 0.3244929797191888 0.005655042412818096
0 0.44461778471138846 0.18001885014137606 0.1996879875195008 0.005655042412818096
0 0.2800312012480499 0.18001885014137606 0.12636505460218408 0.005655042412818096
0 0.1029641185647426 0.17907634307257306 0.0748829953198128 0.003770028275212064
0 0.27769110764430577 0.1691800188501414 0.0093603744149766 0.002827521206409048
0 0.15210608424336974 0.1691800188501414 0.0202808112324493 0.002827521206409048
0 0.6060842433697348 0.1696512723845429 0.5195007800312013 0.007540056550424128
0 0.3221528861154446 0.1691800188501414 0.0421216848673947 0.006597549481621112
0 0.1060842433697348 0.1691800188501414 0.0655226209048362 0.006597549481621112
0 0.15210608424336974 0.15692742695570217 0.0046801872074883 0.002827521206409048
0 0.0904836193447738 0.15739868049010367 0.0187207488299532 0.003770028275212064
0 0.11778471138845553 0.15692742695570217 0.029641185647425898 0.00471253534401508
0 0.5858034321372855 0.1578699340245052 0.5444617784711389 0.008482563619227144
0 0.23556942277691106 0.14467483506126297 0.0031201248049922 0.000942507068803016
0 0.20202808112324494 0.14467483506126297 0.0046801872074883 0.000942507068803016
0 0.17160686427457097 0.14514608859566447 0.0031201248049922 0.001885014137606032
0 0.2589703588143526 0.14514608859566447 0.0124804992199688 0.003770028275212064
0 0.15366614664586584 0.14514608859566447 0.0265210608424337 0.003770028275212064
0 0.11154446177847113 0.14561734213006597 0.0514820592823713 0.00471253534401508
0 0.36037441497659906 0.14467483506126297 0.0998439937597504 0.006597549481621112
0 0.8876755070202809 0.13713477851083883 0.0031201248049922 0.002827521206409048
0 0.036661466458658344 0.13006597549481622 0.0046801872074883 0.003770028275212064
0 0.8712948517940717 0.1286522148916117 0.0015600624024961 0.002827521206409048
0 0.042901716068642744 0.12158341187558906 0.0109204368174727 0.00942507068803016
0 0.031981279251170044 0.11545711592836946 0.0046801872074883 0.008482563619227144
0 0.0327613104524181 0.10697455230914232 0.0031201248049922 0.002827521206409048
0 0.1357254290171607 0.1182846371347785 0.1934477379095164 0.046182846371347785
0 0.06630265210608424 0.09000942507068803 0.0046801872074883 0.002827521206409048
0 0.9422776911076443 0.08199811498586239 0.0093603744149766 0.005655042412818096
0 0.9461778471138845 0.07540056550424128 0.0078003120124804995 0.005655042412818096
0 0.5546021840873635 0.1116870876531574 0.641185647425897 0.07822808671065033
0 0.8361934477379095 0.06267672007540057 0.0031201248049922 0.002827521206409048
0 0.06630265210608424 0.050424128180961356 0.0109204368174727 0.012252591894439209
0 0.8455538221528861 0.00942507068803016 0.0031201248049922 0.001885014137606032
0 0.8369734789391575 0.0051837888784165885 0.0015600624024961 0.000942507068803016
0 0.05382215288611544 0.0235626767200754 0.0358814352574103 0.03770028275212064
0 0.8868954758190327 0.0706880301602262 0.09516380655226209 0.1413760603204524
