0 0.5131578947368421 0.9942528735632183 0.015789473684210527 0.011494252873563218
0 0.45 0.9942528735632183 0.031578947368421054 0.011494252873563218
0 0.3960526315789474 0.9942528735632183 0.02894736842105263 0.011494252873563218
0 0.6236842105263158 0.9885057471264368 0.005263157894736842 0.007662835249042145
0 0.7276315789473684 0.9846743295019157 0.002631578947368421 0.03065134099616858
0 0.4618421052631579 0.9712643678160919 0.2710526315789474 0.05747126436781609
0 0.7473684210526316 0.9693486590038314 0.04736842105263158 0.06130268199233716
0 0.125 0.7911877394636015 0.002631578947368421 0.0038314176245210726
0 0.11052631578947368 0.7911877394636015 0.005263157894736842 0.0038314176245210726
0 0.4342105263157895 0.6877394636015326 0.005263157894736842 0.0038314176245210726
0 0.6407894736842106 0.685823754789272 0.013157894736842105 0.007662835249042145
0 0.5684210526315789 0.6877394636015326 0.02631578947368421 0.011494252873563218
0 0.42894736842105263 0.6724137931034483 0.005263157894736842 0.0038314176245210726
0 0.5526315789473685 0.6666666666666666 0.031578947368421054 0.01532567049808429
0 0.32105263157894737 0.6206896551724138 0.005263157894736842 0.007662835249042145
0 0.24473684210526317 0.5727969348659003 0.031578947368421054 0.0421455938697318
0 0.22105263157894736 0.5325670498084292 0.005263157894736842 0.007662835249042145
0 0.1736842105263158 0.5459770114942529 0.042105263157894736 0.034482758620689655
0 0.24605263157894736 0.5363984674329502 0.02894736842105263 0.022988505747126436
0 0.22105263157894736 0.5134099616858238 0.005263157894736842 0.007662835249042145
0 0.18289473684210528 0.47509578544061304 0.018421052631578946 0.007662835249042145
0 0.25 0.4846743295019157 0.031578947368421054 0.034482758620689655
0 0.2118421052631579 0.4827586206896552 0.039473684210526314 0.038314176245210725
0 0.6907894736842105 0.41954022988505746 0.05 0.011494252873563218
0 0.6131578947368421 0.41954022988505746 0.010526315789473684 0.011494252873563218
0 0.775 0.41762452107279696 0.10789473684210527 0.022988505747126436
0 0.5 0.4942528735632184 1.0 0.8582375478927203
0 0.6815789473684211 0.04597701149425287 0.05789473684210526 0.06130268199233716
0 0.756578947368421 0.04597701149425287 0.05 0.09195402298850575
0 0.7078947368421052 0.0038314176245210726 0.005263157894736842 0.007662835249042145
0 0.675 0.0019157088122605363 0.002631578947368421 0.0038314176245210726
0 0.6302631578947369 0.03639846743295019 0.013157894736842105 0.07279693486590039
0 0.4697368421052632 0.04789272030651341 0.27631578947368424 0.09578544061302682
0 0.5184210526315789 0.03065134099616858 0.031578947368421054 0.06130268199233716
0 0.45789473684210524 0.032567049808429116 0.03684210526315789 0.06513409961685823
0 0.4039473684210526 0.032567049808429116 0.04473684210526316 0.06513409961685823
