0 0.9961180124223602 0.99906191369606 0.004658385093167702 0.001876172607879925
0 0.9829192546583851 0.9985928705440901 0.006211180124223602 0.0028142589118198874
0 0.9712732919254659 0.9985928705440901 0.007763975155279503 0.0028142589118198874
0 0.9270186335403726 0.9985928705440901 0.009316770186335404 0.0028142589118198874
0 0.843167701863354 0.9587242026266416 0.012422360248447204 0.001876172607879925
0 0.8788819875776398 0.9573170731707317 0.052795031055900624 0.0028142589118198874
0 0.03571428571428571 0.9573170731707317 0.043478260869565216 0.0028142589118198874
0 0.003105590062111801 0.9573170731707317 0.006211180124223602 0.0028142589118198874
0 0.9596273291925466 0.9563789868667918 0.08074534161490683 0.008442776735459663
0 0.5419254658385093 0.949343339587242 0.052795031055900624 0.020637898686679174
0 0.5962732919254659 0.948405253283302 0.037267080745341616 0.03189493433395872
0 0.4277950310559006 0.9474671669793621 0.16925465838509315 0.03189493433395872
0 0.11568322981366459 0.9090056285178236 0.017080745341614908 0.005628517823639775
0 0.1343167701863354 0.8907129455909943 0.05745341614906832 0.025328330206378986
0 0.9650621118012422 0.874765478424015 0.03571428571428571 0.051594746716697934
0 0.4332298136645963 0.8189493433395872 0.003105590062111801 0.00375234521575985
0 0.4114906832298137 0.8123827392120075 0.003105590062111801 0.001876172607879925
0 0.9891304347826086 0.8067542213883677 0.003105590062111801 0.00375234521575985
0 0.9922360248447205 0.7945590994371482 0.003105590062111801 0.001876172607879925
0 0.9961180124223602 0.7823639774859287 0.007763975155279503 0.016885553470919325
0 0.547360248447205 0.7626641651031895 0.004658385093167702 0.001876172607879925
0 0.546583850931677 0.7575046904315197 0.009316770186335404 0.0028142589118198874
0 0.7072981366459627 0.74812382739212 0.010869565217391304 0.0009380863039399625
0 0.6940993788819876 0.74812382739212 0.003105590062111801 0.0009380863039399625
0 0.6832298136645962 0.74812382739212 0.003105590062111801 0.0009380863039399625
0 0.5916149068322981 0.7471857410881801 0.006211180124223602 0.0009380863039399625
0 0.5698757763975155 0.7471857410881801 0.021739130434782608 0.0009380863039399625
0 0.7360248447204969 0.7504690431519699 0.015527950310559006 0.009380863039399626
0 0.9161490683229814 0.7495309568480301 0.015527950310559006 0.0150093808630394
0 0.7360248447204969 0.7429643527204502 0.006211180124223602 0.001876172607879925
0 0.9177018633540373 0.7392120075046904 0.012422360248447204 0.001876172607879925
0 0.7375776397515528 0.7382739212007504 0.006211180124223602 0.001876172607879925
0 0.9177018633540373 0.7340525328330206 0.012422360248447204 0.0028142589118198874
0 0.7368012422360248 0.7335834896810507 0.010869565217391304 0.00375234521575985
0 0.7911490683229814 0.7284240150093808 0.004658385093167702 0.0009380863039399625
0 0.7725155279503105 0.7279549718574109 0.007763975155279503 0.001876172607879925
0 0.7515527950310559 0.7279549718574109 0.006211180124223602 0.001876172607879925
0 0.6529503105590062 0.7270168855534709 0.04192546583850932 0.001876172607879925
0 0.6211180124223602 0.7265478424015009 0.009316770186335404 0.0009380863039399625
0 0.5232919254658385 0.725609756097561 0.003105590062111801 0.0009380863039399625
0 0.02717391304347826 0.724671669793621 0.004658385093167702 0.0009380863039399625
0 0.7072981366459627 0.7218574108818011 0.004658385093167702 0.0009380863039399625
0 0.7127329192546584 0.725140712945591 0.062111801242236024 0.009380863039399626
0 0.46195652173913043 0.7190431519699813 0.0015527950310559005 0.0009380863039399625
0 0.44332298136645965 0.7190431519699813 0.004658385093167702 0.0009380863039399625
0 0.40683229813664595 0.7185741088180112 0.006211180124223602 0.001876172607879925
0 0.39906832298136646 0.7185741088180112 0.006211180124223602 0.001876172607879925
0 0.38664596273291924 0.7181050656660413 0.009316770186335404 0.0009380863039399625
0 0.49611801242236025 0.7143527204502814 0.03260869565217391 0.0009380863039399625
0 0.4417701863354037 0.7134146341463414 0.004658385093167702 0.0009380863039399625
0 0.4332298136645963 0.7134146341463414 0.003105590062111801 0.0009380863039399625
0 0.4231366459627329 0.7134146341463414 0.007763975155279503 0.0009380863039399625
0 0.3858695652173913 0.7124765478424016 0.004658385093167702 0.0009380863039399625
0 0.49611801242236025 0.7077861163227017 0.004658385093167702 0.0009380863039399625
0 0.47748447204968947 0.7077861163227017 0.004658385093167702 0.0009380863039399625
0 0.4697204968944099 0.7077861163227017 0.0015527950310559005 0.0009380863039399625
0 0.45729813664596275 0.7073170731707317 0.004658385093167702 0.001876172607879925
0 0.04114906832298137 0.7021575984990619 0.0015527950310559005 0.0009380863039399625
0 0.4518633540372671 0.701688555347092 0.024844720496894408 0.001876172607879925
0 0.43167701863354035 0.7012195121951219 0.003105590062111801 0.0009380863039399625
0 0.5131987577639752 0.6960600375234521 0.023291925465838508 0.001876172607879925
0 0.4813664596273292 0.6960600375234521 0.006211180124223602 0.001876172607879925
0 0.4635093167701863 0.6955909943714822 0.0015527950310559005 0.0009380863039399625
0 0.4386645962732919 0.6955909943714822 0.0015527950310559005 0.0009380863039399625
0 0.42391304347826086 0.6955909943714822 0.012422360248447204 0.0009380863039399625
0 0.02562111801242236 0.6960600375234521 0.004658385093167702 0.001876172607879925
0 0.06055900621118013 0.6955909943714822 0.009316770186335404 0.0028142589118198874
0 0.5062111801242236 0.6913696060037523 0.027950310559006212 0.001876172607879925
0 0.05822981366459627 0.6913696060037523 0.004658385093167702 0.001876172607879925
0 0.7756211180124224 0.5136022514071295 0.010869565217391304 0.0009380863039399625
0 0.9130434782608695 0.5136022514071295 0.009316770186335404 0.0028142589118198874
0 0.5590062111801242 0.5121951219512195 0.006211180124223602 0.001876172607879925
0 0.9130434782608695 0.5079737335834896 0.006211180124223602 0.0009380863039399625
0 0.6684782608695652 0.5070356472795498 0.004658385093167702 0.0009380863039399625
0 0.639751552795031 0.5070356472795498 0.009316770186335404 0.0009380863039399625
0 0.9122670807453416 0.5023452157598499 0.013975155279503106 0.0028142589118198874
0 0.5838509316770186 0.50093808630394 0.027950310559006212 0.001876172607879925
0 0.6855590062111802 0.5014071294559099 0.10714285714285714 0.004690431519699813
0 0.9130434782608695 0.49624765478424016 0.009316770186335404 0.001876172607879925
0 0.657608695652174 0.4948405253283302 0.026397515527950312 0.0009380863039399625
0 0.6350931677018633 0.4948405253283302 0.012422360248447204 0.0009380863039399625
0 0.9122670807453416 0.4901500938086304 0.013975155279503106 0.0028142589118198874
0 0.6847826086956522 0.4896810506566604 0.018633540372670808 0.001876172607879925
0 0.65527950310559 0.4892120075046904 0.037267080745341616 0.0009380863039399625
0 0.2701863354037267 0.4878048780487805 0.006211180124223602 0.001876172607879925
0 0.9122670807453416 0.4845215759849906 0.010869565217391304 0.0028142589118198874
0 0.6692546583850931 0.48358348968105064 0.006211180124223602 0.0009380863039399625
0 0.6614906832298136 0.48358348968105064 0.006211180124223602 0.0009380863039399625
0 0.6164596273291926 0.48358348968105064 0.006211180124223602 0.0009380863039399625
0 0.718167701863354 0.4896810506566604 0.03881987577639751 0.0150093808630394
0 0.6436335403726708 0.4831144465290807 0.020186335403726708 0.001876172607879925
0 0.6017080745341615 0.4831144465290807 0.004658385093167702 0.001876172607879925
0 0.5597826086956522 0.4831144465290807 0.06677018633540373 0.005628517823639775
0 0.9114906832298136 0.4793621013133208 0.009316770186335404 0.001876172607879925
0 0.7298136645962733 0.47795497185741087 0.015527950310559006 0.004690431519699813
0 0.9130434782608695 0.4727954971857411 0.006211180124223602 0.001876172607879925
0 0.7298136645962733 0.4732645403377111 0.009316770186335404 0.0028142589118198874
0 0.5388198757763976 0.474671669793621 0.024844720496894408 0.009380863039399626
0 0.34937888198757766 0.47654784240150094 0.015527950310559006 0.0150093808630394
0 0.9122670807453416 0.46810506566604126 0.007763975155279503 0.001876172607879925
0 0.7282608695652174 0.46716697936210133 0.015527950310559006 0.00375234521575985
0 0.5349378881987578 0.46669793621013134 0.010869565217391304 0.0028142589118198874
0 0.34782608695652173 0.4652908067542214 0.012422360248447204 0.00375234521575985
0 0.9122670807453416 0.4624765478424015 0.007763975155279503 0.001876172607879925
0 0.6327639751552795 0.4620075046904315 0.0015527950310559005 0.0009380863039399625
0 0.7298136645962733 0.4624765478424015 0.009316770186335404 0.00375234521575985
0 0.21661490683229814 0.45919324577861165 0.013975155279503106 0.0028142589118198874
0 0.19642857142857142 0.45872420262664165 0.010869565217391304 0.001876172607879925
0 0.17857142857142858 0.45872420262664165 0.009316770186335404 0.001876172607879925
0 0.9107142857142857 0.4573170731707317 0.013975155279503106 0.0028142589118198874
0 0.1187888198757764 0.4573170731707317 0.013975155279503106 0.0028142589118198874
0 0.5116459627329193 0.4554409005628518 0.0015527950310559005 0.0009380863039399625
0 0.4891304347826087 0.4554409005628518 0.009316770186335404 0.0009380863039399625
0 0.4767080745341615 0.4554409005628518 0.003105590062111801 0.0009380863039399625
0 0.38975155279503104 0.4545028142589118 0.003105590062111801 0.0009380863039399625
0 0.3796583850931677 0.4545028142589118 0.004658385093167702 0.0009380863039399625
0 0.6296583850931677 0.45825515947467166 0.21583850931677018 0.010318949343339587
0 0.9114906832298136 0.45121951219512196 0.009316770186335404 0.001876172607879925
0 0.5333850931677019 0.449812382739212 0.004658385093167702 0.0009380863039399625
0 0.7290372670807453 0.450281425891182 0.007763975155279503 0.00375234521575985
0 0.34782608695652173 0.44840525328330205 0.006211180124223602 0.001876172607879925
0 0.1374223602484472 0.4469981238273921 0.004658385093167702 0.0009380863039399625
0 0.9114906832298136 0.4451219512195122 0.012422360248447204 0.0028142589118198874
0 0.5737577639751553 0.4437148217636023 0.0015527950310559005 0.001876172607879925
0 0.7290372670807453 0.4446529080675422 0.013975155279503106 0.005628517823639775
0 0.5341614906832298 0.4437148217636023 0.018633540372670808 0.005628517823639775
0 0.23990683229813664 0.44136960600375236 0.017080745341614908 0.004690431519699813
0 0.19409937888198758 0.4427767354596623 0.062111801242236024 0.009380863039399626
0 0.4798136645962733 0.6796435272045028 0.9596273291925466 0.4849906191369606
0 0.9114906832298136 0.43808630393996245 0.012422360248447204 0.00375234521575985
0 0.5333850931677019 0.4366791744840525 0.0015527950310559005 0.0009380863039399625
0 0.056677018633540376 0.43386491557223267 0.0015527950310559005 0.0009380863039399625
0 0.8229813664596274 0.4324577861163227 0.003105590062111801 0.001876172607879925
0 0.812888198757764 0.4324577861163227 0.004658385093167702 0.001876172607879925
0 0.7709627329192547 0.43198874296435275 0.004658385093167702 0.0009380863039399625
0 0.7616459627329193 0.43198874296435275 0.004658385093167702 0.0009380863039399625
0 0.9114906832298136 0.4329268292682927 0.021739130434782608 0.004690431519699813
0 0.7111801242236024 0.43151969981238275 0.003105590062111801 0.001876172607879925
0 0.7018633540372671 0.43151969981238275 0.003105590062111801 0.001876172607879925
0 0.6917701863354038 0.43151969981238275 0.004658385093167702 0.001876172607879925
0 0.6824534161490683 0.43105065666041276 0.0015527950310559005 0.0009380863039399625
0 0.6739130434782609 0.43151969981238275 0.006211180124223602 0.001876172607879925
0 0.6622670807453416 0.43105065666041276 0.004658385093167702 0.0009380863039399625
0 0.65527950310559 0.43105065666041276 0.006211180124223602 0.0009380863039399625
0 0.6436335403726708 0.43151969981238275 0.004658385093167702 0.001876172607879925
0 0.6343167701863354 0.43151969981238275 0.007763975155279503 0.001876172607879925
0 0.6149068322981367 0.43151969981238275 0.006211180124223602 0.001876172607879925
0 0.6055900621118012 0.43105065666041276 0.003105590062111801 0.0009380863039399625
0 0.5954968944099379 0.43105065666041276 0.004658385093167702 0.0009380863039399625
0 0.5854037267080745 0.43105065666041276 0.003105590062111801 0.0009380863039399625
0 0.5760869565217391 0.43151969981238275 0.006211180124223602 0.001876172607879925
0 0.5659937888198758 0.43105065666041276 0.007763975155279503 0.0028142589118198874
0 0.5559006211180124 0.43105065666041276 0.006211180124223602 0.0028142589118198874
0 0.7274844720496895 0.43386491557223267 0.017080745341614908 0.010318949343339587
0 0.3548136645962733 0.42964352720450283 0.04192546583850932 0.005628517823639775
0 0.9743788819875776 0.424484052532833 0.004658385093167702 0.004690431519699813
0 0.17468944099378883 0.42120075046904315 0.0015527950310559005 0.001876172607879925
0 0.8152173913043478 0.22889305816135083 0.18012422360248448 0.005628517823639775
0 0.468944099378882 0.33067542213883677 0.937888198757764 0.2129455909943715
0 0.12267080745341614 0.2223264540337711 0.08695652173913043 0.005628517823639775
0 0.48524844720496896 0.2176360225140713 0.05434782608695652 0.00375234521575985
0 0.4254658385093168 0.21669793621013134 0.006211180124223602 0.001876172607879925
0 0.4091614906832298 0.21669793621013134 0.0015527950310559005 0.001876172607879925
0 0.40139751552795033 0.21669793621013134 0.0015527950310559005 0.001876172607879925
0 0.7072981366459627 0.21810506566604126 0.37732919254658387 0.006566604127579738
0 0.4440993788819876 0.2171669793621013 0.021739130434782608 0.004690431519699813
0 0.38664596273291924 0.21669793621013134 0.015527950310559006 0.00375234521575985
0 0.3501552795031056 0.21575984990619138 0.03260869565217391 0.005628517823639775
0 0.30357142857142855 0.21435272045028142 0.004658385093167702 0.0028142589118198874
0 0.1389751552795031 0.21106941838649157 0.10403726708074534 0.005628517823639775
0 0.6304347826086957 0.20637898686679174 0.5248447204968945 0.0075046904315197
0 0.29580745341614906 0.2045028142589118 0.13198757763975155 0.005628517823639775
0 0.2220496894409938 0.2026266416510319 0.006211180124223602 0.001876172607879925
0 0.1420807453416149 0.20075046904315197 0.12267080745341614 0.005628517823639775
0 0.78027950310559 0.19699812382739212 0.2220496894409938 0.0075046904315197
0 0.5116459627329193 0.1951219512195122 0.3090062111801242 0.0075046904315197
0 0.20885093167701863 0.19183864915572232 0.0015527950310559005 0.0009380863039399625
0 0.2864906832298137 0.19371482176360225 0.13198757763975155 0.006566604127579738
0 0.14130434782608695 0.1904315196998124 0.12111801242236025 0.0075046904315197
0 0.483695652173913 0.18292682926829268 0.8090062111801242 0.013133208255159476
0 0.3136645962732919 0.17073170731707318 0.043478260869565216 0.005628517823639775
0 0.6125776397515528 0.17401500938086303 0.5512422360248447 0.014071294559099437
0 0.13975155279503104 0.16885553470919323 0.08695652173913043 0.005628517823639775
0 0.27562111801242234 0.15806754221388367 0.007763975155279503 0.0028142589118198874
0 0.6048136645962733 0.1622889305816135 0.5450310559006211 0.013133208255159476
0 0.2096273291925466 0.1571294559099437 0.021739130434782608 0.0028142589118198874
0 0.08385093167701864 0.15619136960600374 0.003105590062111801 0.0009380863039399625
0 0.14285714285714285 0.15666041275797374 0.10559006211180125 0.005628517823639775
0 0.9293478260869565 0.14821763602251406 0.004658385093167702 0.00375234521575985
0 0.23835403726708074 0.14587242026266417 0.0015527950310559005 0.0009380863039399625
0 0.25232919254658387 0.14587242026266417 0.020186335403726708 0.0028142589118198874
0 0.2841614906832298 0.14587242026266417 0.018633540372670808 0.004690431519699813
0 0.15062111801242237 0.14540337711069418 0.12732919254658384 0.005628517823639775
0 0.9363354037267081 0.09849906191369606 0.003105590062111801 0.001876172607879925
0 0.8322981366459627 0.06144465290806754 0.003105590062111801 0.0028142589118198874
0 0.49301242236024845 0.08208255159474671 0.8928571428571429 0.15103189493433397
