0 0.5507726269315674 0.983790523690773 0.006622516556291391 0.0024937655860349127
0 0.4503311258278146 0.9501246882793017 0.008830022075055188 0.004987531172069825
0 0.46467991169977924 0.9364089775561097 0.002207505518763797 0.0024937655860349127
0 0.2704194260485651 0.9650872817955112 0.16556291390728478 0.06982543640897755
0 0.1445916114790287 0.92643391521197 0.006622516556291391 0.0024937655860349127
0 0.7991169977924945 0.9600997506234414 0.23841059602649006 0.0798004987531172
0 0.5154525386313465 0.9039900249376559 0.006622516556291391 0.007481296758104738
0 0.41611479028697573 0.9027431421446384 0.002207505518763797 0.004987531172069825
0 0.5143487858719646 0.8902743142144638 0.004415011037527594 0.004987531172069825
0 0.16666666666666666 0.8790523690773068 0.1346578366445916 0.012468827930174564
0 0.16777041942604856 0.8640897755610972 0.13245033112582782 0.012468827930174564
0 0.4227373068432671 0.8391521197007481 0.006622516556291391 0.007481296758104738
0 0.17108167770419427 0.8403990024937655 0.1390728476821192 0.029925187032418952
0 0.5209713024282561 0.8266832917705735 0.008830022075055188 0.007481296758104738
0 0.423841059602649 0.8229426433915212 0.004415011037527594 0.004987531172069825
0 0.5805739514348786 0.9077306733167082 0.5783664459161147 0.18453865336658354
0 0.17108167770419427 0.816708229426434 0.1346578366445916 0.012468827930174564
0 0.5231788079470199 0.8117206982543641 0.008830022075055188 0.007481296758104738
0 0.4271523178807947 0.8092269326683291 0.006622516556291391 0.007481296758104738
0 0.5242825607064018 0.7942643391521197 0.011037527593818985 0.007481296758104738
0 0.42935982339955847 0.7905236907730673 0.006622516556291391 0.004987531172069825
0 0.5695364238410596 0.7805486284289277 0.008830022075055188 0.004987531172069825
0 0.46578366445916114 0.7780548628428927 0.004415011037527594 0.004987531172069825
0 0.42935982339955847 0.7780548628428927 0.006622516556291391 0.00997506234413965
0 0.04083885209713024 0.6633416458852868 0.08167770419426049 0.49875311720698257
0 0.9845474613686535 0.37531172069825436 0.03090507726269316 0.022443890274314215
0 0.9845474613686535 0.19576059850374064 0.017660044150110375 0.007481296758104738
0 0.5 0.5773067331670823 1.0 0.8453865336658354
0 0.7792494481236203 0.15211970074812967 0.017660044150110375 0.014962593516209476
0 0.006622516556291391 0.12219451371571072 0.013245033112582781 0.0199501246882793
0 0.6876379690949227 0.11970074812967581 0.30242825607064017 0.04488778054862843
0 0.9768211920529801 0.02743142144638404 0.046357615894039736 0.02493765586034913
0 0.2858719646799117 0.029925187032418952 0.011037527593818985 0.059850374064837904
0 0.19646799116997793 0.008728179551122194 0.08830022075055188 0.017456359102244388
