0 0.528 0.9949494949494949 0.012 0.010101010101010102
0 0.488 0.9949494949494949 0.028 0.010101010101010102
0 0.408 0.9915824915824916 0.028 0.016835016835016835
0 0.684 0.9848484848484849 0.004 0.030303030303030304
0 0.471 0.9730639730639731 0.01 0.006734006734006734
0 0.636 0.9814814814814815 0.064 0.037037037037037035
0 0.537 0.9781144781144782 0.11 0.04377104377104377
0 0.713 0.968013468013468 0.018 0.06397306397306397
0 0.017 0.3063973063973064 0.034 0.013468013468013467
0 0.624 0.06060606060606061 0.004 0.006734006734006734
0 0.706 0.02861952861952862 0.044 0.05723905723905724
0 0.643 0.026936026936026935 0.066 0.05387205387205387
0 0.536 0.021885521885521887 0.012 0.04377104377104377
0 0.5 0.4713804713804714 1.0 0.9427609427609428
