0 0.6285714285714286 0.9912587412587412 0.009523809523809525 0.01048951048951049
0 0.5702380952380952 0.9458041958041958 0.002380952380952381 0.0034965034965034965
0 0.6142857142857143 0.9545454545454546 0.01904761904761905 0.04195804195804196
0 0.6059523809523809 0.9195804195804196 0.016666666666666666 0.013986013986013986
0 0.6297619047619047 0.916083916083916 0.007142857142857143 0.013986013986013986
0 0.444047619047619 0.9458041958041958 0.030952380952380953 0.08041958041958042
0 0.3238095238095238 0.9493006993006993 0.047619047619047616 0.08741258741258741
0 0.3892857142857143 0.9458041958041958 0.06428571428571428 0.08741258741258741
0 0.5714285714285714 0.9458041958041958 0.05238095238095238 0.10839160839160839
0 0.5833333333333334 0.8951048951048951 0.009523809523809525 0.013986013986013986
0 0.4797619047619048 0.9230769230769231 0.4595238095238095 0.15384615384615385
0 0.5 0.43356643356643354 1.0 0.8391608391608392
