0 0.361 0.9949494949494949 0.01 0.010101010101010102
0 0.502 0.9831649831649831 0.004 0.006734006734006734
0 0.463 0.9882154882154882 0.006 0.02356902356902357
0 0.384 0.9848484848484849 0.016 0.030303030303030304
0 0.358 0.9747474747474747 0.008 0.010101010101010102
0 0.333 0.9831649831649831 0.014 0.03367003367003367
0 0.302 0.9831649831649831 0.016 0.03367003367003367
0 0.556 0.9730639730639731 0.04 0.05387205387205387
0 0.351 0.9646464646464646 0.202 0.0707070707070707
0 0.976 0.867003367003367 0.048 0.04377104377104377
0 0.962 0.6801346801346801 0.008 0.013468013468013467
0 0.962 0.6632996632996633 0.004 0.006734006734006734
0 0.961 0.6447811447811448 0.01 0.010101010101010102
0 0.463 0.4292929292929293 0.006 0.003367003367003367
0 0.971 0.5252525252525253 0.058 0.21548821548821548
0 0.264 0.4208754208754209 0.008 0.006734006734006734
0 0.46 0.6616161616161617 0.92 0.5016835016835017
0 0.977 0.3956228956228956 0.046 0.02356902356902357
0 0.707 0.3939393939393939 0.422 0.03367003367003367
0 0.03 0.3838383838383838 0.028 0.013468013468013467
0 0.98 0.3602693602693603 0.04 0.020202020202020204
0 0.708 0.3602693602693603 0.42 0.026936026936026935
0 0.888 0.335016835016835 0.016 0.003367003367003367
0 0.907 0.3333333333333333 0.01 0.006734006734006734
0 0.865 0.3333333333333333 0.022 0.006734006734006734
0 0.676 0.32996632996632996 0.352 0.020202020202020204
0 0.081 0.3164983164983165 0.014 0.013468013468013467
0 0.979 0.30976430976430974 0.042 0.020202020202020204
0 0.711 0.3047138047138047 0.418 0.030303030303030304
0 0.178 0.28619528619528617 0.004 0.006734006734006734
0 0.082 0.2878787878787879 0.008 0.010101010101010102
0 0.977 0.2760942760942761 0.046 0.026936026936026935
0 0.336 0.265993265993266 0.02 0.013468013468013467
0 0.711 0.27104377104377103 0.418 0.037037037037037035
0 0.227 0.2609427609427609 0.014 0.016835016835016835
0 0.278 0.2609427609427609 0.012 0.02356902356902357
0 0.21 0.2609427609427609 0.016 0.02356902356902357
0 0.175 0.25925925925925924 0.01 0.020202020202020204
0 0.149 0.2542087542087542 0.006 0.010101010101010102
0 0.082 0.2558922558922559 0.016 0.026936026936026935
0 0.979 0.23737373737373738 0.042 0.02356902356902357
0 0.712 0.234006734006734 0.416 0.030303030303030304
0 0.176 0.2239057239057239 0.012 0.016835016835016835
0 0.975 0.1447811447811448 0.05 0.13468013468013468
0 0.469 0.13131313131313133 0.91 0.16161616161616163
0 0.472 0.02861952861952862 0.004 0.003367003367003367
0 0.492 0.005050505050505051 0.008 0.010101010101010102
0 0.385 0.005050505050505051 0.006 0.010101010101010102
0 0.36 0.005050505050505051 0.008 0.010101010101010102
0 0.332 0.005050505050505051 0.008 0.010101010101010102
0 0.307 0.003367003367003367 0.006 0.006734006734006734
