0 0.5144230769230769 0.991166077738516 0.028846153846153848 0.0176678445229682
0 0.5444711538461539 0.9876325088339223 0.026442307692307692 0.024734982332155476
0 0.5012019230769231 0.9646643109540636 0.007211538461538462 0.028268551236749116
0 0.39302884615384615 0.9628975265017667 0.026442307692307692 0.07420494699646643
0 0.3401442307692308 0.9628975265017667 0.06490384615384616 0.07420494699646643
0 0.27524038461538464 0.9628975265017667 0.040865384615384616 0.07420494699646643
0 0.5012019230769231 0.9293286219081273 0.007211538461538462 0.014134275618374558
0 0.9975961538461539 0.6590106007067138 0.004807692307692308 0.01060070671378092
0 0.5 0.5335689045936396 1.0 0.9328621908127208
0 0.5564903846153846 0.0088339222614841 0.026442307692307692 0.0176678445229682
