0 0.4633956386292835 0.9968421052631579 0.00778816199376947 0.00631578947368421
0 0.4190031152647975 0.9947368421052631 0.009345794392523364 0.010526315789473684
0 0.3925233644859813 0.9947368421052631 0.012461059190031152 0.010526315789473684
0 0.5669781931464174 0.8905263157894737 0.003115264797507788 0.004210526315789474
0 0.5872274143302181 0.8315789473684211 0.003115264797507788 0.004210526315789474
0 0.8356697819314641 0.8242105263157895 0.004672897196261682 0.002105263157894737
0 0.7110591900311527 0.82 0.001557632398753894 0.002105263157894737
0 0.6915887850467289 0.8115789473684211 0.01557632398753894 0.010526315789473684
0 0.6915887850467289 0.7957894736842105 0.006230529595015576 0.004210526315789474
0 0.9080996884735203 0.7894736842105263 0.006230529595015576 0.004210526315789474
0 0.9244548286604362 0.8494736842105263 0.15109034267912771 0.14526315789473684
0 0.9213395638629284 0.7652631578947369 0.029595015576323987 0.010526315789473684
0 0.9299065420560748 0.7526315789473684 0.012461059190031152 0.00631578947368421
0 0.9236760124610592 0.7410526315789474 0.03115264797507788 0.008421052631578947
0 0.6542056074766355 0.7326315789473684 0.006230529595015576 0.004210526315789474
0 0.26869158878504673 0.7326315789473684 0.004672897196261682 0.004210526315789474
0 0.911993769470405 0.728421052631579 0.004672897196261682 0.004210526315789474
0 0.9291277258566978 0.7273684210526316 0.020249221183800622 0.010526315789473684
0 0.9330218068535826 0.716842105263158 0.018691588785046728 0.00631578947368421
0 0.9088785046728972 0.7063157894736842 0.004672897196261682 0.002105263157894737
0 0.1378504672897196 0.7063157894736842 0.001557632398753894 0.002105263157894737
0 0.06853582554517133 0.7052631578947368 0.003115264797507788 0.004210526315789474
0 0.9338006230529595 0.7010526315789474 0.029595015576323987 0.016842105263157894
0 0.11137071651090343 0.6852631578947368 0.010903426791277258 0.002105263157894737
0 0.06853582554517133 0.6821052631578948 0.006230529595015576 0.004210526315789474
0 0.9065420560747663 0.6736842105263158 0.003115264797507788 0.004210526315789474
0 0.6978193146417445 0.6663157894736842 0.003115264797507788 0.002105263157894737
0 0.6736760124610592 0.6663157894736842 0.004672897196261682 0.002105263157894737
0 0.1378504672897196 0.6621052631578948 0.004672897196261682 0.002105263157894737
0 0.13006230529595014 0.6621052631578948 0.004672897196261682 0.002105263157894737
0 0.1191588785046729 0.66 0.004672897196261682 0.002105263157894737
0 0.07554517133956386 0.6589473684210526 0.014018691588785047 0.008421052631578947
0 0.67601246105919 0.6536842105263158 0.006230529595015576 0.002105263157894737
0 0.7001557632398754 0.651578947368421 0.001557632398753894 0.002105263157894737
0 0.27414330218068533 0.651578947368421 0.009345794392523364 0.00631578947368421
0 0.08489096573208722 0.6473684210526316 0.004672897196261682 0.002105263157894737
0 0.07476635514018691 0.6463157894736842 0.012461059190031152 0.008421052631578947
0 0.9190031152647975 0.6621052631578948 0.03426791277258567 0.056842105263157895
0 0.11370716510903427 0.6336842105263157 0.006230529595015576 0.004210526315789474
0 0.3660436137071651 0.6105263157894737 0.01557632398753894 0.004210526315789474
0 0.035046728971962614 0.611578947368421 0.014018691588785047 0.00631578947368421
0 0.8193146417445483 0.6063157894736843 0.012461059190031152 0.008421052631578947
0 0.706386292834891 0.5852631578947368 0.00778816199376947 0.008421052631578947
0 0.15342679127725856 0.5578947368421052 0.004672897196261682 0.004210526315789474
0 0.1394080996884735 0.5557894736842105 0.00778816199376947 0.008421052631578947
0 0.692367601246106 0.5505263157894736 0.00778816199376947 0.00631578947368421
0 0.14563862928348908 0.5431578947368421 0.017133956386292833 0.01263157894736842
0 0.8302180685358256 0.5389473684210526 0.018691588785046728 0.008421052631578947
0 0.14174454828660435 0.5294736842105263 0.012461059190031152 0.010526315789473684
0 0.838006230529595 0.5252631578947369 0.012461059190031152 0.00631578947368421
0 0.1425233644859813 0.5147368421052632 0.020249221183800622 0.00631578947368421
0 0.117601246105919 0.5105263157894737 0.014018691588785047 0.010526315789473684
0 0.8208722741433022 0.5052631578947369 0.006230529595015576 0.004210526315789474
0 0.14563862928348908 0.5010526315789474 0.014018691588785047 0.008421052631578947
0 0.823208722741433 0.48 0.00778816199376947 0.004210526315789474
0 0.6939252336448598 0.4694736842105263 0.00778816199376947 0.008421052631578947
0 0.6869158878504673 0.4663157894736842 0.003115264797507788 0.002105263157894737
0 0.13551401869158877 0.45789473684210524 0.03426791277258567 0.010526315789473684
0 0.6915887850467289 0.4536842105263158 0.009345794392523364 0.00631578947368421
0 0.2367601246105919 0.42210526315789476 0.006230529595015576 0.00631578947368421
0 0.14875389408099687 0.42 0.001557632398753894 0.002105263157894737
0 0.1440809968847352 0.4052631578947368 0.004672897196261682 0.002105263157894737
0 0.6884735202492211 0.3989473684210526 0.006230529595015576 0.00631578947368421
0 0.8115264797507789 0.39263157894736844 0.006230529595015576 0.00631578947368421
0 0.544392523364486 0.41368421052631577 0.10747663551401869 0.04842105263157895
0 0.23753894080996885 0.3873684210526316 0.004672897196261682 0.004210526315789474
0 0.2367601246105919 0.3757894736842105 0.009345794392523364 0.00631578947368421
0 0.2546728971962617 0.3705263157894737 0.00778816199376947 0.004210526315789474
0 0.09968847352024922 0.3568421052631579 0.006230529595015576 0.002105263157894737
0 0.07866043613707165 0.48736842105263156 0.1573208722741433 0.2673684210526316
0 0.42834890965732086 0.35157894736842105 0.021806853582554516 0.008421052631578947
0 0.39641744548286606 0.3431578947368421 0.004672897196261682 0.004210526315789474
0 0.07710280373831775 0.3357894736842105 0.001557632398753894 0.002105263157894737
0 0.042834890965732085 0.3368421052631579 0.004672897196261682 0.004210526315789474
0 0.21495327102803738 0.6368421052631579 0.42990654205607476 0.608421052631579
0 0.05451713395638629 0.3357894736842105 0.006230529595015576 0.00631578947368421
0 0.367601246105919 0.3336842105263158 0.021806853582554516 0.00631578947368421
0 0.042834890965732085 0.32526315789473687 0.001557632398753894 0.002105263157894737
0 0.7079439252336449 0.3357894736842105 0.08255451713395638 0.02736842105263158
0 0.05685358255451713 0.32421052631578945 0.004672897196261682 0.004210526315789474
0 0.3512461059190031 0.3231578947368421 0.02336448598130841 0.00631578947368421
0 0.3068535825545171 0.32526315789473687 0.01557632398753894 0.010526315789473684
0 0.382398753894081 0.32105263157894737 0.014018691588785047 0.00631578947368421
0 0.6557632398753894 0.31684210526315787 0.009345794392523364 0.00631578947368421
0 0.3341121495327103 0.3126315789473684 0.017133956386292833 0.00631578947368421
0 0.059190031152647975 0.31157894736842107 0.009345794392523364 0.004210526315789474
0 0.5537383177570093 0.3094736842105263 0.004672897196261682 0.004210526315789474
0 0.5342679127725857 0.31157894736842107 0.028037383177570093 0.008421052631578947
0 0.37850467289719625 0.3094736842105263 0.006230529595015576 0.004210526315789474
0 0.04127725856697819 0.31157894736842107 0.017133956386292833 0.008421052631578947
0 0.10202492211838006 0.30842105263157893 0.020249221183800622 0.00631578947368421
0 0.6744548286604362 0.3031578947368421 0.03426791277258567 0.008421052631578947
0 0.03582554517133956 0.30105263157894735 0.003115264797507788 0.004210526315789474
0 0.2546728971962617 0.30105263157894735 0.0264797507788162 0.008421052631578947
0 0.07554517133956386 0.29894736842105263 0.010903426791277258 0.004210526315789474
0 0.5521806853582555 0.3 0.06386292834890965 0.010526315789473684
0 0.3925233644859813 0.29578947368421055 0.003115264797507788 0.002105263157894737
0 0.36682242990654207 0.29789473684210527 0.03582554517133956 0.00631578947368421
0 0.6806853582554517 0.2905263157894737 0.009345794392523364 0.004210526315789474
0 0.07554517133956386 0.2873684210526316 0.001557632398753894 0.002105263157894737
0 0.05841121495327103 0.2894736842105263 0.014018691588785047 0.00631578947368421
0 0.03894080996884735 0.2905263157894737 0.012461059190031152 0.008421052631578947
0 0.34890965732087226 0.2873684210526316 0.03115264797507788 0.00631578947368421
0 0.08800623052959501 0.2873684210526316 0.00778816199376947 0.00631578947368421
0 0.13629283489096572 0.28526315789473683 0.03271028037383177 0.00631578947368421
0 0.8208722741433022 0.2810526315789474 0.003115264797507788 0.002105263157894737
0 0.8294392523364486 0.28 0.004672897196261682 0.004210526315789474
0 0.2219626168224299 0.27789473684210525 0.02336448598130841 0.008421052631578947
0 0.11370716510903427 0.27473684210526317 0.003115264797507788 0.002105263157894737
0 0.05218068535825545 0.27789473684210525 0.03894080996884735 0.008421052631578947
0 0.09423676012461059 0.27578947368421053 0.020249221183800622 0.008421052631578947
0 0.1308411214953271 0.26105263157894737 0.003115264797507788 0.004210526315789474
0 0.11292834890965732 0.26210526315789473 0.010903426791277258 0.00631578947368421
0 0.9727414330218068 0.2578947368421053 0.001557632398753894 0.002105263157894737
0 0.08255451713395638 0.25157894736842107 0.006230529595015576 0.002105263157894737
0 0.059190031152647975 0.25894736842105265 0.056074766355140186 0.021052631578947368
0 0.11214953271028037 0.23684210526315788 0.06230529595015576 0.010526315789473684
0 0.08333333333333333 0.22631578947368422 0.017133956386292833 0.002105263157894737
0 0.06619937694704049 0.22736842105263158 0.00778816199376947 0.004210526315789474
0 0.5007788161993769 0.49157894736842106 0.9984423676012462 0.9031578947368422
0 0.57398753894081 0.01368421052631579 0.00778816199376947 0.00631578947368421
0 0.633177570093458 0.023157894736842106 0.014018691588785047 0.04631578947368421
0 0.6137071651090342 0.023157894736842106 0.009345794392523364 0.04631578947368421
0 0.4781931464174455 0.009473684210526316 0.003115264797507788 0.018947368421052633
0 0.45638629283489096 0.010526315789473684 0.012461059190031152 0.021052631578947368
0 0.43302180685358255 0.009473684210526316 0.009345794392523364 0.018947368421052633
0 0.40965732087227413 0.010526315789473684 0.003115264797507788 0.021052631578947368
0 0.4501557632398754 0.023157894736842106 0.16822429906542055 0.04631578947368421
