0 0.605072463768116 0.941696113074205 0.0024154589371980675 0.0035335689045936395
0 0.5591787439613527 0.9399293286219081 0.06521739130434782 0.09187279151943463
0 0.5495169082125604 0.8551236749116607 0.007246376811594203 0.007067137809187279
0 0.5289855072463768 0.8551236749116607 0.00966183574879227 0.007067137809187279
0 0.3719806763285024 0.9257950530035336 0.2946859903381642 0.14840989399293286
0 0.6545893719806763 0.9240282685512368 0.06280193236714976 0.1519434628975265
0 0.5652173913043478 0.7685512367491166 0.07729468599033816 0.13780918727915195
0 0.1497584541062802 0.7508833922261484 0.07729468599033816 0.1519434628975265
0 0.004830917874396135 0.09717314487632508 0.00966183574879227 0.01060070671378092
0 0.5 0.43109540636042404 1.0 0.8268551236749117
