0 0.5372340425531915 0.9985119047619048 0.0035460992907801418 0.002976190476190476
0 0.526595744680851 0.9985119047619048 0.010638297872340425 0.002976190476190476
0 0.5 0.9985119047619048 0.0070921985815602835 0.002976190476190476
0 0.33687943262411346 0.9464285714285714 0.0070921985815602835 0.005952380952380952
0 0.37056737588652483 0.9464285714285714 0.031914893617021274 0.011904761904761904
0 0.7296099290780141 0.9375 0.005319148936170213 0.005952380952380952
0 0.5540780141843972 0.9434523809523809 0.09042553191489362 0.017857142857142856
0 0.27570921985815605 0.9330357142857143 0.030141843971631204 0.008928571428571428
0 0.2473404255319149 0.9315476190476191 0.012411347517730497 0.005952380952380952
0 0.6046099290780141 0.9241071428571429 0.0035460992907801418 0.002976190476190476
0 0.874113475177305 0.9092261904761905 0.0035460992907801418 0.008928571428571428
0 0.5762411347517731 0.9017857142857143 0.014184397163120567 0.005952380952380952
0 0.5345744680851063 0.9002976190476191 0.008865248226950355 0.002976190476190476
0 0.5576241134751773 0.8988095238095238 0.008865248226950355 0.005952380952380952
0 0.22163120567375885 0.8839285714285714 0.09219858156028368 0.02976190476190476
0 0.5842198581560284 0.8690476190476191 0.008865248226950355 0.005952380952380952
0 0.5292553191489362 0.8675595238095238 0.005319148936170213 0.002976190476190476
0 0.37943262411347517 0.8690476190476191 0.08156028368794327 0.017857142857142856
0 0.7455673758865248 0.8392857142857143 0.0017730496453900709 0.005952380952380952
0 0.7225177304964538 0.8854166666666666 0.13297872340425532 0.10416666666666667
0 0.22340425531914893 0.8452380952380952 0.09929078014184398 0.023809523809523808
0 0.5274822695035462 0.8348214285714286 0.015957446808510637 0.008928571428571428
0 0.38475177304964536 0.8363095238095238 0.09574468085106383 0.023809523809523808
0 0.12854609929078015 0.8556547619047619 0.03723404255319149 0.13988095238095238
0 0.010638297872340425 0.7083333333333334 0.02127659574468085 0.02976190476190476
0 0.8785460992907801 0.7023809523809523 0.2429078014184397 0.07142857142857142
0 0.9840425531914894 0.5669642857142857 0.01773049645390071 0.008928571428571428
0 0.9051418439716312 0.5431547619047619 0.0017730496453900709 0.002976190476190476
0 0.9804964539007093 0.5372023809523809 0.0035460992907801418 0.002976190476190476
0 0.9627659574468085 0.5252976190476191 0.010638297872340425 0.008928571428571428
0 0.5 0.35267857142857145 1.0 0.5863095238095238
0 0.5682624113475178 0.04017857142857143 0.012411347517730497 0.008928571428571428
0 0.574468085106383 0.023809523809523808 0.0035460992907801418 0.005952380952380952
0 0.5664893617021277 0.011904761904761904 0.005319148936170213 0.011904761904761904
0 0.6445035460992907 0.03571428571428571 0.040780141843971635 0.07142857142857142
0 0.5877659574468085 0.005952380952380952 0.008865248226950355 0.011904761904761904
0 0.5531914893617021 0.004464285714285714 0.0035460992907801418 0.008928571428571428
0 0.4725177304964539 0.01488095238095238 0.005319148936170213 0.02976190476190476
0 0.4441489361702128 0.01488095238095238 0.01950354609929078 0.02976190476190476
0 0.4228723404255319 0.013392857142857142 0.01950354609929078 0.026785714285714284
0 0.38652482269503546 0.013392857142857142 0.024822695035460994 0.026785714285714284
0 0.4379432624113475 0.03422619047619048 0.20921985815602837 0.06845238095238096
