0 0.589588377723971 0.9964664310954063 0.007263922518159807 0.007067137809187279
0 0.5520581113801453 0.9964664310954063 0.004842615012106538 0.007067137809187279
0 0.288135593220339 0.9964664310954063 0.004842615012106538 0.007067137809187279
0 0.3910411622276029 0.9893992932862191 0.021791767554479417 0.02120141342756184
0 0.5363196125907991 0.9522968197879859 0.007263922518159807 0.0176678445229682
0 0.4261501210653753 0.9717314487632509 0.024213075060532687 0.05653710247349823
0 0.3704600484261501 0.9699646643109541 0.05811138014527845 0.06007067137809187
0 0.31476997578692495 0.9699646643109541 0.024213075060532687 0.06007067137809187
0 0.29539951573849876 0.9469964664310954 0.014527845036319613 0.014134275618374558
0 0.6634382566585957 0.9522968197879859 0.05811138014527845 0.09540636042402827
0 0.3801452784503632 0.9469964664310954 0.2857142857142857 0.10600706713780919
0 0.5 0.4787985865724382 1.0 0.7879858657243817
0 0.6222760290556901 0.044169611307420496 0.014527845036319613 0.01060070671378092
0 0.6549636803874092 0.04240282685512368 0.01694915254237288 0.02120141342756184
0 0.589588377723971 0.0353356890459364 0.002421307506053269 0.014134275618374558
0 0.6658595641646489 0.01060070671378092 0.009685230024213076 0.02120141342756184
0 0.6004842615012107 0.012367491166077738 0.029055690072639227 0.024734982332155476
0 0.48062953995157387 0.012367491166077738 0.012106537530266344 0.024734982332155476
0 0.44794188861985473 0.012367491166077738 0.009685230024213076 0.024734982332155476
0 0.40799031476997577 0.01060070671378092 0.012106537530266344 0.02120141342756184
0 0.3668280871670702 0.01060070671378092 0.04116222760290557 0.02120141342756184
