0 0.9973118279569892 0.8023715415019763 0.005376344086021506 0.03162055335968379
0 0.5 0.5098814229249012 1.0 0.8063241106719368
0 0.5376344086021505 0.06324110671936758 0.010752688172043012 0.007905138339920948
0 0.5268817204301075 0.05731225296442688 0.005376344086021506 0.011857707509881422
0 0.5860215053763441 0.02766798418972332 0.005376344086021506 0.007905138339920948
0 0.5268817204301075 0.023715415019762844 0.005376344086021506 0.007905138339920948
0 0.553763440860215 0.043478260869565216 0.03763440860215054 0.05533596837944664
0 0.4206989247311828 0.025691699604743084 0.013440860215053764 0.05138339920948617
0 0.3736559139784946 0.025691699604743084 0.016129032258064516 0.05138339920948617
0 0.31586021505376344 0.025691699604743084 0.051075268817204304 0.05138339920948617
