0 0.57125 0.9761029411764706 0.0325 0.04779411764705882
0 0.5225 0.9761029411764706 0.015 0.04779411764705882
0 0.45875 0.9742647058823529 0.0425 0.051470588235294115
0 0.71375 0.9724264705882353 0.0875 0.05514705882352941
0 0.77 0.9558823529411765 0.12 0.08823529411764706
0 0.5275 0.9522058823529411 0.28 0.09558823529411764
0 0.19375 0.8125 0.2225 0.08088235294117647
0 0.29875 0.7444852941176471 0.0075 0.03308823529411765
0 0.5 0.46691176470588236 1.0 0.875
0 0.78125 0.03676470588235294 0.0575 0.07352941176470588
0 0.69875 0.025735294117647058 0.0875 0.051470588235294115
0 0.5575 0.011029411764705883 0.015 0.022058823529411766
0 0.52375 0.011029411764705883 0.0175 0.022058823529411766
0 0.4875 0.009191176470588236 0.015 0.01838235294117647
0 0.45875 0.007352941176470588 0.0125 0.014705882352941176
0 0.5075 0.03308823529411765 0.265 0.0661764705882353
