0 0.5782918149466192 0.9910358565737052 0.0035587188612099642 0.00199203187250996
0 0.14056939501779359 0.9880478087649402 0.28113879003558717 0.02390438247011952
0 0.8380782918149466 0.9850597609561753 0.3238434163701068 0.029880478087649404
0 0.4101423487544484 0.9850597609561753 0.012455516014234875 0.029880478087649404
0 0.5444839857651246 0.9790836653386454 0.010676156583629894 0.025896414342629483
0 0.447508896797153 0.9750996015936255 0.16903914590747332 0.049800796812749
0 0.6272241992882562 0.9741035856573705 0.01601423487544484 0.05179282868525897
0 0.6067615658362989 0.9741035856573705 0.010676156583629894 0.05179282868525897
0 0.8202846975088968 0.8944223107569721 0.03914590747330961 0.00796812749003984
0 0.6245551601423488 0.796812749003984 0.02491103202846975 0.01195219123505976
0 0.9813167259786477 0.8266932270916335 0.037366548042704624 0.10358565737051793
0 0.8790035587188612 0.7788844621513944 0.16370106761565836 0.0199203187250996
0 0.9217081850533808 0.7599601593625498 0.0035587188612099642 0.00199203187250996
0 0.8193950177935944 0.75199203187251 0.019572953736654804 0.00597609561752988
0 0.08718861209964412 0.7470119521912351 0.014234875444839857 0.00398406374501992
0 0.400355871886121 0.7400398406374502 0.0035587188612099642 0.00199203187250996
0 0.8131672597864769 0.7420318725099602 0.03558718861209965 0.0099601593625498
0 0.3790035587188612 0.7400398406374502 0.014234875444839857 0.00597609561752988
0 0.36743772241992884 0.7300796812749004 0.037366548042704624 0.0099601593625498
0 0.3612099644128114 0.7201195219123506 0.0071174377224199285 0.00199203187250996
0 0.3398576512455516 0.7111553784860558 0.010676156583629894 0.00398406374501992
0 0.3683274021352313 0.7111553784860558 0.042704626334519574 0.00796812749003984
0 0.08718861209964412 0.7191235059760956 0.03558718861209965 0.03187250996015936
0 0.3790035587188612 0.6932270916334662 0.014234875444839857 0.00398406374501992
0 0.26868327402135234 0.6922310756972112 0.0035587188612099642 0.00199203187250996
0 0.30782918149466193 0.6912350597609562 0.017793594306049824 0.00398406374501992
0 0.07473309608540925 0.6912350597609562 0.0071174377224199285 0.00398406374501992
0 0.8033807829181495 0.6882470119521913 0.023131672597864767 0.00597609561752988
0 0.8816725978647687 0.6842629482071713 0.012455516014234875 0.00199203187250996
0 0.8647686832740213 0.6842629482071713 0.014234875444839857 0.00199203187250996
0 0.8345195729537367 0.6862549800796812 0.0071174377224199285 0.00597609561752988
0 0.3887900355871886 0.6743027888446215 0.005338078291814947 0.00199203187250996
0 0.902135231316726 0.6743027888446215 0.02491103202846975 0.00597609561752988
0 0.3469750889679715 0.6733067729083665 0.03558718861209965 0.00398406374501992
0 0.2304270462633452 0.6713147410358565 0.008896797153024912 0.00398406374501992
0 0.20818505338078291 0.6713147410358565 0.03202846975088968 0.00398406374501992
0 0.17348754448398576 0.6613545816733067 0.04804270462633452 0.00796812749003984
0 0.0898576512455516 0.6643426294820717 0.04448398576512456 0.017928286852589643
0 0.9670818505338078 0.6523904382470119 0.008896797153024912 0.00199203187250996
0 0.3816725978647687 0.6523904382470119 0.023131672597864767 0.00597609561752988
0 0.2393238434163701 0.651394422310757 0.01601423487544484 0.00398406374501992
0 0.0898576512455516 0.648406374501992 0.04092526690391459 0.00597609561752988
0 0.39234875444839856 0.6424302788844621 0.01601423487544484 0.00597609561752988
0 0.26512455516014233 0.6414342629482072 0.014234875444839857 0.00398406374501992
0 0.29626334519572955 0.646414342629482 0.09430604982206406 0.017928286852589643
0 0.17704626334519574 0.6394422310756972 0.04448398576512456 0.00796812749003984
0 0.3683274021352313 0.6095617529880478 0.060498220640569395 0.04780876494023904
0 0.3594306049822064 0.5776892430278885 0.0071174377224199285 0.00398406374501992
0 0.2197508896797153 0.5756972111553785 0.012455516014234875 0.00398406374501992
0 0.39768683274021355 0.5697211155378487 0.019572953736654804 0.00796812749003984
0 0.3638790035587189 0.5697211155378487 0.012455516014234875 0.00796812749003984
0 0.31494661921708184 0.5677290836653387 0.0498220640569395 0.00796812749003984
0 0.22864768683274023 0.5647410358565738 0.012455516014234875 0.00597609561752988
0 0.3683274021352313 0.5567729083665338 0.0071174377224199285 0.00597609561752988
0 0.1797153024911032 0.598605577689243 0.3594306049822064 0.08964143426294821
0 0.33540925266903915 0.5507968127490039 0.026690391459074734 0.017928286852589643
0 0.07740213523131673 0.546812749003984 0.13345195729537365 0.013944223107569721
0 0.34341637010676157 0.5348605577689243 0.0035587188612099642 0.00199203187250996
0 0.4012455516014235 0.5448207171314741 0.026690391459074734 0.03386454183266932
0 0.3692170818505338 0.5398406374501992 0.01601423487544484 0.02390438247011952
0 0.08274021352313167 0.5258964143426295 0.11921708185053381 0.01195219123505976
0 0.016903914590747332 0.5239043824701195 0.008896797153024912 0.00796812749003984
0 0.36743772241992884 0.5199203187250996 0.005338078291814947 0.00398406374501992
0 0.31316725978647686 0.5109561752988048 0.060498220640569395 0.00597609561752988
0 0.07740213523131673 0.5069721115537849 0.12277580071174377 0.013944223107569721
0 0.2944839857651246 0.49800796812749004 0.012455516014234875 0.00398406374501992
0 0.13167259786476868 0.4910358565737052 0.03202846975088968 0.0099601593625498
0 0.2677935943060498 0.4860557768924303 0.01601423487544484 0.00398406374501992
0 0.09519572953736655 0.48904382470119523 0.026690391459074734 0.0099601593625498
0 0.046263345195729534 0.4850597609561753 0.06405693950177936 0.017928286852589643
0 0.3096085409252669 0.4770916334661355 0.02491103202846975 0.00597609561752988
0 0.2900355871886121 0.4750996015936255 0.0035587188612099642 0.00199203187250996
0 0.3398576512455516 0.46713147410358563 0.0035587188612099642 0.00199203187250996
0 0.12099644128113879 0.46613545816733065 0.021352313167259787 0.00796812749003984
0 0.08540925266903915 0.46613545816733065 0.02491103202846975 0.00796812749003984
0 0.05871886120996441 0.4641434262948207 0.010676156583629894 0.00398406374501992
0 0.6708185053380783 0.46115537848605576 0.021352313167259787 0.00597609561752988
0 0.7313167259786477 0.46115537848605576 0.03558718861209965 0.0099601593625498
0 0.10676156583629894 0.45119521912350596 0.010676156583629894 0.00199203187250996
0 0.04359430604982206 0.4531872509960159 0.051601423487544484 0.00597609561752988
0 0.9679715302491103 0.3157370517928287 0.028469750889679714 0.00597609561752988
0 0.9777580071174378 0.301792828685259 0.005338078291814947 0.00199203187250996
0 0.9688612099644128 0.301792828685259 0.0017793594306049821 0.00199203187250996
0 0.3816725978647687 0.299800796812749 0.0017793594306049821 0.00199203187250996
0 0.3994661921708185 0.29880478087649404 0.026690391459074734 0.00398406374501992
0 0.3113879003558719 0.29880478087649404 0.014234875444839857 0.00398406374501992
0 0.5 0.601593625498008 1.0 0.6733067729083665
0 0.498220640569395 0.26195219123505975 0.9679715302491103 0.029880478087649404
0 0.5008896797153025 0.24203187250996017 0.9697508896797153 0.03386454183266932
0 0.7766903914590747 0.2061752988047809 0.008896797153024912 0.00199203187250996
0 0.8905693950177936 0.2061752988047809 0.1903914590747331 0.00597609561752988
0 0.5008896797153025 0.21912350597609562 0.9768683274021353 0.03187250996015936
0 0.5809608540925267 0.2061752988047809 0.3683274021352313 0.0099601593625498
0 0.38701067615658363 0.20219123505976094 0.008896797153024912 0.00199203187250996
0 0.1619217081850534 0.19621513944223107 0.2704626334519573 0.013944223107569721
0 0.5 0.1145418326693227 1.0 0.16533864541832669
0 0.5765124555160143 0.026892430278884463 0.0071174377224199285 0.00597609561752988
0 0.447508896797153 0.01593625498007968 0.008896797153024912 0.00796812749003984
0 0.5765124555160143 0.0069721115537848604 0.0071174377224199285 0.013944223107569721
0 0.4724199288256228 0.008964143426294821 0.005338078291814947 0.017928286852589643
0 0.4288256227758007 0.0099601593625498 0.010676156583629894 0.0199203187250996
0 0.40480427046263345 0.008964143426294821 0.005338078291814947 0.017928286852589643
