0 0.7135416666666666 0.9790076335877863 0.005208333333333333 0.011450381679389313
0 0.65625 0.9732824427480916 0.005208333333333333 0.007633587786259542
0 0.52734375 0.9770992366412213 0.033854166666666664 0.04580152671755725
0 0.4700520833333333 0.9751908396946565 0.049479166666666664 0.04961832061068702
0 0.4140625 0.9751908396946565 0.041666666666666664 0.04961832061068702
0 0.6822916666666666 0.9713740458015268 0.046875 0.05725190839694656
0 0.6393229166666666 0.9713740458015268 0.028645833333333332 0.05725190839694656
0 0.765625 0.9580152671755725 0.057291666666666664 0.08396946564885496
0 0.4765625 0.9561068702290076 0.2864583333333333 0.08778625954198473
0 0.37109375 0.7309160305343512 0.018229166666666668 0.011450381679389313
0 0.390625 0.7118320610687023 0.005208333333333333 0.003816793893129771
0 0.11197916666666667 0.7118320610687023 0.010416666666666666 0.011450381679389313
0 0.3671875 0.7041984732824428 0.026041666666666668 0.03435114503816794
0 0.109375 0.6927480916030534 0.015625 0.011450381679389313
0 0.359375 0.6698473282442748 0.005208333333333333 0.003816793893129771
0 0.3606770833333333 0.6545801526717557 0.0078125 0.011450381679389313
0 0.23177083333333334 0.6545801526717557 0.010416666666666666 0.011450381679389313
0 0.11197916666666667 0.6507633587786259 0.005208333333333333 0.003816793893129771
0 0.3580729166666667 0.6278625954198473 0.0026041666666666665 0.003816793893129771
0 0.9986979166666666 0.6087786259541985 0.0026041666666666665 0.003816793893129771
0 0.22916666666666666 0.5190839694656488 0.005208333333333333 0.007633587786259542
0 0.10807291666666667 0.517175572519084 0.0078125 0.011450381679389313
0 0.22786458333333334 0.49427480916030536 0.0026041666666666665 0.003816793893129771
0 0.10677083333333333 0.4961832061068702 0.005208333333333333 0.007633587786259542
0 0.3463541666666667 0.4713740458015267 0.005208333333333333 0.003816793893129771
0 0.22135416666666666 0.4637404580152672 0.020833333333333332 0.03435114503816794
0 0.10546875 0.4637404580152672 0.013020833333333334 0.03435114503816794
0 0.5 0.46564885496183206 1.0 0.8702290076335878
0 0.7200520833333334 0.02480916030534351 0.059895833333333336 0.04961832061068702
0 0.609375 0.007633587786259542 0.041666666666666664 0.015267175572519083
0 0.4348958333333333 0.019083969465648856 0.28125 0.03816793893129771
