0 0.8713991769547325 0.9865951742627346 0.006172839506172839 0.010723860589812333
0 0.5205761316872428 0.9396782841823056 0.0205761316872428 0.03485254691689008
0 0.8991769547325102 0.9128686327077749 0.00411522633744856 0.002680965147453083
0 0.6944444444444444 0.9048257372654156 0.00205761316872428 0.002680965147453083
0 0.5246913580246914 0.9048257372654156 0.00823045267489712 0.00804289544235925
0 0.4948559670781893 0.9249329758713136 0.047325102880658436 0.058981233243967826
0 0.39711934156378603 0.9115281501340483 0.0205761316872428 0.04289544235924933
0 0.3549382716049383 0.9075067024128687 0.03909465020576132 0.045576407506702415
0 0.31275720164609055 0.9021447721179625 0.0205761316872428 0.040214477211796246
0 0.8847736625514403 0.886058981233244 0.18106995884773663 0.22788203753351208
0 0.0102880658436214 0.7546916890080428 0.0205761316872428 0.013404825737265416
0 0.9598765432098766 0.7546916890080428 0.02263374485596708 0.024128686327077747
0 0.9866255144032922 0.8096514745308311 0.026748971193415638 0.1769436997319035
0 0.9804526748971193 0.7037533512064343 0.03909465020576132 0.01876675603217158
0 0.11728395061728394 0.6943699731903485 0.00411522633744856 0.005361930294906166
0 0.09773662551440329 0.6916890080428955 0.006172839506172839 0.005361930294906166
0 0.0030864197530864196 0.6983914209115282 0.006172839506172839 0.024128686327077747
0 0.9835390946502057 0.67828418230563 0.03292181069958848 0.021447721179624665
0 0.0257201646090535 0.6702412868632708 0.006172839506172839 0.005361930294906166
0 0.11316872427983539 0.6648793565683646 0.00823045267489712 0.010723860589812333
0 0.9814814814814815 0.6528150134048257 0.037037037037037035 0.024128686327077747
0 0.9938271604938271 0.6219839142091153 0.012345679012345678 0.010723860589812333
0 0.3497942386831276 0.792225201072386 0.6995884773662552 0.4155495978552279
0 0.08333333333333333 0.675603217158177 0.14609053497942387 0.26273458445040215
0 0.7469135802469136 0.4839142091152815 0.00411522633744856 0.002680965147453083
0 0.5442386831275721 0.4772117962466488 0.026748971193415638 0.03753351206434316
0 0.5174897119341564 0.4624664879356568 0.006172839506172839 0.00804289544235925
0 0.6934156378600823 0.44638069705093836 0.00411522633744856 0.002680965147453083
0 0.522633744855967 0.4477211796246649 0.00411522633744856 0.005361930294906166
0 0.9609053497942387 0.43699731903485256 0.00411522633744856 0.005361930294906166
0 0.4711934156378601 0.43029490616621985 0.00823045267489712 0.00804289544235925
0 0.9598765432098766 0.42091152815013405 0.006172839506172839 0.005361930294906166
0 0.389917695473251 0.42091152815013405 0.006172839506172839 0.005361930294906166
0 0.46810699588477367 0.41420911528150134 0.00205761316872428 0.002680965147453083
0 0.5493827160493827 0.40482573726541554 0.00411522633744856 0.005361930294906166
0 0.009259259259259259 0.3646112600536193 0.018518518518518517 0.0160857908847185
0 0.01954732510288066 0.34316353887399464 0.006172839506172839 0.005361930294906166
0 0.9845679012345679 0.10991957104557641 0.006172839506172839 0.005361930294906166
0 0.9876543209876543 0.08981233243967829 0.024691358024691357 0.024128686327077747
0 0.4773662551440329 0.004021447721179625 0.024691358024691357 0.00804289544235925
0 0.5123456790123457 0.30160857908847183 0.9753086419753086 0.6032171581769437
