0 0.3771043771043771 0.9973958333333334 0.006734006734006734 0.005208333333333333
0 0.42003367003367004 0.9965277777777778 0.008417508417508417 0.006944444444444444
0 0.4015151515151515 0.9965277777777778 0.008417508417508417 0.006944444444444444
0 0.4452861952861953 0.9956597222222222 0.011784511784511785 0.008680555555555556
0 0.5454545454545454 0.9887152777777778 0.006734006734006734 0.008680555555555556
0 0.12373737373737374 0.9444444444444444 0.005050505050505051 0.003472222222222222
0 0.4503367003367003 0.7717013888888888 0.008417508417508417 0.005208333333333333
0 0.5370370370370371 0.7708333333333334 0.006734006734006734 0.010416666666666666
0 0.9494949494949495 0.7508680555555556 0.003367003367003367 0.001736111111111111
0 0.627104377104377 0.7508680555555556 0.005050505050505051 0.005208333333333333
0 0.5378787878787878 0.7526041666666666 0.008417508417508417 0.012152777777777778
0 0.7213804713804713 0.7517361111111112 0.03198653198653199 0.013888888888888888
0 0.2718855218855219 0.7473958333333334 0.018518518518518517 0.005208333333333333
0 0.2415824915824916 0.7517361111111112 0.018518518518518517 0.017361111111111112
0 0.6919191919191919 0.734375 0.003367003367003367 0.003472222222222222
0 0.5336700336700336 0.7361111111111112 0.010101010101010102 0.006944444444444444
0 0.7483164983164983 0.7326388888888888 0.005050505050505051 0.003472222222222222
0 0.6262626262626263 0.7361111111111112 0.02356902356902357 0.010416666666666666
0 0.7196969696969697 0.734375 0.03535353535353535 0.010416666666666666
0 0.622895622895623 0.7204861111111112 0.020202020202020204 0.010416666666666666
0 0.7306397306397306 0.7196180555555556 0.04040404040404041 0.012152777777777778
0 0.7003367003367004 0.7013888888888888 0.016835016835016835 0.010416666666666666
0 0.7230639730639731 0.6996527777777778 0.008417508417508417 0.013888888888888888
0 0.5353535353535354 0.6571180555555556 0.003367003367003367 0.001736111111111111
0 0.5143097643097643 0.65625 0.008417508417508417 0.010416666666666666
0 0.5437710437710438 0.6467013888888888 0.006734006734006734 0.001736111111111111
0 0.5143097643097643 0.6449652777777778 0.008417508417508417 0.008680555555555556
0 0.5345117845117845 0.6388888888888888 0.008417508417508417 0.003472222222222222
0 0.7213804713804713 0.6397569444444444 0.018518518518518517 0.008680555555555556
0 0.6043771043771043 0.6449652777777778 0.010101010101010102 0.022569444444444444
0 0.5462962962962963 0.6354166666666666 0.008417508417508417 0.006944444444444444
0 0.6296296296296297 0.6388888888888888 0.020202020202020204 0.017361111111111112
0 0.6927609427609428 0.6380208333333334 0.011784511784511785 0.022569444444444444
0 0.5126262626262627 0.6293402777777778 0.011784511784511785 0.015625
0 0.718013468013468 0.6232638888888888 0.021885521885521887 0.010416666666666666
0 0.6245791245791246 0.6215277777777778 0.016835016835016835 0.010416666666666666
0 0.6018518518518519 0.6215277777777778 0.008417508417508417 0.010416666666666666
0 0.5437710437710438 0.6180555555555556 0.006734006734006734 0.006944444444444444
0 0.6910774410774411 0.6145833333333334 0.008417508417508417 0.010416666666666666
0 0.7070707070707071 0.6059027777777778 0.003367003367003367 0.006944444444444444
0 0.5303030303030303 0.6024305555555556 0.006734006734006734 0.003472222222222222
0 0.7163299663299664 0.6024305555555556 0.008417508417508417 0.013888888888888888
0 0.7121212121212122 0.5920138888888888 0.006734006734006734 0.006944444444444444
0 0.6237373737373737 0.5928819444444444 0.021885521885521887 0.026041666666666668
0 0.7163299663299664 0.5737847222222222 0.008417508417508417 0.005208333333333333
0 0.7104377104377104 0.5642361111111112 0.006734006734006734 0.006944444444444444
0 0.702020202020202 0.5625 0.006734006734006734 0.010416666666666666
0 0.5067340067340067 0.5789930555555556 0.020202020202020204 0.0642361111111111
0 0.4065656565656566 0.3958333333333333 0.005050505050505051 0.006944444444444444
0 0.42424242424242425 0.3940972222222222 0.026936026936026935 0.010416666666666666
0 0.6952861952861953 0.3940972222222222 0.0707070707070707 0.013888888888888888
0 0.18518518518518517 0.4001736111111111 0.020202020202020204 0.026041666666666668
0 0.14898989898989898 0.3993055555555556 0.018518518518518517 0.024305555555555556
0 0.5765993265993266 0.4939236111111111 0.33164983164983164 0.2170138888888889
0 0.5252525252525253 0.375 0.05723905723905724 0.013888888888888888
0 0.24831649831649832 0.3732638888888889 0.008417508417508417 0.010416666666666666
0 0.4318181818181818 0.3732638888888889 0.08922558922558922 0.013888888888888888
0 0.2601010101010101 0.3715277777777778 0.011784511784511785 0.010416666666666666
0 0.16245791245791247 0.3680555555555556 0.0016835016835016834 0.003472222222222222
0 0.5984848484848485 0.3732638888888889 0.0723905723905724 0.017361111111111112
0 0.22474747474747475 0.3732638888888889 0.03198653198653199 0.017361111111111112
0 0.4318181818181818 0.3532986111111111 0.10942760942760943 0.012152777777777778
0 0.5774410774410774 0.6484375 0.8451178451178452 0.6059027777777778
0 0.6835016835016835 0.3628472222222222 0.09090909090909091 0.034722222222222224
0 0.5614478114478114 0.3532986111111111 0.132996632996633 0.015625
0 0.31986531986531985 0.3532986111111111 0.050505050505050504 0.015625
0 0.2398989898989899 0.6467013888888888 0.4797979797979798 0.6024305555555556
0 0.42676767676767674 0.3359375 0.008417508417508417 0.001736111111111111
0 0.4385521885521885 0.3350694444444444 0.011784511784511785 0.003472222222222222
0 0.39730639730639733 0.3368055555555556 0.04377104377104377 0.006944444444444444
0 0.3106060606060606 0.3368055555555556 0.015151515151515152 0.006944444444444444
0 0.2777777777777778 0.3368055555555556 0.020202020202020204 0.006944444444444444
0 0.2542087542087542 0.3359375 0.013468013468013467 0.005208333333333333
0 0.22306397306397308 0.3368055555555556 0.015151515151515152 0.006944444444444444
0 0.4764309764309764 0.3350694444444444 0.05387205387205387 0.006944444444444444
0 0.33585858585858586 0.3359375 0.018518518518518517 0.008680555555555556
0 0.05808080808080808 0.3359375 0.11616161616161616 0.012152777777777778
0 0.6212121212121212 0.3350694444444444 0.2053872053872054 0.013888888888888888
0 0.8484848484848485 0.3342013888888889 0.16161616161616163 0.015625
0 0.4074074074074074 0.3203125 0.006734006734006734 0.001736111111111111
0 0.3897306397306397 0.3211805555555556 0.015151515151515152 0.006944444444444444
0 0.2946127946127946 0.3203125 0.10437710437710437 0.012152777777777778
0 0.57996632996633 0.3185763888888889 0.29124579124579125 0.015625
0 0.8501683501683501 0.3159722222222222 0.1717171717171717 0.013888888888888888
0 0.24494949494949494 0.3020833333333333 0.008417508417508417 0.006944444444444444
0 0.6944444444444444 0.3003472222222222 0.05555555555555555 0.013888888888888888
0 0.29797979797979796 0.2994791666666667 0.09090909090909091 0.015625
0 0.2239057239057239 0.2994791666666667 0.03367003367003367 0.015625
0 0.7053872053872053 0.2803819444444444 0.02356902356902357 0.012152777777777778
0 0.6658249158249159 0.2786458333333333 0.03198653198653199 0.012152777777777778
0 0.2962962962962963 0.2803819444444444 0.09090909090909091 0.015625
0 0.23148148148148148 0.2795138888888889 0.03535353535353535 0.017361111111111112
0 0.1776094276094276 0.2786458333333333 0.03872053872053872 0.015625
0 0.6919191919191919 0.2578125 0.037037037037037035 0.015625
0 0.9966329966329966 0.23958333333333334 0.006734006734006734 0.010416666666666666
0 0.17003367003367004 0.18836805555555555 0.3400673400673401 0.2760416666666667
0 0.5218855218855218 0.1779513888888889 0.3602693602693603 0.2586805555555556
0 0.8526936026936027 0.1753472222222222 0.2542087542087542 0.2604166666666667
0 0.5185185185185185 0.012152777777777778 0.003367003367003367 0.003472222222222222
0 0.4831649831649832 0.006076388888888889 0.016835016835016835 0.012152777777777778
0 0.4444444444444444 0.006944444444444444 0.003367003367003367 0.013888888888888888
0 0.4031986531986532 0.0078125 0.011784511784511785 0.015625
0 0.3779461279461279 0.006944444444444444 0.005050505050505051 0.013888888888888888
