0 0.4631979695431472 0.9981412639405205 0.0025380710659898475 0.0037174721189591076
0 0.0025380710659898475 0.9888475836431226 0.005076142131979695 0.022304832713754646
0 0.4949238578680203 0.9851301115241635 0.030456852791878174 0.02973977695167286
0 0.10532994923857868 0.9851301115241635 0.18527918781725888 0.02973977695167286
0 0.4530456852791878 0.9609665427509294 0.012690355329949238 0.011152416356877323
0 0.5101522842639594 0.9516728624535316 0.005076142131979695 0.007434944237918215
0 0.48096446700507617 0.9368029739776952 0.03807106598984772 0.05204460966542751
0 0.4365482233502538 0.9535315985130112 0.025380710659898477 0.09293680297397769
0 0.5571065989847716 0.9460966542750929 0.0583756345177665 0.10780669144981413
0 0.2893401015228426 0.9089219330855018 0.28426395939086296 0.1821561338289963
0 0.0025380710659898475 0.5223048327137546 0.005076142131979695 0.011152416356877323
0 0.0025380710659898475 0.5037174721189591 0.005076142131979695 0.011152416356877323
0 0.5609137055837563 0.04275092936802974 0.05583756345177665 0.08550185873605948
0 0.47081218274111675 0.007434944237918215 0.017766497461928935 0.01486988847583643
0 0.45685279187817257 0.0018587360594795538 0.005076142131979695 0.0037174721189591076
0 0.4720812182741117 0.02973977695167286 0.08629441624365482 0.05947955390334572
0 0.33756345177664976 0.016728624535315983 0.015228426395939087 0.03345724907063197
0 0.27284263959390864 0.01486988847583643 0.017766497461928935 0.02973977695167286
0 0.5 0.4516728624535316 1.0 0.9033457249070632
