0 0.561617458279846 0.9887152777777778 0.006418485237483954 0.005208333333333333
0 0.5776636713735558 0.9869791666666666 0.0025673940949935813 0.005208333333333333
0 0.5885750962772786 0.9748263888888888 0.0012836970474967907 0.001736111111111111
0 0.47881899871630296 0.9869791666666666 0.01797175866495507 0.026041666666666668
0 0.4428754813863928 0.9869791666666666 0.028241335044929396 0.026041666666666668
0 0.4056482670089859 0.9869791666666666 0.01797175866495507 0.026041666666666668
0 0.5507060333761232 0.984375 0.007702182284980745 0.03125
0 0.5802310654685494 0.96875 0.007702182284980745 0.006944444444444444
0 0.5654685494223364 0.9704861111111112 0.014120667522464698 0.010416666666666666
0 0.6290115532734275 0.9739583333333334 0.03080872913992298 0.052083333333333336
0 0.45314505776636715 0.9722222222222222 0.17201540436456997 0.05555555555555555
0 0.010269576379974325 0.7951388888888888 0.02053915275994865 0.003472222222222222
0 0.9768934531450578 0.78125 0.010269576379974325 0.003472222222222222
0 0.010911424903722721 0.7821180555555556 0.021822849807445442 0.005208333333333333
0 0.9743260590500642 0.7682291666666666 0.012836970474967908 0.005208333333333333
0 0.012836970474967908 0.7690972222222222 0.025673940949935817 0.006944444444444444
0 0.9775353016688062 0.7552083333333334 0.014120667522464698 0.003472222222222222
0 0.9762516046213093 0.7421875 0.011553273427471117 0.001736111111111111
0 0.014762516046213094 0.7430555555555556 0.029525032092426188 0.006944444444444444
0 0.9781771501925546 0.7317708333333334 0.0025673940949935813 0.001736111111111111
0 0.9717586649550706 0.7300347222222222 0.0025673940949935813 0.001736111111111111
0 0.014120667522464698 0.7326388888888888 0.028241335044929396 0.006944444444444444
0 0.013478818998716302 0.7057291666666666 0.026957637997432605 0.005208333333333333
0 0.013478818998716302 0.6935763888888888 0.026957637997432605 0.008680555555555556
0 0.007060333761232349 0.6805555555555556 0.011553273427471117 0.003472222222222222
0 0.02631578947368421 0.6553819444444444 0.0012836970474967907 0.001736111111111111
0 0.01797175866495507 0.65625 0.010269576379974325 0.003472222222222222
0 0.007060333761232349 0.6553819444444444 0.006418485237483954 0.001736111111111111
0 0.0012836970474967907 0.6545138888888888 0.0025673940949935813 0.003472222222222222
0 0.0019255455712451862 0.3394097222222222 0.0038510911424903724 0.001736111111111111
0 0.005134788189987163 0.3142361111111111 0.010269576379974325 0.003472222222222222
0 0.021822849807445442 0.2907986111111111 0.012836970474967908 0.005208333333333333
0 0.005134788189987163 0.2899305555555556 0.010269576379974325 0.003472222222222222
0 0.007060333761232349 0.265625 0.008985879332477536 0.003472222222222222
0 0.9833119383825417 0.2456597222222222 0.005134788189987163 0.001736111111111111
0 0.0019255455712451862 0.24305555555555555 0.0038510911424903724 0.003472222222222222
0 0.9916559691912709 0.22135416666666666 0.0012836970474967907 0.001736111111111111
0 0.9833119383825417 0.2204861111111111 0.005134788189987163 0.003472222222222222
0 0.0038510911424903724 0.2109375 0.007702182284980745 0.005208333333333333
0 0.07702182284980745 0.05642361111111111 0.02053915275994865 0.008680555555555556
0 0.5 0.4921875 1.0 0.8836805555555556
0 0.007060333761232349 0.051215277777777776 0.014120667522464698 0.019097222222222224
0 0.6033376123234917 0.0234375 0.005134788189987163 0.005208333333333333
0 0.5667522464698331 0.019965277777777776 0.024390243902439025 0.015625
0 0.5725288831835686 0.006944444444444444 0.005134788189987163 0.006944444444444444
0 0.6450577663671374 0.017361111111111112 0.008985879332477536 0.034722222222222224
0 0.6232349165596919 0.018229166666666668 0.0038510911424903724 0.036458333333333336
0 0.5911424903722722 0.009548611111111112 0.021822849807445442 0.019097222222222224
0 0.5571245186136072 0.003472222222222222 0.005134788189987163 0.006944444444444444
0 0.49037227214377405 0.010416666666666666 0.007702182284980745 0.020833333333333332
0 0.444801026957638 0.011284722222222222 0.008985879332477536 0.022569444444444444
0 0.42233632862644416 0.011284722222222222 0.007702182284980745 0.022569444444444444
0 0.46084724005134786 0.022569444444444444 0.1668806161745828 0.04513888888888889
