0 0.6366742596810934 0.9911190053285968 0.02050113895216401 0.017761989342806393
0 0.5216400911161732 0.9911190053285968 0.022779043280182234 0.017761989342806393
0 0.4715261958997722 0.9911190053285968 0.009111617312072893 0.017761989342806393
0 0.4168564920273349 0.9911190053285968 0.018223234624145785 0.017761989342806393
0 0.39749430523917995 0.9849023090586145 0.00683371298405467 0.0053285968028419185
0 0.7710706150341685 0.9857904085257548 0.011389521640091117 0.028419182948490232
0 0.5785876993166287 0.9849023090586145 0.05466970387243736 0.03019538188277087
0 0.3564920273348519 0.9849023090586145 0.029612756264236904 0.03019538188277087
0 0.7642369020501139 0.9635879218472468 0.00683371298405467 0.0017761989342806395
0 0.5865603644646925 0.9618117229129662 0.03416856492027335 0.0017761989342806395
0 0.4214123006833713 0.9609236234458259 0.1275626423690205 0.003552397868561279
0 0.1867881548974943 0.9147424511545293 0.009111617312072893 0.003552397868561279
0 0.24031890660592256 0.9138543516873889 0.07517084282460136 0.0053285968028419185
0 0.25854214123006836 0.9031971580817052 0.00683371298405467 0.0017761989342806395
0 0.21298405466970388 0.9040852575488455 0.011389521640091117 0.003552397868561279
0 0.28132118451025057 0.9031971580817052 0.011389521640091117 0.0053285968028419185
0 0.23690205011389523 0.8872113676731794 0.0683371298405467 0.019538188277087035
0 0.07630979498861047 0.8960923623445826 0.08428246013667426 0.04085257548845471
0 0.07175398633257403 0.8685612788632326 0.06150341685649203 0.007104795737122558
0 0.23690205011389523 0.8641207815275311 0.06378132118451026 0.015985790408525755
0 0.06378132118451026 0.8570159857904085 0.05922551252847381 0.008880994671403197
0 0.10933940774487472 0.844582593250444 0.01366742596810934 0.0053285968028419185
0 0.08997722095671981 0.8365896980461812 0.05239179954441914 0.007104795737122558
0 0.05125284738041002 0.8410301953818827 0.0387243735763098 0.019538188277087035
0 0.0683371298405467 0.8241563055062167 0.01366742596810934 0.007104795737122558
0 0.08428246013667426 0.7966252220248667 0.04100227790432802 0.0053285968028419185
0 0.03986332574031891 0.8108348134991119 0.025056947608200455 0.037300177619893425
0 0.9908883826879271 0.7975133214920072 0.018223234624145785 0.014209591474245116
0 0.03416856492027335 0.7815275310834814 0.009111617312072893 0.007104795737122558
0 0.03416856492027335 0.7708703374777975 0.009111617312072893 0.007104795737122558
0 0.03189066059225513 0.7602131438721137 0.009111617312072893 0.007104795737122558
0 0.03416856492027335 0.7495559502664298 0.01366742596810934 0.007104795737122558
0 0.03302961275626424 0.7344582593250444 0.015945330296127564 0.019538188277087035
0 0.9851936218678815 0.6793960923623446 0.029612756264236904 0.019538188277087035
0 0.07972665148063782 0.6216696269982238 0.022779043280182234 0.02486678507992895
0 0.08542141230068337 0.6047957371225577 0.029612756264236904 0.008880994671403197
0 0.0785876993166287 0.5923623445825933 0.011389521640091117 0.008880994671403197
0 0.6514806378132119 0.7584369449378331 0.6970387243735763 0.35168738898756663
0 0.08200455580865604 0.58348134991119 0.01366742596810934 0.0053285968028419185
0 0.03189066059225513 0.650088809946714 0.04100227790432802 0.14564831261101244
0 0.08200455580865604 0.5506216696269982 0.01366742596810934 0.003552397868561279
0 0.09111617312072894 0.5328596802841918 0.04555808656036447 0.017761989342806393
0 0.5 0.34458259325044405 1.0 0.458259325044405
0 0.8747152619589977 0.06216696269982238 0.15945330296127563 0.007104795737122558
0 0.775626423690205 0.05950266429840142 0.00683371298405467 0.0017761989342806395
0 0.9476082004555809 0.007104795737122558 0.004555808656036446 0.010657193605683837
