0 0.4170731707317073 0.9946428571428572 0.004878048780487805 0.010714285714285714
0 0.38170731707317074 0.9857142857142858 0.01707317073170732 0.02857142857142857
0 0.2780487804878049 0.9857142857142858 0.024390243902439025 0.02857142857142857
0 0.4146341463414634 0.9767857142857143 0.024390243902439025 0.017857142857142856
0 0.23658536585365852 0.9839285714285714 0.01951219512195122 0.03214285714285714
0 0.18292682926829268 0.9821428571428571 0.03414634146341464 0.03571428571428571
0 0.41585365853658535 0.02142857142857143 0.07560975609756097 0.04285714285714286
0 0.3804878048780488 0.0035714285714285713 0.004878048780487805 0.007142857142857143
0 0.2841463414634146 0.01607142857142857 0.012195121951219513 0.03214285714285714
0 0.2280487804878049 0.017857142857142856 0.036585365853658534 0.03571428571428571
0 0.1878048780487805 0.017857142857142856 0.014634146341463415 0.03571428571428571
0 0.5 0.4607142857142857 1.0 0.9214285714285714
