0 0.5490716180371353 0.9610894941634242 0.026525198938992044 0.07782101167315175
0 0.5026525198938993 0.9610894941634242 0.01856763925729443 0.07782101167315175
0 0.4442970822281167 0.9610894941634242 0.0610079575596817 0.07782101167315175
0 0.726790450928382 0.9202334630350194 0.010610079575596816 0.019455252918287938
0 0.6936339522546419 0.914396887159533 0.007957559681697613 0.007782101167315175
0 0.6883289124668435 0.9552529182879378 0.06631299734748011 0.08949416342412451
0 0.7095490716180372 0.9241245136186771 0.01856763925729443 0.03501945525291829
0 0.9907161803713528 0.5583657587548638 0.01856763925729443 0.011673151750972763
0 0.013262599469496022 0.6964980544747081 0.026525198938992044 0.3035019455252918
0 0.01856763925729443 0.49221789883268485 0.010610079575596816 0.011673151750972763
0 0.07294429708222812 0.4163424124513619 0.007957559681697613 0.007782101167315175
0 0.010610079575596816 0.377431906614786 0.021220159151193633 0.007782101167315175
0 0.9880636604774535 0.22762645914396887 0.023872679045092837 0.011673151750972763
0 0.015915119363395226 0.23929961089494164 0.03183023872679045 0.245136186770428
0 0.5225464190981433 0.4669260700389105 0.9283819628647215 0.7704280155642024
0 0.773209549071618 0.03696498054474708 0.01856763925729443 0.019455252918287938
0 0.7214854111405835 0.033073929961089495 0.042440318302387266 0.027237354085603113
0 0.830238726790451 0.03501945525291829 0.05305039787798409 0.07003891050583658
0 0.7586206896551724 0.007782101167315175 0.026525198938992044 0.01556420233463035
0 0.7320954907161804 0.007782101167315175 0.010610079575596816 0.01556420233463035
0 0.7055702917771883 0.005836575875486381 0.010610079575596816 0.011673151750972763
0 0.5954907161803713 0.013618677042801557 0.013262599469496022 0.027237354085603113
0 0.506631299734748 0.01556420233463035 0.09018567639257294 0.0311284046692607
0 0.5450928381962865 0.0311284046692607 0.27320954907161804 0.0622568093385214
