0 0.4861809045226131 0.9944852941176471 0.007537688442211055 0.011029411764705883
0 0.4899497487437186 0.9761029411764706 0.010050251256281407 0.011029411764705883
0 0.44974874371859297 0.9852941176470589 0.01507537688442211 0.029411764705882353
0 0.44974874371859297 0.9540441176470589 0.005025125628140704 0.011029411764705883
0 0.3454773869346734 0.96875 0.022613065326633167 0.0625
0 0.28266331658291455 0.9632352941176471 0.022613065326633167 0.07352941176470588
0 0.23743718592964824 0.9613970588235294 0.022613065326633167 0.06985294117647059
0 0.2964824120603015 0.9375 0.2663316582914573 0.125
0 0.9685929648241206 0.4963235294117647 0.06281407035175879 0.7794117647058824
0 0.46733668341708545 0.4742647058823529 0.9346733668341709 0.8235294117647058
0 0.5402010050251256 0.03125 0.06030150753768844 0.0625
0 0.4635678391959799 0.014705882352941176 0.052763819095477386 0.029411764705882353
0 0.42839195979899497 0.0055147058823529415 0.017587939698492462 0.011029411764705883
0 0.26884422110552764 0.025735294117647058 0.271356783919598 0.051470588235294115
