0 0.5898876404494382 0.9994824016563147 0.0028089887640449437 0.0010351966873706005
0 0.6643258426966292 0.9974120082815735 0.011235955056179775 0.005175983436853002
0 0.5639044943820225 0.9963768115942029 0.0014044943820224719 0.003105590062111801
0 0.511938202247191 0.9974120082815735 0.01544943820224719 0.005175983436853002
0 0.4747191011235955 0.9968944099378882 0.02247191011235955 0.006211180124223602
0 0.4438202247191011 0.9968944099378882 0.011235955056179775 0.006211180124223602
0 0.6158707865168539 0.9963768115942029 0.023876404494382022 0.007246376811594203
0 0.6425561797752809 0.9953416149068323 0.004213483146067416 0.009316770186335404
0 0.41081460674157305 0.9937888198757764 0.023876404494382022 0.012422360248447204
0 0.6481741573033708 0.9756728778467909 0.007022471910112359 0.0010351966873706005
0 0.33707865168539325 0.9125258799171843 0.008426966292134831 0.019668737060041408
0 0.32092696629213485 0.9125258799171843 0.021067415730337078 0.019668737060041408
0 0.2949438202247191 0.900103519668737 0.0028089887640449437 0.0010351966873706005
0 0.33707865168539325 0.8995859213250518 0.0028089887640449437 0.002070393374741201
0 0.3160112359550562 0.900103519668737 0.0056179775280898875 0.003105590062111801
0 0.2675561797752809 0.9006211180124224 0.004213483146067416 0.004140786749482402
0 0.2991573033707865 0.9099378881987578 0.016853932584269662 0.024844720496894408
0 0.2577247191011236 0.910455486542443 0.060393258426966294 0.025879917184265012
0 0.7612359550561798 0.889751552795031 0.011235955056179775 0.003105590062111801
0 0.01544943820224719 0.8638716356107661 0.011235955056179775 0.003105590062111801
0 0.8054775280898876 0.8436853002070394 0.004213483146067416 0.002070393374741201
0 0.5568820224719101 0.8245341614906833 0.007022471910112359 0.005175983436853002
0 0.6109550561797753 0.8234989648033126 0.0056179775280898875 0.005175983436853002
0 0.5568820224719101 0.817287784679089 0.007022471910112359 0.003105590062111801
0 0.6109550561797753 0.8167701863354038 0.0056179775280898875 0.004140786749482402
0 0.5821629213483146 0.8203933747412008 0.037921348314606744 0.013457556935817806
0 0.586376404494382 0.8105590062111802 0.007022471910112359 0.002070393374741201
0 0.5554775280898876 0.8100414078674948 0.0014044943820224719 0.0010351966873706005
0 0.5969101123595506 0.8100414078674948 0.008426966292134831 0.003105590062111801
0 0.5716292134831461 0.8100414078674948 0.008426966292134831 0.003105590062111801
0 0.7879213483146067 0.80175983436853 0.008426966292134831 0.005175983436853002
0 0.3616573033707865 0.7924430641821946 0.009831460674157303 0.003105590062111801
0 0.38764044943820225 0.7862318840579711 0.0028089887640449437 0.0010351966873706005
0 0.3693820224719101 0.7862318840579711 0.0028089887640449437 0.0010351966873706005
0 0.3707865168539326 0.775879917184265 0.008426966292134831 0.007246376811594203
0 0.5779494382022472 0.7075569358178054 0.0014044943820224719 0.0010351966873706005
0 0.8574438202247191 0.7070393374741201 0.004213483146067416 0.002070393374741201
0 0.535814606741573 0.703416149068323 0.0014044943820224719 0.0010351966873706005
0 0.577247191011236 0.703416149068323 0.0056179775280898875 0.003105590062111801
0 0.5688202247191011 0.703416149068323 0.0056179775280898875 0.003105590062111801
0 0.526685393258427 0.703416149068323 0.0056179775280898875 0.003105590062111801
0 0.5014044943820225 0.703416149068323 0.008426966292134831 0.003105590062111801
0 0.5526685393258427 0.7028985507246377 0.009831460674157303 0.004140786749482402
0 0.8848314606741573 0.7008281573498965 0.014044943820224719 0.002070393374741201
0 0.8476123595505618 0.7008281573498965 0.007022471910112359 0.002070393374741201
0 0.4691011235955056 0.7008281573498965 0.011235955056179775 0.008281573498964804
0 0.898876404494382 0.6868530020703933 0.0028089887640449437 0.0010351966873706005
0 0.9094101123595506 0.672360248447205 0.0014044943820224719 0.0010351966873706005
0 0.8040730337078652 0.672360248447205 0.0014044943820224719 0.0010351966873706005
0 0.8202247191011236 0.6728778467908902 0.011235955056179775 0.004140786749482402
0 0.20575842696629212 0.6444099378881988 0.007022471910112359 0.003105590062111801
0 0.21558988764044945 0.6371635610766045 0.018258426966292134 0.003105590062111801
0 0.5400280898876404 0.6330227743271222 0.0014044943820224719 0.0010351966873706005
0 0.577247191011236 0.6314699792960663 0.0028089887640449437 0.002070393374741201
0 0.21839887640449437 0.6283643892339544 0.023876404494382022 0.002070393374741201
0 0.2127808988764045 0.615424430641822 0.007022471910112359 0.005175983436853002
0 0.2752808988764045 0.6118012422360248 0.0056179775280898875 0.006211180124223602
0 0.2247191011235955 0.610248447204969 0.0056179775280898875 0.003105590062111801
0 0.5919943820224719 0.6143892339544513 0.05196629213483146 0.017598343685300208
0 0.5372191011235955 0.6143892339544513 0.05196629213483146 0.017598343685300208
0 0.49929775280898875 0.6143892339544513 0.018258426966292134 0.017598343685300208
0 0.4789325842696629 0.6143892339544513 0.016853932584269662 0.017598343685300208
0 0.5056179775280899 0.577639751552795 0.0056179775280898875 0.002070393374741201
0 0.5196629213483146 0.5755693581780539 0.014044943820224719 0.006211180124223602
0 0.49719101123595505 0.5760869565217391 0.008426966292134831 0.007246376811594203
0 0.5709269662921348 0.5688405797101449 0.026685393258426966 0.003105590062111801
0 0.46980337078651685 0.5657349896480331 0.0014044943820224719 0.0010351966873706005
0 0.49087078651685395 0.5657349896480331 0.004213483146067416 0.005175983436853002
0 0.5695224719101124 0.5600414078674948 0.032303370786516857 0.010351966873706004
0 0.46980337078651685 0.5507246376811594 0.007022471910112359 0.002070393374741201
0 0.5287921348314607 0.5631469979296067 0.037921348314606744 0.028985507246376812
0 0.5674157303370787 0.5496894409937888 0.03089887640449438 0.006211180124223602
0 0.2675561797752809 0.5471014492753623 0.004213483146067416 0.003105590062111801
0 0.20365168539325842 0.5471014492753623 0.0028089887640449437 0.003105590062111801
0 0.4515449438202247 0.5445134575569358 0.004213483146067416 0.002070393374741201
0 0.5189606741573034 0.5481366459627329 0.023876404494382022 0.019668737060041408
0 0.49859550561797755 0.5455486542443064 0.02247191011235955 0.014492753623188406
0 0.22542134831460675 0.5419254658385093 0.02949438202247191 0.007246376811594203
0 0.5667134831460674 0.5403726708074534 0.032303370786516857 0.006211180124223602
0 0.535814606741573 0.5434782608695652 0.01544943820224719 0.014492753623188406
0 0.3335674157303371 0.5398550724637681 0.009831460674157303 0.007246376811594203
0 0.4417134831460674 0.5357142857142857 0.004213483146067416 0.003105590062111801
0 0.4297752808988764 0.5362318840579711 0.0028089887640449437 0.004140786749482402
0 0.28792134831460675 0.5414078674948241 0.0056179775280898875 0.014492753623188406
0 0.3539325842696629 0.5357142857142857 0.011235955056179775 0.017598343685300208
0 0.4508426966292135 0.527432712215321 0.0028089887640449437 0.003105590062111801
0 0.3960674157303371 0.5357142857142857 0.028089887640449437 0.019668737060041408
0 0.33146067415730335 0.5300207039337475 0.008426966292134831 0.010351966873706004
0 0.5126404494382022 0.5263975155279503 0.011235955056179775 0.005175983436853002
0 0.2345505617977528 0.5295031055900621 0.011235955056179775 0.013457556935817806
0 0.21769662921348315 0.5279503105590062 0.0056179775280898875 0.010351966873706004
0 0.5660112359550562 0.5253623188405797 0.03089887640449438 0.011387163561076604
0 0.5316011235955056 0.5227743271221532 0.01544943820224719 0.010351966873706004
0 0.5646067415730337 0.5144927536231884 0.03089887640449438 0.004140786749482402
0 0.46558988764044945 0.5150103519668737 0.009831460674157303 0.009316770186335404
0 0.4683988764044944 0.5056935817805382 0.0014044943820224719 0.0010351966873706005
0 0.5632022471910112 0.5067287784679089 0.03089887640449438 0.005175983436853002
0 0.4957865168539326 0.5175983436853002 0.028089887640449437 0.026915113871635612
0 0.523876404494382 0.5108695652173914 0.028089887640449437 0.017598343685300208
0 0.4592696629213483 0.5031055900621118 0.0028089887640449437 0.004140786749482402
0 0.5625 0.5 0.02949438202247191 0.004140786749482402
0 0.46769662921348315 0.4974120082815735 0.0028089887640449437 0.003105590062111801
0 0.4845505617977528 0.5036231884057971 0.011235955056179775 0.025879917184265012
0 0.5617977528089888 0.4922360248447205 0.03089887640449438 0.005175983436853002
0 0.526685393258427 0.4963768115942029 0.019662921348314606 0.015527950310559006
0 0.49859550561797755 0.4906832298136646 0.008426966292134831 0.004140786749482402
0 0.5610955056179775 0.4849896480331263 0.02949438202247191 0.003105590062111801
0 0.45997191011235955 0.4803312629399586 0.004213483146067416 0.004140786749482402
0 0.4627808988764045 0.4720496894409938 0.004213483146067416 0.004140786749482402
0 0.5596910112359551 0.4694616977225673 0.02949438202247191 0.005175983436853002
0 0.48384831460674155 0.47360248447204967 0.01544943820224719 0.013457556935817806
0 0.5646067415730337 0.4642857142857143 0.011235955056179775 0.003105590062111801
0 0.5210674157303371 0.4704968944099379 0.02247191011235955 0.015527950310559006
0 0.3574438202247191 0.463768115942029 0.004213483146067416 0.004140786749482402
0 0.336376404494382 0.463768115942029 0.004213483146067416 0.004140786749482402
0 0.32514044943820225 0.4632505175983437 0.004213483146067416 0.003105590062111801
0 0.30337078651685395 0.4632505175983437 0.0028089887640449437 0.003105590062111801
0 0.5007022471910112 0.4694616977225673 0.023876404494382022 0.017598343685300208
0 0.3146067415730337 0.4632505175983437 0.0028089887640449437 0.005175983436853002
0 0.29353932584269665 0.46273291925465837 0.0028089887640449437 0.004140786749482402
0 0.2816011235955056 0.46273291925465837 0.004213483146067416 0.004140786749482402
0 0.27457865168539325 0.46221532091097306 0.004213483146067416 0.003105590062111801
0 0.47752808988764045 0.4642857142857143 0.0056179775280898875 0.009316770186335404
0 0.24157303370786518 0.4616977225672878 0.0056179775280898875 0.004140786749482402
0 0.5582865168539326 0.4580745341614907 0.02949438202247191 0.007246376811594203
0 0.5021067415730337 0.45652173913043476 0.004213483146067416 0.004140786749482402
0 0.37570224719101125 0.4606625258799172 0.007022471910112359 0.012422360248447204
0 0.31530898876404495 0.4554865424430642 0.0014044943820224719 0.002070393374741201
0 0.29424157303370785 0.4554865424430642 0.0014044943820224719 0.002070393374741201
0 0.27457865168539325 0.4549689440993789 0.0014044943820224719 0.0010351966873706005
0 0.35814606741573035 0.4554865424430642 0.0028089887640449437 0.004140786749482402
0 0.2556179775280899 0.4591097308488613 0.0056179775280898875 0.011387163561076604
0 0.9683988764044944 0.4518633540372671 0.007022471910112359 0.0010351966873706005
0 0.9838483146067416 0.4518633540372671 0.009831460674157303 0.003105590062111801
0 0.8251404494382022 0.4518633540372671 0.009831460674157303 0.003105590062111801
0 0.4936797752808989 0.4508281573498965 0.004213483146067416 0.0010351966873706005
0 0.5049157303370787 0.45134575569358176 0.004213483146067416 0.004140786749482402
0 0.4887640449438202 0.4492753623188406 0.0028089887640449437 0.002070393374741201
0 0.47963483146067415 0.4503105590062112 0.009831460674157303 0.004140786749482402
0 0.023174157303370788 0.44875776397515527 0.004213483146067416 0.0010351966873706005
0 0.9978932584269663 0.4451345755693582 0.004213483146067416 0.004140786749482402
0 0.8567415730337079 0.4446169772256729 0.014044943820224719 0.003105590062111801
0 0.2563202247191011 0.4440993788819876 0.0014044943820224719 0.002070393374741201
0 0.9691011235955056 0.4384057971014493 0.0028089887640449437 0.0010351966873706005
0 0.8609550561797753 0.4384057971014493 0.0056179775280898875 0.0010351966873706005
0 0.9592696629213483 0.4384057971014493 0.008426966292134831 0.003105590062111801
0 0.848314606741573 0.43788819875776397 0.0028089887640449437 0.002070393374741201
0 0.523876404494382 0.4389233954451346 0.0056179775280898875 0.004140786749482402
0 0.3883426966292135 0.4363354037267081 0.007022471910112359 0.003105590062111801
0 0.023174157303370788 0.4358178053830228 0.007022471910112359 0.002070393374741201
0 0.9683988764044944 0.43219461697722567 0.0014044943820224719 0.0010351966873706005
0 0.9719101123595506 0.4311594202898551 0.0028089887640449437 0.0010351966873706005
0 0.4002808988764045 0.4311594202898551 0.0028089887640449437 0.0010351966873706005
0 0.9592696629213483 0.4311594202898551 0.008426966292134831 0.003105590062111801
0 0.37429775280898875 0.4301242236024845 0.0014044943820224719 0.0010351966873706005
0 0.28651685393258425 0.43219461697722567 0.014044943820224719 0.007246376811594203
0 0.24719101123595505 0.42960662525879917 0.0028089887640449437 0.006211180124223602
0 0.9143258426966292 0.4249482401656315 0.0056179775280898875 0.003105590062111801
0 0.375 0.42391304347826086 0.0028089887640449437 0.003105590062111801
0 0.24157303370786518 0.4254658385093168 0.0056179775280898875 0.006211180124223602
0 0.3181179775280899 0.42908902691511386 0.02949438202247191 0.015527950310559006
0 0.29353932584269665 0.42080745341614906 0.014044943820224719 0.009316770186335404
0 0.2654494382022472 0.41770186335403725 0.0056179775280898875 0.003105590062111801
0 0.40730337078651685 0.41821946169772256 0.0056179775280898875 0.006211180124223602
0 0.3539325842696629 0.4166666666666667 0.0056179775280898875 0.003105590062111801
0 0.3609550561797753 0.42391304347826086 0.019662921348314606 0.019668737060041408
0 0.21207865168539325 0.4166666666666667 0.008426966292134831 0.009316770186335404
0 0.4438202247191011 0.4114906832298137 0.0028089887640449437 0.0010351966873706005
0 0.46418539325842695 0.4109730848861284 0.004213483146067416 0.002070393374741201
0 0.23735955056179775 0.42391304347826086 0.056179775280898875 0.027950310559006212
0 0.37640449438202245 0.4114906832298137 0.0056179775280898875 0.005175983436853002
0 0.3342696629213483 0.41718426501035194 0.011235955056179775 0.016563146997929608
0 0.21207865168539325 0.40683229813664595 0.0028089887640449437 0.002070393374741201
0 0.3026685393258427 0.4114906832298137 0.046348314606741575 0.015527950310559006
0 0.2535112359550562 0.41252587991718426 0.026685393258426966 0.017598343685300208
0 0.3707865168539326 0.40424430641821946 0.0028089887640449437 0.003105590062111801
0 0.3883426966292135 0.41252587991718426 0.01544943820224719 0.021739130434782608
0 0.3574438202247191 0.40476190476190477 0.009831460674157303 0.006211180124223602
0 0.32865168539325845 0.40320910973084884 0.0028089887640449437 0.003105590062111801
0 0.49297752808988765 0.40062111801242234 0.0028089887640449437 0.002070393374741201
0 0.33075842696629215 0.38975155279503104 0.009831460674157303 0.003105590062111801
0 0.35252808988764045 0.386128364389234 0.0056179775280898875 0.004140786749482402
0 0.37570224719101125 0.38509316770186336 0.004213483146067416 0.004140786749482402
0 0.32514044943820225 0.38457556935817805 0.004213483146067416 0.005175983436853002
0 0.3061797752808989 0.38716356107660455 0.03089887640449438 0.010351966873706004
0 0.25491573033707865 0.38457556935817805 0.007022471910112359 0.007246376811594203
0 0.29564606741573035 0.3778467908902691 0.007022471910112359 0.004140786749482402
0 0.5 0.4932712215320911 1.0 0.9306418219461697
