0 0.5211267605633803 0.993103448275862 0.028169014084507043 0.013793103448275862
0 0.5258215962441315 0.9706896551724138 0.023474178403755867 0.02413793103448276
0 0.47769953051643194 0.9637931034482758 0.011737089201877934 0.05862068965517241
0 0.3755868544600939 0.9672413793103448 0.028169014084507043 0.06551724137931035
0 0.3227699530516432 0.9620689655172414 0.05868544600938967 0.07586206896551724
0 0.2605633802816901 0.9620689655172414 0.028169014084507043 0.07586206896551724
0 0.5974178403755869 0.9534482758620689 0.0539906103286385 0.09310344827586207
0 0.3931924882629108 0.8741379310344828 0.011737089201877934 0.0034482758620689655
0 0.38028169014084506 0.8741379310344828 0.004694835680751174 0.0034482758620689655
0 0.3274647887323944 0.9362068965517242 0.2746478873239437 0.12758620689655173
0 0.2863849765258216 0.8603448275862069 0.03755868544600939 0.010344827586206896
0 0.18192488262910797 0.85 0.02112676056338028 0.0034482758620689655
0 0.965962441314554 0.6482758620689655 0.06807511737089202 0.47586206896551725
0 0.9847417840375586 0.3793103448275862 0.03051643192488263 0.006896551724137931
0 0.960093896713615 0.3793103448275862 0.009389671361502348 0.006896551724137931
0 0.9788732394366197 0.3568965517241379 0.004694835680751174 0.0034482758620689655
0 0.9612676056338029 0.3413793103448276 0.01643192488262911 0.006896551724137931
0 0.9859154929577465 0.3396551724137931 0.028169014084507043 0.010344827586206896
0 0.9776995305164319 0.3 0.04460093896713615 0.013793103448275862
0 0.9753521126760564 0.2620689655172414 0.04929577464788732 0.013793103448275862
0 0.27699530516431925 0.25 0.004694835680751174 0.0034482758620689655
0 0.9706572769953051 0.22758620689655173 0.05868544600938967 0.013793103448275862
0 0.9730046948356808 0.19137931034482758 0.0539906103286385 0.017241379310344827
0 0.9706572769953051 0.15344827586206897 0.05868544600938967 0.017241379310344827
0 0.9694835680751174 0.12241379310344827 0.06103286384976526 0.03103448275862069
0 0.4788732394366197 0.47586206896551725 0.8779342723004695 0.8344827586206897
0 0.48826291079812206 0.008620689655172414 0.023474178403755867 0.017241379310344827
0 0.45892018779342725 0.006896551724137931 0.011737089201877934 0.013793103448275862
