0 0.4890260631001372 0.988479262672811 0.34156378600823045 0.02304147465437788
0 0.9670781893004116 0.8026113671274961 0.010973936899862825 0.004608294930875576
0 0.9698216735253772 0.793394777265745 0.027434842249657063 0.007680491551459293
0 0.9670781893004116 0.783410138248848 0.019204389574759947 0.006144393241167435
0 0.967764060356653 0.7741935483870968 0.01783264746227709 0.006144393241167435
0 0.96639231824417 0.7634408602150538 0.015089163237311385 0.0030721966205837174
0 0.9698216735253772 0.7526881720430108 0.019204389574759947 0.006144393241167435
0 0.9684499314128944 0.7419354838709677 0.019204389574759947 0.006144393241167435
0 0.967764060356653 0.7327188940092166 0.012345679012345678 0.0030721966205837174
0 0.5294924554183813 0.6190476190476191 0.17832647462277093 0.18125960061443933
0 0.2222222222222222 0.34408602150537637 0.10699588477366255 0.0030721966205837174
0 0.5 0.6228878648233487 1.0 0.6129032258064516
0 0.006172839506172839 0.30952380952380953 0.012345679012345678 0.004608294930875576
0 0.012345679012345678 0.21582181259600614 0.0027434842249657062 0.0015360983102918587
0 0.00205761316872428 0.19738863287250383 0.00411522633744856 0.0015360983102918587
0 0.5 0.35023041474654376 1.0 0.6451612903225806
0 0.5747599451303155 0.014592933947772658 0.03017832647462277 0.029185867895545316
0 0.5486968449931413 0.014592933947772658 0.027434842249657063 0.029185867895545316
0 0.47050754458161864 0.009984639016897081 0.00823045267489712 0.019969278033794162
0 0.4348422496570645 0.009984639016897081 0.03566529492455418 0.019969278033794162
0 0.4012345679012346 0.009984639016897081 0.009602194787379973 0.019969278033794162
