0 0.5 0.9454148471615721 1.0 0.05895196506550218
0 0.6967455621301775 0.9132096069868996 0.005917159763313609 0.001091703056768559
0 0.6183431952662722 0.9132096069868996 0.0029585798816568047 0.001091703056768559
0 0.6531065088757396 0.9137554585152838 0.057692307692307696 0.004366812227074236
0 0.6479289940828402 0.9066593886462883 0.0029585798816568047 0.001091703056768559
0 0.8705621301775148 0.9061135371179039 0.004437869822485207 0.002183406113537118
0 0.9023668639053254 0.9088427947598253 0.09171597633136094 0.012008733624454149
0 0.665680473372781 0.9001091703056768 0.0029585798816568047 0.001091703056768559
0 0.6242603550295858 0.9001091703056768 0.005917159763313609 0.001091703056768559
0 0.6464497041420119 0.9001091703056768 0.029585798816568046 0.0032751091703056767
0 0.9105029585798816 0.8990174672489083 0.06656804733727811 0.0054585152838427945
0 0.05547337278106509 0.8935589519650655 0.0014792899408284023 0.001091703056768559
0 0.6664201183431953 0.892467248908297 0.0014792899408284023 0.001091703056768559
0 0.6560650887573964 0.892467248908297 0.004437869822485207 0.001091703056768559
0 0.6257396449704142 0.8930131004366813 0.005917159763313609 0.002183406113537118
0 0.6168639053254438 0.892467248908297 0.0029585798816568047 0.001091703056768559
0 0.8772189349112426 0.8913755458515283 0.0029585798816568047 0.001091703056768559
0 0.6405325443786982 0.892467248908297 0.01775147928994083 0.0032751091703056767
0 0.9142011834319527 0.8913755458515283 0.05917159763313609 0.0054585152838427945
0 0.6545857988165681 0.8859170305676856 0.0014792899408284023 0.001091703056768559
0 0.6153846153846154 0.8859170305676856 0.0029585798816568047 0.001091703056768559
0 0.6457100591715976 0.8853711790393013 0.004437869822485207 0.002183406113537118
0 0.6301775147928994 0.8853711790393013 0.01775147928994083 0.002183406113537118
0 0.04881656804733728 0.8804585152838428 0.0029585798816568047 0.001091703056768559
0 0.6042899408284024 0.8793668122270742 0.004437869822485207 0.001091703056768559
0 0.6235207100591716 0.87882096069869 0.02514792899408284 0.002183406113537118
0 0.04955621301775148 0.8739082969432315 0.0014792899408284023 0.001091703056768559
0 0.606508875739645 0.8728165938864629 0.0029585798816568047 0.001091703056768559
0 0.6449704142011834 0.8717248908296943 0.0029585798816568047 0.001091703056768559
0 0.6190828402366864 0.8722707423580786 0.016272189349112426 0.002183406113537118
0 0.04881656804733728 0.86735807860262 0.0029585798816568047 0.001091703056768559
0 0.6531065088757396 0.865174672489083 0.0014792899408284023 0.001091703056768559
0 0.6442307692307693 0.865174672489083 0.0014792899408284023 0.001091703056768559
0 0.5769230769230769 0.865174672489083 0.0029585798816568047 0.001091703056768559
0 0.6094674556213018 0.865174672489083 0.05325443786982249 0.0032751091703056767
0 0.05917159763313609 0.8608078602620087 0.0029585798816568047 0.001091703056768559
0 0.05103550295857988 0.8602620087336245 0.0073964497041420114 0.002183406113537118
0 0.9171597633136095 0.8706331877729258 0.05621301775147929 0.03165938864628821
0 0.0695266272189349 0.8531659388646288 0.0029585798816568047 0.001091703056768559
0 0.6087278106508875 0.8526200873362445 0.013313609467455622 0.002183406113537118
0 0.053994082840236685 0.8531659388646288 0.02514792899408284 0.0032751091703056767
0 0.632396449704142 0.8455240174672489 0.0014792899408284023 0.001091703056768559
0 0.6205621301775148 0.8455240174672489 0.004437869822485207 0.001091703056768559
0 0.5976331360946746 0.8455240174672489 0.03254437869822485 0.001091703056768559
0 0.0650887573964497 0.8460698689956332 0.005917159763313609 0.002183406113537118
0 0.05547337278106509 0.8460698689956332 0.010355029585798817 0.002183406113537118
0 0.897189349112426 0.8444323144104804 0.0014792899408284023 0.001091703056768559
0 0.08284023668639054 0.8389737991266376 0.005917159763313609 0.001091703056768559
0 0.0628698224852071 0.8395196506550219 0.016272189349112426 0.002183406113537118
0 0.04955621301775148 0.8389737991266376 0.004437869822485207 0.001091703056768559
0 0.6235207100591716 0.837882096069869 0.004437869822485207 0.001091703056768559
0 0.6131656804733728 0.8384279475982532 0.0073964497041420114 0.002183406113537118
0 0.5983727810650887 0.8384279475982532 0.016272189349112426 0.002183406113537118
0 0.5828402366863905 0.8384279475982532 0.005917159763313609 0.002183406113537118
0 0.0613905325443787 0.8324235807860262 0.0073964497041420114 0.001091703056768559
0 0.6893491124260355 0.8313318777292577 0.0029585798816568047 0.001091703056768559
0 0.6701183431952663 0.8313318777292577 0.0029585798816568047 0.001091703056768559
0 0.6597633136094675 0.8313318777292577 0.005917159763313609 0.001091703056768559
0 0.6516272189349113 0.8313318777292577 0.0073964497041420114 0.001091703056768559
0 0.5769230769230769 0.8313318777292577 0.0029585798816568047 0.001091703056768559
0 0.5658284023668639 0.8313318777292577 0.004437869822485207 0.001091703056768559
0 0.6116863905325444 0.8313318777292577 0.06360946745562131 0.0032751091703056767
0 0.08801775147928995 0.8258733624454149 0.0014792899408284023 0.001091703056768559
0 0.0621301775147929 0.8258733624454149 0.008875739644970414 0.0032751091703056767
0 0.4807692307692308 0.8182314410480349 0.005917159763313609 0.001091703056768559
0 0.47115384615384615 0.8182314410480349 0.004437869822485207 0.001091703056768559
0 0.4430473372781065 0.8182314410480349 0.0073964497041420114 0.001091703056768559
0 0.36538461538461536 0.8182314410480349 0.0029585798816568047 0.001091703056768559
0 0.6605029585798816 0.8176855895196506 0.0014792899408284023 0.002183406113537118
0 0.650887573964497 0.8176855895196506 0.0029585798816568047 0.002183406113537118
0 0.5665680473372781 0.8176855895196506 0.15384615384615385 0.004366812227074236
0 0.7337278106508875 0.8029475982532751 0.014792899408284023 0.0054585152838427945
0 0.386094674556213 0.7854803493449781 0.772189349112426 0.06441048034934498
0 0.33357988165680474 0.7494541484716157 0.004437869822485207 0.001091703056768559
0 0.2988165680473373 0.7494541484716157 0.014792899408284023 0.001091703056768559
0 0.17159763313609466 0.7494541484716157 0.005917159763313609 0.001091703056768559
0 0.7396449704142012 0.7483624454148472 0.005917159763313609 0.001091703056768559
0 0.40162721893491127 0.7489082969432315 0.019230769230769232 0.002183406113537118
0 0.386094674556213 0.7489082969432315 0.005917159763313609 0.002183406113537118
0 0.375 0.7489082969432315 0.0073964497041420114 0.002183406113537118
0 0.34911242603550297 0.7489082969432315 0.020710059171597635 0.002183406113537118
0 0.10059171597633136 0.75 0.11834319526627218 0.004366812227074236
0 0.9068047337278107 0.7478165938864629 0.008875739644970414 0.002183406113537118
0 0.5547337278106509 0.7483624454148472 0.27218934911242604 0.0054585152838427945
0 0.6427514792899408 0.7418122270742358 0.004437869822485207 0.001091703056768559
0 0.6279585798816568 0.7418122270742358 0.004437869822485207 0.001091703056768559
0 0.610207100591716 0.7418122270742358 0.004437869822485207 0.001091703056768559
0 0.5998520710059172 0.7418122270742358 0.0073964497041420114 0.001091703056768559
0 0.5665680473372781 0.7418122270742358 0.005917159763313609 0.001091703056768559
0 0.5569526627218935 0.7418122270742358 0.004437869822485207 0.001091703056768559
0 0.5465976331360947 0.7418122270742358 0.0014792899408284023 0.001091703056768559
0 0.6190828402366864 0.7412663755458515 0.004437869822485207 0.002183406113537118
0 0.6161242603550295 0.7347161572052402 0.019230769230769232 0.002183406113537118
0 0.6005917159763313 0.7347161572052402 0.008875739644970414 0.002183406113537118
0 0.591715976331361 0.7341703056768559 0.0029585798816568047 0.001091703056768559
0 0.5761834319526628 0.7347161572052402 0.02514792899408284 0.002183406113537118
0 0.5584319526627219 0.7347161572052402 0.0073964497041420114 0.002183406113537118
0 0.613905325443787 0.7276200873362445 0.008875739644970414 0.001091703056768559
0 0.5968934911242604 0.7276200873362445 0.013313609467455622 0.001091703056768559
0 0.5828402366863905 0.7276200873362445 0.005917159763313609 0.001091703056768559
0 0.5732248520710059 0.7276200873362445 0.0073964497041420114 0.001091703056768559
0 0.5599112426035503 0.7210698689956332 0.004437869822485207 0.001091703056768559
0 0.09171597633136094 0.7216157205240175 0.005917159763313609 0.002183406113537118
0 0.07766272189349112 0.7216157205240175 0.004437869822485207 0.002183406113537118
0 0.6153846153846154 0.7210698689956332 0.038461538461538464 0.0032751091703056767
0 0.5791420118343196 0.7210698689956332 0.028106508875739646 0.0032751091703056767
0 0.9400887573964497 0.7849344978165939 0.11982248520710059 0.13755458515283842
0 0.628698224852071 0.7134279475982532 0.0029585798816568047 0.001091703056768559
0 0.6168639053254438 0.7134279475982532 0.0029585798816568047 0.001091703056768559
0 0.5732248520710059 0.7134279475982532 0.004437869822485207 0.001091703056768559
0 0.9105029585798816 0.7123362445414847 0.0014792899408284023 0.001091703056768559
0 0.6553254437869822 0.7068777292576419 0.008875739644970414 0.0032751091703056767
0 0.6020710059171598 0.7074235807860262 0.09171597633136094 0.004366812227074236
0 0.9112426035502958 0.7057860262008734 0.011834319526627219 0.0032751091703056767
0 0.5850591715976331 0.7003275109170306 0.03106508875739645 0.0032751091703056767
0 0.6375739644970414 0.699235807860262 0.07100591715976332 0.0032751091703056767
0 0.9371301775147929 0.7052401746724891 0.028106508875739646 0.019650655021834062
0 0.06878698224852071 0.6948689956331878 0.0014792899408284023 0.001091703056768559
0 0.08801775147928995 0.6943231441048034 0.004437869822485207 0.002183406113537118
0 0.5480769230769231 0.6926855895196506 0.004437869822485207 0.001091703056768559
0 0.6789940828402367 0.6921397379912664 0.01775147928994083 0.002183406113537118
0 0.6116863905325444 0.6921397379912664 0.11390532544378698 0.004366812227074236
0 0.6664201183431953 0.6850436681222707 0.004437869822485207 0.001091703056768559
0 0.5636094674556213 0.6855895196506551 0.005917159763313609 0.002183406113537118
0 0.6893491124260355 0.6844978165938864 0.005917159763313609 0.002183406113537118
0 0.6804733727810651 0.6844978165938864 0.0029585798816568047 0.002183406113537118
0 0.6294378698224852 0.6850436681222707 0.05473372781065089 0.0032751091703056767
0 0.5850591715976331 0.6850436681222707 0.03106508875739645 0.0032751091703056767
0 0.9378698224852071 0.6883187772925764 0.023668639053254437 0.012008733624454149
0 0.09023668639053255 0.6801310043668122 0.005917159763313609 0.002183406113537118
0 0.6257396449704142 0.6779475982532751 0.14201183431952663 0.004366812227074236
0 0.6383136094674556 0.6708515283842795 0.0014792899408284023 0.001091703056768559
0 0.591715976331361 0.6713973799126638 0.011834319526627219 0.002183406113537118
0 0.5761834319526628 0.6713973799126638 0.013313609467455622 0.002183406113537118
0 0.9378698224852071 0.6741266375545851 0.026627218934911243 0.012008733624454149
0 0.5525147928994083 0.6643013100436681 0.004437869822485207 0.001091703056768559
0 0.6967455621301775 0.6637554585152838 0.008875739644970414 0.002183406113537118
0 0.6863905325443787 0.6637554585152838 0.0029585798816568047 0.002183406113537118
0 0.6168639053254438 0.6643013100436681 0.11538461538461539 0.0032751091703056767
0 0.9378698224852071 0.6637554585152838 0.026627218934911243 0.006550218340611353
0 0.5813609467455622 0.6577510917030568 0.005917159763313609 0.001091703056768559
0 0.08284023668639054 0.6528384279475983 0.026627218934911243 0.002183406113537118
0 0.9319526627218935 0.6517467248908297 0.005917159763313609 0.002183406113537118
0 0.9252958579881657 0.6512008733624454 0.0014792899408284023 0.001091703056768559
0 0.5613905325443787 0.6512008733624454 0.004437869822485207 0.001091703056768559
0 0.6301775147928994 0.6506550218340611 0.1301775147928994 0.004366812227074236
0 0.20857988165680474 0.63264192139738 0.0029585798816568047 0.001091703056768559
0 0.21745562130177515 0.63264192139738 0.005917159763313609 0.0032751091703056767
0 0.13535502958579881 0.5906113537117904 0.0073964497041420114 0.006550218340611353
0 0.0014792899408284023 0.5081877729257642 0.0029585798816568047 0.001091703056768559
0 0.11390532544378698 0.5622270742358079 0.22781065088757396 0.17248908296943233
0 0.9497041420118343 0.5649563318777293 0.10059171597633136 0.18668122270742357
0 0.7618343195266272 0.46888646288209607 0.0029585798816568047 0.001091703056768559
0 0.6368343195266272 0.5567685589519651 0.33579881656804733 0.1812227074235808
0 0.724112426035503 0.4557860262008734 0.0014792899408284023 0.001091703056768559
0 0.7056213017751479 0.4557860262008734 0.020710059171597635 0.0032751091703056767
0 0.6804733727810651 0.45524017467248906 0.011834319526627219 0.002183406113537118
0 0.6449704142011834 0.45524017467248906 0.026627218934911243 0.002183406113537118
0 0.6190828402366864 0.45524017467248906 0.010355029585798817 0.002183406113537118
0 0.6368343195266272 0.4481441048034934 0.004437869822485207 0.001091703056768559
0 0.6153846153846154 0.4481441048034934 0.0029585798816568047 0.001091703056768559
0 0.6804733727810651 0.4415938864628821 0.0029585798816568047 0.001091703056768559
0 0.6568047337278107 0.4415938864628821 0.0029585798816568047 0.001091703056768559
0 0.716715976331361 0.4410480349344978 0.013313609467455622 0.002183406113537118
0 0.6383136094674556 0.4415938864628821 0.016272189349112426 0.0032751091703056767
0 0.6190828402366864 0.4410480349344978 0.013313609467455622 0.002183406113537118
0 0.636094674556213 0.43504366812227074 0.0029585798816568047 0.001091703056768559
0 0.6168639053254438 0.4344978165938865 0.005917159763313609 0.002183406113537118
0 0.6804733727810651 0.4284934497816594 0.0029585798816568047 0.001091703056768559
0 0.6368343195266272 0.4284934497816594 0.0073964497041420114 0.001091703056768559
0 0.6242603550295858 0.4284934497816594 0.005917159763313609 0.001091703056768559
0 0.6900887573964497 0.4279475982532751 0.004437869822485207 0.002183406113537118
0 0.9770710059171598 0.42740174672489084 0.004437869822485207 0.0032751091703056767
0 0.7226331360946746 0.4279475982532751 0.028106508875739646 0.004366812227074236
0 0.6390532544378699 0.42194323144104806 0.0029585798816568047 0.001091703056768559
0 0.6235207100591716 0.42248908296943233 0.013313609467455622 0.002183406113537118
0 0.6819526627218935 0.4153930131004367 0.0029585798816568047 0.001091703056768559
0 0.6264792899408284 0.41593886462882096 0.004437869822485207 0.002183406113537118
0 0.6997041420118343 0.4153930131004367 0.011834319526627219 0.0032751091703056767
0 0.9770710059171598 0.4143013100436681 0.004437869822485207 0.0032751091703056767
0 0.7285502958579881 0.4148471615720524 0.03994082840236687 0.004366812227074236
0 0.6501479289940828 0.4088427947598253 0.0014792899408284023 0.001091703056768559
0 0.636094674556213 0.4088427947598253 0.0029585798816568047 0.001091703056768559
0 0.738905325443787 0.4088427947598253 0.013313609467455622 0.0032751091703056767
0 0.628698224852071 0.40829694323144106 0.005917159763313609 0.002183406113537118
0 0.6863905325443787 0.40829694323144106 0.0621301775147929 0.004366812227074236
0 0.6967455621301775 0.4017467248908297 0.008875739644970414 0.002183406113537118
0 0.6353550295857988 0.4017467248908297 0.004437869822485207 0.002183406113537118
0 0.9770710059171598 0.4017467248908297 0.0073964497041420114 0.004366812227074236
0 0.7411242603550295 0.4017467248908297 0.011834319526627219 0.004366812227074236
0 0.6760355029585798 0.4017467248908297 0.029585798816568046 0.004366812227074236
0 0.977810650887574 0.3951965065502183 0.011834319526627219 0.004366812227074236
0 0.6878698224852071 0.3951965065502183 0.13609467455621302 0.006550218340611353
0 0.9792899408284024 0.38318777292576417 0.011834319526627219 0.015283842794759825
0 0.9985207100591716 0.36681222707423583 0.0029585798816568047 0.004366812227074236
0 0.5 0.21124454148471616 1.0 0.35917030567685587
