0 0.5302197802197802 0.9963636363636363 0.016483516483516484 0.007272727272727273
0 0.5590659340659341 0.9954545454545455 0.019230769230769232 0.00909090909090909
0 0.603021978021978 0.9945454545454545 0.013736263736263736 0.01090909090909091
0 0.3983516483516483 0.990909090909091 0.2967032967032967 0.01818181818181818
0 0.5810439560439561 0.980909090909091 0.024725274725274724 0.0018181818181818182
0 0.6524725274725275 0.9854545454545455 0.06868131868131869 0.02909090909090909
0 0.30494505494505497 0.9627272727272728 0.02197802197802198 0.02
0 0.0027472527472527475 0.7754545454545455 0.005494505494505495 0.0018181818181818182
0 0.7939560439560439 0.6545454545454545 0.01098901098901099 0.0036363636363636364
0 0.842032967032967 0.5918181818181818 0.008241758241758242 0.0018181818181818182
0 0.8983516483516484 0.3290909090909091 0.01098901098901099 0.0036363636363636364
0 0.9120879120879121 0.3181818181818182 0.01098901098901099 0.0036363636363636364
0 0.6593406593406593 0.64 0.6813186813186813 0.6727272727272727
0 0.8763736263736264 0.30636363636363634 0.06043956043956044 0.00909090909090909
0 0.9395604395604396 0.29454545454545455 0.01098901098901099 0.0036363636363636364
0 0.9093406593406593 0.29454545454545455 0.03296703296703297 0.007272727272727273
0 0.9409340659340659 0.28363636363636363 0.04120879120879121 0.007272727272727273
0 0.7321428571428571 0.23 0.019230769230769232 0.005454545454545455
0 0.7046703296703297 0.20636363636363636 0.06318681318681318 0.005454545454545455
0 0.9285714285714286 0.19727272727272727 0.005494505494505495 0.0018181818181818182
0 0.9711538461538461 0.19727272727272727 0.057692307692307696 0.005454545454545455
0 0.804945054945055 0.19727272727272727 0.11538461538461539 0.00909090909090909
0 0.1401098901098901 0.2 0.2802197802197802 0.01818181818181818
0 0.5 0.5490909090909091 1.0 0.8545454545454545
0 0.5576923076923077 0.09545454545454546 0.03296703296703297 0.00909090909090909
0 0.6098901098901099 0.08454545454545455 0.005494505494505495 0.005454545454545455
0 0.5494505494505495 0.07818181818181819 0.016483516483516484 0.007272727272727273
0 0.5425824175824175 0.07181818181818182 0.0027472527472527475 0.0018181818181818182
0 0.5508241758241759 0.05818181818181818 0.019230769230769232 0.014545454545454545
0 0.570054945054945 0.05 0.013736263736263736 0.005454545454545455
0 0.6717032967032966 0.07272727272727272 0.0521978021978022 0.08
0 0.3873626373626374 0.07 0.2802197802197802 0.08181818181818182
0 0.9010989010989011 0.00909090909090909 0.1043956043956044 0.01818181818181818
0 0.5425824175824175 0.004545454545454545 0.12912087912087913 0.00909090909090909
0 0.2239010989010989 0.0018181818181818182 0.013736263736263736 0.0036363636363636364
