0 0.6413721413721414 0.9986449864498645 0.002079002079002079 0.0027100271002710027
0 0.43243243243243246 0.9905149051490515 0.008316008316008316 0.008130081300813009
0 0.5218295218295218 0.991869918699187 0.02079002079002079 0.016260162601626018
0 0.48232848232848236 0.991869918699187 0.037422037422037424 0.016260162601626018
0 0.44490644490644493 0.991869918699187 0.012474012474012475 0.016260162601626018
0 0.6559251559251559 0.986449864498645 0.006237006237006237 0.01084010840108401
0 0.604989604989605 0.9905149051490515 0.016632016632016633 0.018970189701897018
0 0.6226611226611226 0.9796747967479674 0.014553014553014554 0.008130081300813009
0 0.007276507276507277 0.8861788617886179 0.014553014553014554 0.06504065040650407
0 0.002079002079002079 0.8414634146341463 0.004158004158004158 0.0027100271002710027
0 0.06652806652806653 0.8414634146341463 0.058212058212058215 0.008130081300813009
0 0.22765072765072766 0.8373983739837398 0.010395010395010396 0.005420054200542005
0 0.9927234927234927 0.8428184281842819 0.014553014553014554 0.032520325203252036
0 0.5114345114345115 0.8279132791327913 0.012474012474012475 0.008130081300813009
0 0.04365904365904366 0.8265582655826558 0.008316008316008316 0.005420054200542005
0 0.002079002079002079 0.8279132791327913 0.004158004158004158 0.008130081300813009
0 0.004158004158004158 0.8035230352303523 0.008316008316008316 0.018970189701897018
0 0.005197505197505198 0.7669376693766937 0.010395010395010396 0.037940379403794036
0 0.004158004158004158 0.7330623306233063 0.008316008316008316 0.024390243902439025
0 0.0031185031185031187 0.7073170731707317 0.006237006237006237 0.01084010840108401
0 0.0031185031185031187 0.6924119241192412 0.006237006237006237 0.008130081300813009
0 0.002079002079002079 0.6775067750677507 0.004158004158004158 0.005420054200542005
0 0.9968814968814969 0.6449864498644986 0.006237006237006237 0.016260162601626018
0 0.9968814968814969 0.4173441734417344 0.006237006237006237 0.02168021680216802
0 0.006237006237006237 0.4159891598915989 0.012474012474012475 0.03523035230352303
0 0.007276507276507277 0.11517615176151762 0.014553014553014554 0.03523035230352303
0 0.49376299376299376 0.4742547425474255 0.9251559251559252 0.9051490514905149
0 0.6278586278586279 0.013550135501355014 0.004158004158004158 0.005420054200542005
0 0.6143451143451143 0.012195121951219513 0.014553014553014554 0.008130081300813009
0 0.4397089397089397 0.013550135501355014 0.010395010395010396 0.01084010840108401
0 0.6548856548856549 0.008130081300813009 0.016632016632016633 0.016260162601626018
0 0.5301455301455301 0.008130081300813009 0.008316008316008316 0.016260162601626018
0 0.501039501039501 0.008130081300813009 0.016632016632016633 0.016260162601626018
0 0.4802494802494803 0.009485094850948509 0.012474012474012475 0.018970189701897018
0 0.4573804573804574 0.009485094850948509 0.012474012474012475 0.018970189701897018
