0 0.6694045174537988 0.9981981981981982 0.024640657084188913 0.0036036036036036037
0 0.6139630390143738 0.9945945945945946 0.012320328542094456 0.0036036036036036037
0 0.7176591375770021 0.9873873873873874 0.006160164271047228 0.0036036036036036037
0 0.4240246406570842 0.26756756756756755 0.014373716632443531 0.009009009009009009
0 0.1837782340862423 0.24954954954954955 0.006160164271047228 0.005405405405405406
0 0.002053388090349076 0.24324324324324326 0.004106776180698152 0.007207207207207207
0 0.28336755646817247 0.2045045045045045 0.008213552361396304 0.005405405405405406
0 0.25564681724845995 0.12342342342342343 0.006160164271047228 0.005405405405405406
0 0.5 0.5045045045045045 1.0 0.990990990990991
0 0.62217659137577 0.013513513513513514 0.06570841889117043 0.02702702702702703
0 0.5102669404517454 0.011711711711711712 0.043121149897330596 0.023423423423423424
0 0.4784394250513347 0.012612612612612612 0.045174537987679675 0.025225225225225224
0 0.4353182751540041 0.013513513513513514 0.03696098562628337 0.02702702702702703
