0 0.5470679012345679 0.99375 0.020061728395061727 0.0125
0 0.5625 0.971875 0.0015432098765432098 0.0020833333333333333
0 0.5432098765432098 0.9729166666666667 0.015432098765432098 0.020833333333333332
0 0.5748456790123457 0.978125 0.020061728395061727 0.04375
0 0.39969135802469136 0.975 0.015432098765432098 0.05
0 0.4699074074074074 0.9708333333333333 0.016975308641975308 0.04583333333333333
0 0.4375 0.9739583333333334 0.032407407407407406 0.052083333333333336
0 0.5385802469135802 0.9479166666666666 0.006172839506172839 0.016666666666666666
0 0.5532407407407407 0.9375 0.007716049382716049 0.004166666666666667
0 0.9058641975308642 0.7760416666666666 0.0030864197530864196 0.0020833333333333333
0 0.9691358024691358 0.7739583333333333 0.006172839506172839 0.0020833333333333333
0 0.9837962962962963 0.759375 0.004629629629629629 0.0020833333333333333
0 0.9259259259259259 0.759375 0.0030864197530864196 0.0020833333333333333
0 0.9567901234567902 0.759375 0.030864197530864196 0.00625
0 0.012345679012345678 0.7427083333333333 0.024691358024691357 0.00625
0 0.9552469135802469 0.7322916666666667 0.037037037037037035 0.00625
0 0.016203703703703703 0.7 0.013888888888888888 0.004166666666666667
0 0.022376543209876542 0.6510416666666666 0.004629629629629629 0.0020833333333333333
0 0.017746913580246913 0.6385416666666667 0.004629629629629629 0.0020833333333333333
0 0.9868827160493827 0.5333333333333333 0.0015432098765432098 0.004166666666666667
0 0.9907407407407407 0.3802083333333333 0.0030864197530864196 0.0020833333333333333
0 0.0470679012345679 0.057291666666666664 0.023148148148148147 0.010416666666666666
0 0.5 0.48125 1.0 0.8916666666666667
0 0.558641975308642 0.030208333333333334 0.006172839506172839 0.00625
0 0.5825617283950617 0.016666666666666666 0.010802469135802469 0.025
0 0.6188271604938271 0.022916666666666665 0.030864197530864196 0.04583333333333333
0 0.5756172839506173 0.0020833333333333333 0.009259259259259259 0.004166666666666667
0 0.5532407407407407 0.0010416666666666667 0.0015432098765432098 0.0020833333333333333
0 0.5432098765432098 0.015625 0.009259259259259259 0.03125
0 0.4722222222222222 0.013541666666666667 0.006172839506172839 0.027083333333333334
0 0.4375 0.015625 0.026234567901234566 0.03125
0 0.4058641975308642 0.015625 0.006172839506172839 0.03125
0 0.44598765432098764 0.027083333333333334 0.16666666666666666 0.05416666666666667
