0 0.46515151515151515 0.9893617021276596 0.05757575757575758 0.02127659574468085
0 0.6575757575757576 0.9881796690307328 0.08484848484848485 0.02364066193853428
0 0.5515151515151515 0.975177304964539 0.45454545454545453 0.04964539007092199
0 0.996969696969697 0.942080378250591 0.006060606060606061 0.002364066193853428
0 0.11515151515151516 0.9125295508274232 0.12121212121212122 0.014184397163120567
0 0.07272727272727272 0.8841607565011821 0.006060606060606061 0.004728132387706856
0 0.9045454545454545 0.875886524822695 0.03333333333333333 0.0070921985815602835
0 0.17727272727272728 0.8770685579196218 0.021212121212121213 0.009456264775413711
0 0.1393939393939394 0.875886524822695 0.012121212121212121 0.0070921985815602835
0 0.8151515151515152 0.8782505910165485 0.10303030303030303 0.016548463356973995
0 0.11060606060606061 0.8617021276595744 0.0030303030303030303 0.002364066193853428
0 0.4909090909090909 0.8498817966903073 0.006060606060606061 0.0070921985815602835
0 0.7742424242424243 0.8439716312056738 0.00909090909090909 0.004728132387706856
0 0.1606060606060606 0.8439716312056738 0.04242424242424243 0.014184397163120567
0 0.49242424242424243 0.8368794326241135 0.0030303030303030303 0.004728132387706856
0 0.9166666666666666 0.8321513002364066 0.03333333333333333 0.004728132387706856
0 0.8893939393939394 0.8309692671394799 0.0030303030303030303 0.002364066193853428
0 0.8712121212121212 0.8321513002364066 0.00909090909090909 0.004728132387706856
0 0.793939393939394 0.83451536643026 0.05454545454545454 0.009456264775413711
0 0.1590909090909091 0.8297872340425532 0.015151515151515152 0.004728132387706856
0 0.3484848484848485 0.8156028368794326 0.07878787878787878 0.009456264775413711
0 0.11060606060606061 0.8120567375886525 0.045454545454545456 0.016548463356973995
0 0.1409090909090909 0.7966903073286052 0.00909090909090909 0.004728132387706856
0 0.9363636363636364 0.8014184397163121 0.05454545454545454 0.02364066193853428
0 0.9803030303030303 0.7872340425531915 0.00909090909090909 0.004728132387706856
0 0.49393939393939396 0.7884160756501182 0.012121212121212121 0.01182033096926714
0 0.45454545454545453 0.7848699763593381 0.030303030303030304 0.009456264775413711
0 0.38333333333333336 0.7825059101654847 0.015151515151515152 0.004728132387706856
0 0.7348484848484849 0.8581560283687943 0.3303030303030303 0.16548463356973994
0 0.4196969696969697 0.7801418439716312 0.03333333333333333 0.014184397163120567
0 0.1696969696969697 0.7671394799054374 0.03636363636363636 0.0070921985815602835
0 0.09848484848484848 0.7718676122931442 0.03939393939393939 0.026004728132387706
0 0.396969696969697 0.8451536643026005 0.2909090909090909 0.18203309692671396
0 0.4909090909090909 0.7009456264775413 0.030303030303030304 0.03546099290780142
0 0.9772727272727273 0.5224586288416075 0.045454545454545456 0.018912529550827423
0 0.9196969696969697 0.5200945626477541 0.051515151515151514 0.02364066193853428
0 0.31666666666666665 0.6040189125295509 0.3181818181818182 0.2198581560283688
0 0.7439393939393939 0.6193853427895981 0.27575757575757576 0.2553191489361702
0 0.5651515151515152 0.6146572104018913 0.03939393939393939 0.2647754137115839
0 0.5818181818181818 0.47635933806146574 0.006060606060606061 0.0070921985815602835
0 0.5151515151515151 0.5650118203309693 0.06666666666666667 0.21749408983451538
0 0.5 0.5047281323877069 1.0 0.8203309692671394
0 0.7151515151515152 0.07092198581560284 0.006060606060606061 0.004728132387706856
0 0.7045454545454546 0.05673758865248227 0.00909090909090909 0.009456264775413711
0 0.6681818181818182 0.04964539007092199 0.06363636363636363 0.0425531914893617
0 0.6454545454545455 0.03309692671394799 0.01818181818181818 0.03309692671394799
0 0.5287878787878788 0.03664302600472813 0.02727272727272727 0.04491725768321513
0 0.47424242424242424 0.03664302600472813 0.05757575757575758 0.04964539007092199
0 0.41515151515151516 0.03546099290780142 0.04242424242424243 0.04728132387706856
