0 0.584983498349835 0.9985294117647059 0.0049504950495049506 0.0029411764705882353
0 0.5396039603960396 0.9985294117647059 0.006600660066006601 0.0029411764705882353
0 0.5585808580858086 0.9970588235294118 0.028052805280528052 0.0058823529411764705
0 0.5 0.9897058823529412 0.27722772277227725 0.020588235294117647
0 0.0024752475247524753 0.875 0.0049504950495049506 0.0029411764705882353
0 0.9925742574257426 0.3286764705882353 0.01485148514851485 0.007352941176470588
0 0.995049504950495 0.31985294117647056 0.009900990099009901 0.004411764705882353
0 0.0016501650165016502 0.30808823529411766 0.0033003300330033004 0.0014705882352941176
0 0.9801980198019802 0.3029411764705882 0.0033003300330033004 0.0029411764705882353
0 0.5412541254125413 0.05955882352941176 0.026402640264026403 0.010294117647058823
0 0.570957095709571 0.058823529411764705 0.019801980198019802 0.011764705882352941
0 0.533003300330033 0.045588235294117645 0.006600660066006601 0.0058823529411764705
0 0.5668316831683168 0.041176470588235294 0.01155115511551155 0.014705882352941176
0 0.5338283828382838 0.03161764705882353 0.00825082508250825 0.01911764705882353
0 0.5495049504950495 0.021323529411764706 0.006600660066006601 0.004411764705882353
0 0.5 0.48455882352941176 1.0 0.9691176470588235
