0 0.4917431192660551 0.9783950617283951 0.007339449541284404 0.018518518518518517
0 0.40642201834862385 0.9814814814814815 0.012844036697247707 0.037037037037037035
0 0.355045871559633 0.9814814814814815 0.012844036697247707 0.037037037037037035
0 0.3238532110091743 0.9814814814814815 0.012844036697247707 0.037037037037037035
0 0.44862385321100917 0.970679012345679 0.027522935779816515 0.05864197530864197
0 0.2834862385321101 0.9645061728395061 0.02018348623853211 0.07098765432098765
0 0.9944954128440368 0.8240740740740741 0.011009174311926606 0.12962962962962962
0 0.9990825688073395 0.5787037037037037 0.001834862385321101 0.009259259259259259
0 0.9954128440366973 0.43209876543209874 0.009174311926605505 0.25308641975308643
0 0.9990825688073395 0.22685185185185186 0.001834862385321101 0.027777777777777776
0 0.9990825688073395 0.2052469135802469 0.001834862385321101 0.0030864197530864196
0 0.9944954128440368 0.12191358024691358 0.011009174311926606 0.06481481481481481
0 0.4963302752293578 0.035493827160493825 0.012844036697247707 0.009259259259259259
0 0.5201834862385321 0.023148148148148147 0.02018348623853211 0.033950617283950615
0 0.4091743119266055 0.009259259259259259 0.007339449541284404 0.018518518518518517
0 0.3275229357798165 0.007716049382716049 0.005504587155963303 0.015432098765432098
0 0.5 0.44753086419753085 0.9486238532110092 0.8950617283950617
