0 0.5497553017944535 0.998546511627907 0.0032626427406199023 0.0029069767441860465
0 0.5693311582381729 0.997093023255814 0.026101141924959218 0.005813953488372093
0 0.5097879282218597 0.9898255813953488 0.2724306688417618 0.020348837209302327
0 0.008156606851549755 0.8190406976744186 0.0032626427406199023 0.0014534883720930232
0 0.005709624796084829 0.623546511627907 0.011419249592169658 0.005813953488372093
0 0.0016313213703099511 0.6061046511627907 0.0032626427406199023 0.0029069767441860465
0 0.017128874388254486 0.30886627906976744 0.008156606851549755 0.0014534883720930232
0 0.013050570962479609 0.3001453488372093 0.009787928221859706 0.0014534883720930232
0 0.9877650897226754 0.2688953488372093 0.024469820554649267 0.005813953488372093
0 0.9893964110929854 0.25944767441860467 0.011419249592169658 0.00436046511627907
0 0.5554649265905384 0.057412790697674417 0.024469820554649267 0.010174418604651164
0 0.5848287112561175 0.056686046511627904 0.01794453507340946 0.011627906976744186
0 0.0008156606851549756 0.042877906976744186 0.0016313213703099511 0.0014534883720930232
0 0.5807504078303426 0.038517441860465115 0.013050570962479609 0.015988372093023256
0 0.5481239804241436 0.032703488372093026 0.0065252854812398045 0.024709302325581394
0 0.564437194127243 0.0188953488372093 0.0065252854812398045 0.0029069767441860465
0 0.5 0.48255813953488375 1.0 0.9651162790697675
