0 0.5952768729641694 0.9978021978021978 0.004885993485342019 0.004395604395604396
0 0.5830618892508144 0.9967032967032967 0.003257328990228013 0.006593406593406593
0 0.6270358306188925 0.9945054945054945 0.006514657980456026 0.01098901098901099
0 0.6148208469055375 0.9813186813186813 0.004885993485342019 0.006593406593406593
0 0.44055374592833874 0.9857142857142858 0.014657980456026058 0.02857142857142857
0 0.5146579804560261 0.9835164835164835 0.016286644951140065 0.03296703296703297
0 0.4796416938110749 0.9835164835164835 0.030944625407166124 0.03296703296703297
0 0.5838762214983714 0.9648351648351648 0.004885993485342019 0.008791208791208791
0 0.6001628664495114 0.9571428571428572 0.008143322475570033 0.006593406593406593
0 0.9755700325732899 0.7736263736263737 0.003257328990228013 0.004395604395604396
0 0.7304560260586319 0.7472527472527473 0.004885993485342019 0.004395604395604396
0 0.997557003257329 0.721978021978022 0.004885993485342019 0.002197802197802198
0 0.995114006514658 0.7098901098901099 0.009771986970684038 0.004395604395604396
0 0.8786644951140065 0.7043956043956044 0.008143322475570033 0.006593406593406593
0 0.9161237785016286 0.6879120879120879 0.004885993485342019 0.004395604395604396
0 0.7092833876221498 0.6923076923076923 0.008143322475570033 0.02197802197802198
0 0.7076547231270358 0.656043956043956 0.004885993485342019 0.006593406593406593
0 0.9454397394136808 0.6483516483516484 0.008143322475570033 0.004395604395604396
0 0.8232899022801303 0.6373626373626373 0.004885993485342019 0.004395604395604396
0 0.8460912052117264 0.6637362637362637 0.014657980456026058 0.06153846153846154
0 0.8428338762214984 0.6252747252747253 0.004885993485342019 0.002197802197802198
0 0.7744299674267101 0.5912087912087912 0.008143322475570033 0.008791208791208791
0 0.8143322475570033 0.6010989010989011 0.03908794788273615 0.05934065934065934
0 0.8900651465798045 0.5384615384615384 0.0016286644951140066 0.004395604395604396
0 0.8306188925081434 0.5241758241758242 0.019543973941368076 0.02857142857142857
0 0.7768729641693811 0.5318681318681319 0.035830618892508145 0.04835164835164835
0 0.8843648208469055 0.5021978021978022 0.016286644951140065 0.05934065934065934
0 0.8355048859934854 0.4318681318681319 0.003257328990228013 0.006593406593406593
0 0.8053745928338762 0.43736263736263736 0.024429967426710098 0.026373626373626374
0 0.8517915309446255 0.510989010989011 0.009771986970684038 0.1824175824175824
0 0.7866449511400652 0.421978021978022 0.006514657980456026 0.004395604395604396
0 0.8526058631921825 0.3967032967032967 0.004885993485342019 0.015384615384615385
0 0.7141693811074918 0.3813186813186813 0.011400651465798045 0.05934065934065934
0 0.8542345276872965 0.36043956043956044 0.004885993485342019 0.02197802197802198
0 0.7141693811074918 0.3395604395604396 0.0016286644951140066 0.002197802197802198
0 0.9324104234527687 0.4747252747252747 0.13517915309446255 0.27692307692307694
0 0.8542345276872965 0.33516483516483514 0.004885993485342019 0.01098901098901099
0 0.997557003257329 0.32857142857142857 0.004885993485342019 0.006593406593406593
0 0.7149837133550488 0.31868131868131866 0.006514657980456026 0.008791208791208791
0 0.7817589576547231 0.31648351648351647 0.05211726384364821 0.013186813186813187
0 0.8534201954397395 0.3120879120879121 0.006514657980456026 0.013186813186813187
0 0.9666123778501629 0.30439560439560437 0.0016286644951140066 0.002197802197802198
0 0.998371335504886 0.30439560439560437 0.003257328990228013 0.006593406593406593
0 0.754885993485342 0.2923076923076923 0.008143322475570033 0.013186813186813187
0 0.8534201954397395 0.2923076923076923 0.009771986970684038 0.02197802197802198
0 0.996742671009772 0.2802197802197802 0.006514657980456026 0.006593406593406593
0 0.9641693811074918 0.2802197802197802 0.009771986970684038 0.006593406593406593
0 0.9340390879478827 0.2967032967032967 0.043973941368078175 0.05274725274725275
0 0.758957654723127 0.2714285714285714 0.013029315960912053 0.024175824175824177
0 0.8558631921824105 0.26593406593406593 0.008143322475570033 0.02197802197802198
0 0.9242671009771987 0.256043956043956 0.008143322475570033 0.006593406593406593
0 0.757328990228013 0.25384615384615383 0.003257328990228013 0.002197802197802198
0 0.997557003257329 0.25384615384615383 0.004885993485342019 0.006593406593406593
0 0.996742671009772 0.24065934065934066 0.006514657980456026 0.002197802197802198
0 0.9576547231270358 0.24835164835164836 0.029315960912052116 0.03076923076923077
0 0.998371335504886 0.22967032967032966 0.003257328990228013 0.002197802197802198
0 0.8574918566775245 0.23956043956043957 0.008143322475570033 0.02197802197802198
0 0.754885993485342 0.21428571428571427 0.004885993485342019 0.006593406593406593
0 0.7736156351791531 0.210989010989011 0.003257328990228013 0.004395604395604396
0 0.8574918566775245 0.21318681318681318 0.008143322475570033 0.02197802197802198
0 0.998371335504886 0.2021978021978022 0.003257328990228013 0.004395604395604396
0 0.8061889250814332 0.18571428571428572 0.009771986970684038 0.006593406593406593
0 0.760586319218241 0.1912087912087912 0.019543973941368076 0.02197802197802198
0 0.996742671009772 0.17582417582417584 0.006514657980456026 0.004395604395604396
0 0.9698697068403909 0.17802197802197803 0.011400651465798045 0.008791208791208791
0 0.7996742671009772 0.16373626373626374 0.003257328990228013 0.006593406593406593
0 0.7850162866449512 0.16483516483516483 0.006514657980456026 0.008791208791208791
0 0.9600977198697068 0.15494505494505495 0.004885993485342019 0.006593406593406593
0 0.9454397394136808 0.15494505494505495 0.004885993485342019 0.006593406593406593
0 0.995928338762215 0.15824175824175823 0.008143322475570033 0.017582417582417582
0 0.8021172638436482 0.14175824175824175 0.004885993485342019 0.006593406593406593
0 0.8118892508143323 0.11868131868131868 0.0016286644951140066 0.004395604395604396
0 0.762214983713355 0.14175824175824175 0.026058631921824105 0.07252747252747253
0 0.8436482084690554 0.1 0.003257328990228013 0.002197802197802198
0 0.7890879478827362 0.09340659340659341 0.050488599348534204 0.01978021978021978
0 0.5 0.4758241758241758 1.0 0.9164835164835164
0 0.6392508143322475 0.012087912087912088 0.004885993485342019 0.006593406593406593
0 0.6604234527687296 0.007692307692307693 0.008143322475570033 0.015384615384615385
0 0.6123778501628665 0.002197802197802198 0.009771986970684038 0.004395604395604396
0 0.5830618892508144 0.002197802197802198 0.019543973941368076 0.004395604395604396
0 0.4714983713355049 0.01098901098901099 0.17100977198697068 0.02197802197802198
