0 0.02572347266881029 0.7533222591362126 0.003215434083601286 0.0016611295681063123
0 0.4903536977491961 0.8222591362126246 0.9807073954983923 0.27906976744186046
0 0.02652733118971061 0.6818936877076412 0.008038585209003215 0.0049833887043189366
0 0.024115755627009645 0.6636212624584718 0.00964630225080386 0.0049833887043189366
0 0.03938906752411576 0.6503322259136213 0.001607717041800643 0.0016611295681063123
0 0.10209003215434084 0.6453488372093024 0.001607717041800643 0.0016611295681063123
0 0.22508038585209003 0.6445182724252492 0.003215434083601286 0.0033222591362126247
0 0.38183279742765275 0.6420265780730897 0.00482315112540193 0.0016611295681063123
0 0.4405144694533762 0.6411960132890365 0.006430868167202572 0.0033222591362126247
0 0.40434083601286175 0.6411960132890365 0.011254019292604502 0.0033222591362126247
0 0.36897106109324757 0.6420265780730897 0.017684887459807074 0.0049833887043189366
0 0.3327974276527331 0.6420265780730897 0.006430868167202572 0.0049833887043189366
0 0.2934083601286174 0.6420265780730897 0.00482315112540193 0.0049833887043189366
0 0.31109324758842444 0.6245847176079734 0.001607717041800643 0.0033222591362126247
0 0.24196141479099678 0.6262458471760798 0.008038585209003215 0.006644518272425249
0 0.06591639871382636 0.6179401993355482 0.003215434083601286 0.006644518272425249
0 0.5144694533762058 0.6179401993355482 0.006430868167202572 0.009966777408637873
0 0.26688102893890675 0.6154485049833887 0.006430868167202572 0.0049833887043189366
0 0.3295819935691318 0.617109634551495 0.01929260450160772 0.024916943521594685
0 0.2909967845659164 0.6154485049833887 0.00964630225080386 0.02823920265780731
0 0.43086816720257237 0.6129568106312292 0.14790996784565916 0.029900332225913623
0 0.08279742765273312 0.6054817275747508 0.014469453376205787 0.024916943521594685
0 0.06270096463022508 0.5996677740863787 0.006430868167202572 0.019933554817275746
0 0.11736334405144695 0.5838870431893688 0.012861736334405145 0.008305647840531562
0 0.15916398713826366 0.5772425249169435 0.003215434083601286 0.0049833887043189366
0 0.06270096463022508 0.5772425249169435 0.003215434083601286 0.008305647840531562
0 0.3279742765273312 0.5813953488372093 0.006430868167202572 0.019933554817275746
0 0.22508038585209003 0.5722591362126246 0.003215434083601286 0.0016611295681063123
0 0.17765273311897106 0.595514950166113 0.1752411575562701 0.07475083056478406
0 0.08279742765273312 0.5697674418604651 0.014469453376205787 0.03986710963455149
0 0.06832797427652733 0.47591362126245845 0.00482315112540193 0.0049833887043189366
0 0.1085209003215434 0.4119601328903654 0.00482315112540193 0.0033222591362126247
0 0.06109324758842444 0.40365448504983387 0.006430868167202572 0.0033222591362126247
0 0.11334405144694534 0.40282392026578073 0.008038585209003215 0.0049833887043189366
0 0.0860128617363344 0.40780730897009965 0.017684887459807074 0.014950166112956811
0 0.8963022508038585 0.39867109634551495 0.00482315112540193 0.0033222591362126247
0 0.06189710610932476 0.39368770764119604 0.014469453376205787 0.006644518272425249
0 0.614951768488746 0.38289036544850497 0.008038585209003215 0.0016611295681063123
0 0.0635048231511254 0.3845514950166113 0.02090032154340836 0.0049833887043189366
0 0.12057877813504823 0.38289036544850497 0.00964630225080386 0.0049833887043189366
0 0.09646302250803858 0.38787375415282394 0.028938906752411574 0.018272425249169437
0 0.8721864951768489 0.3787375415282392 0.00482315112540193 0.0033222591362126247
0 0.862540192926045 0.37790697674418605 0.001607717041800643 0.0016611295681063123
0 0.09646302250803858 0.37375415282392027 0.00964630225080386 0.0033222591362126247
0 0.4855305466237942 0.5249169435215947 0.9710610932475884 0.31893687707641194
0 0.12620578778135047 0.3637873754152824 0.011254019292604502 0.006644518272425249
0 0.10209003215434084 0.3637873754152824 0.02090032154340836 0.006644518272425249
0 0.385048231511254 0.36295681063122925 0.4742765273311897 0.014950166112956811
0 0.6366559485530546 0.35631229235880396 0.01929260450160772 0.0049833887043189366
0 0.8954983922829582 0.35132890365448505 0.003215434083601286 0.0016611295681063123
0 0.8368167202572347 0.35299003322259137 0.1045016077170418 0.0049833887043189366
0 0.1310289389067524 0.3480066445182724 0.011254019292604502 0.0016611295681063123
0 0.10610932475884244 0.3488372093023256 0.01607717041800643 0.0033222591362126247
0 0.5297427652733119 0.34219269102990035 0.7508038585209004 0.016611295681063124
0 0.8536977491961415 0.29900332225913623 0.0932475884244373 0.006644518272425249
0 0.867363344051447 0.28820598006644516 0.011254019292604502 0.0016611295681063123
0 0.8512861736334405 0.28820598006644516 0.00482315112540193 0.0016611295681063123
0 0.8906752411575563 0.287375415282392 0.022508038585209004 0.0033222591362126247
0 0.7114147909967846 0.2815614617940199 0.011254019292604502 0.0016611295681063123
0 0.7885852090032154 0.2799003322259136 0.014469453376205787 0.0016611295681063123
0 0.7757234726688103 0.2799003322259136 0.00482315112540193 0.0016611295681063123
0 0.7427652733118971 0.2807308970099668 0.003215434083601286 0.0033222591362126247
0 0.8938906752411575 0.2757475083056478 0.006430868167202572 0.0033222591362126247
0 0.8432475884244373 0.27740863787375414 0.08842443729903537 0.006644518272425249
0 0.7395498392282959 0.26993355481727577 0.003215434083601286 0.0016611295681063123
0 0.729903536977492 0.26993355481727577 0.003215434083601286 0.0016611295681063123
0 0.8609324758842444 0.2666112956810631 0.0819935691318328 0.008305647840531562
0 0.7692926045016077 0.09136212624584718 0.00482315112540193 0.006644518272425249
0 0.49437299035369775 0.2217607973421927 0.9887459807073955 0.313953488372093
0 0.4630225080385852 0.06229235880398671 0.003215434083601286 0.0016611295681063123
0 0.41479099678456594 0.06312292358803986 0.08038585209003216 0.0033222591362126247
0 0.48633440514469456 0.0606312292358804 0.001607717041800643 0.0016611295681063123
0 0.46061093247588425 0.04401993355481727 0.001607717041800643 0.0016611295681063123
0 0.39067524115755625 0.027408637873754152 0.006430868167202572 0.011627906976744186
0 0.45980707395498394 0.02574750830564784 0.00964630225080386 0.011627906976744186
0 0.41559485530546625 0.03488372093023256 0.00482315112540193 0.029900332225913623
