0 0.3808988764044944 0.9991228070175439 0.006741573033707865 0.0017543859649122807
0 0.3449438202247191 0.9982456140350877 0.056179775280898875 0.0035087719298245615
0 0.5696629213483146 0.9921052631578947 0.0022471910112359553 0.0017543859649122807
0 0.7044943820224719 0.9903508771929824 0.0022471910112359553 0.0017543859649122807
0 0.7348314606741573 0.993859649122807 0.008988764044943821 0.012280701754385965
0 0.8393258426966292 0.9421052631578948 0.14606741573033707 0.031578947368421054
0 0.7640449438202247 0.9184210526315789 0.0044943820224719105 0.0017543859649122807
0 0.5157303370786517 0.9157894736842105 0.006741573033707865 0.0035087719298245615
0 0.755056179775281 0.9070175438596492 0.008988764044943821 0.007017543859649123
0 0.5179775280898876 0.9052631578947369 0.038202247191011236 0.007017543859649123
0 0.0011235955056179776 0.8903508771929824 0.0022471910112359553 0.005263157894736842
0 0.7752808988764045 0.8842105263157894 0.008988764044943821 0.0035087719298245615
0 0.503370786516854 0.8824561403508772 0.05393258426966292 0.031578947368421054
0 0.9449438202247191 0.9078947368421053 0.1101123595505618 0.09298245614035087
0 0.7168539325842697 0.8605263157894737 0.008988764044943821 0.005263157894736842
0 0.3797752808988764 0.9078947368421053 0.1752808988764045 0.1
0 0.9955056179775281 0.8552631578947368 0.008988764044943821 0.0017543859649122807
0 0.9831460674157303 0.8543859649122807 0.011235955056179775 0.0035087719298245615
0 0.6337078651685393 0.8578947368421053 0.0449438202247191 0.010526315789473684
0 0.5528089887640449 0.8535087719298246 0.0044943820224719105 0.0017543859649122807
0 0.6584269662921348 0.906140350877193 0.20224719101123595 0.11052631578947368
0 0.0011235955056179776 0.8456140350877193 0.0022471910112359553 0.0035087719298245615
0 0.5808988764044943 0.8429824561403508 0.0022471910112359553 0.0017543859649122807
0 0.946067415730337 0.843859649122807 0.10786516853932585 0.010526315789473684
0 0.3348314606741573 0.8456140350877193 0.12134831460674157 0.017543859649122806
0 0.7 0.8368421052631579 0.006741573033707865 0.0035087719298245615
0 0.651685393258427 0.8359649122807018 0.04044943820224719 0.008771929824561403
0 0.6146067415730337 0.8350877192982457 0.024719101123595506 0.007017543859649123
0 0.5370786516853933 0.8324561403508772 0.0044943820224719105 0.0017543859649122807
0 0.5696629213483146 0.8333333333333334 0.038202247191011236 0.007017543859649123
0 0.46853932584269664 0.8315789473684211 0.020224719101123594 0.0035087719298245615
0 0.9617977528089887 0.8280701754385965 0.07640449438202247 0.007017543859649123
0 0.898876404494382 0.8254385964912281 0.02247191011235955 0.0017543859649122807
0 0.8808988764044944 0.8254385964912281 0.0044943820224719105 0.0017543859649122807
0 0.6235955056179775 0.8201754385964912 0.0696629213483146 0.005263157894736842
0 0.5584269662921348 0.8184210526315789 0.029213483146067417 0.005263157894736842
0 0.32696629213483147 0.8236842105263158 0.11910112359550562 0.015789473684210527
0 0.9730337078651685 0.8140350877192982 0.05393258426966292 0.007017543859649123
0 0.08876404494382023 0.8061403508771929 0.038202247191011236 0.008771929824561403
0 0.13370786516853933 0.8771929824561403 0.21797752808988763 0.15087719298245614
0 0.8426966292134831 0.7991228070175439 0.0044943820224719105 0.0017543859649122807
0 0.7325842696629213 0.7798245614035088 0.02247191011235955 0.008771929824561403
0 0.0011235955056179776 0.7736842105263158 0.0022471910112359553 0.0035087719298245615
0 0.11123595505617978 0.7587719298245614 0.006741573033707865 0.0017543859649122807
0 0.0022471910112359553 0.7543859649122807 0.0044943820224719105 0.0035087719298245615
0 0.7202247191011236 0.7421052631578947 0.006741573033707865 0.0035087719298245615
0 0.701123595505618 0.7289473684210527 0.0044943820224719105 0.0017543859649122807
0 0.4067415730337079 0.7473684210526316 0.0898876404494382 0.04912280701754386
0 0.4348314606741573 0.718421052631579 0.011235955056179775 0.005263157894736842
0 0.0022471910112359553 0.7114035087719298 0.0044943820224719105 0.005263157894736842
0 0.6898876404494382 0.6903508771929825 0.0044943820224719105 0.0017543859649122807
0 0.0033707865168539327 0.6912280701754386 0.006741573033707865 0.02456140350877193
0 0.6382022471910113 0.6526315789473685 0.008988764044943821 0.0035087719298245615
0 0.07078651685393259 0.7192982456140351 0.08764044943820225 0.1543859649122807
0 0.5460674157303371 0.6342105263157894 0.04943820224719101 0.01929824561403509
0 0.7662921348314606 0.6929824561403509 0.46741573033707867 0.23157894736842105
0 0.4393258426966292 0.4052631578947368 0.020224719101123594 0.010526315789473684
0 0.46179775280898877 0.3973684210526316 0.011235955056179775 0.008771929824561403
0 0.4943820224719101 0.3868421052631579 0.0044943820224719105 0.0017543859649122807
0 0.43258426966292135 0.37543859649122807 0.015730337078651686 0.010526315789473684
0 0.4707865168539326 0.3631578947368421 0.006741573033707865 0.007017543859649123
0 0.9921348314606742 0.387719298245614 0.015730337078651686 0.07017543859649122
0 0.006741573033707865 0.40350877192982454 0.01348314606741573 0.19649122807017544
0 0.5134831460674157 0.4868421052631579 0.9730337078651685 0.6333333333333333
0 0.0056179775280898875 0.23508771929824562 0.011235955056179775 0.13333333333333333
0 0.9876404494382023 0.23596491228070177 0.024719101123595506 0.21929824561403508
0 0.8224719101123595 0.06929824561403508 0.0044943820224719105 0.0017543859649122807
