0 0.597841726618705 0.992776886035313 0.033093525179856115 0.014446227929373997
0 0.4302158273381295 0.992776886035313 0.1697841726618705 0.014446227929373997
0 0.439568345323741 0.9606741573033708 0.004316546762589928 0.0016051364365971107
0 0.4287769784172662 0.9598715890850722 0.0057553956834532375 0.0032102728731942215
0 0.24028776978417266 0.9598715890850722 0.0057553956834532375 0.0032102728731942215
0 0.2316546762589928 0.9598715890850722 0.0057553956834532375 0.0032102728731942215
0 0.23597122302158274 0.949438202247191 0.017266187050359712 0.004815409309791332
0 0.0028776978417266188 0.7993579454253612 0.0057553956834532375 0.03210272873194221
0 0.9726618705035971 0.7351524879614767 0.0057553956834532375 0.0032102728731942215
0 0.0007194244604316547 0.6252006420545746 0.0014388489208633094 0.0016051364365971107
0 0.981294964028777 0.6211878009630819 0.0028776978417266188 0.0032102728731942215
0 0.9928057553956835 0.6043338683788122 0.0028776978417266188 0.0016051364365971107
0 0.5 0.5112359550561798 1.0 0.9069020866773676
