0 0.669047619047619 0.9773519163763066 0.004761904761904762 0.010452961672473868
0 0.5059523809523809 0.9843205574912892 0.02619047619047619 0.0313588850174216
0 0.6452380952380953 0.9651567944250871 0.004761904761904762 0.006968641114982578
0 0.6154761904761905 0.9773519163763066 0.011904761904761904 0.0313588850174216
0 0.4523809523809524 0.980836236933798 0.05714285714285714 0.03832752613240418
0 0.3892857142857143 0.980836236933798 0.03571428571428571 0.03832752613240418
0 0.7380952380952381 0.9616724738675958 0.06190476190476191 0.07665505226480836
0 0.45714285714285713 0.9599303135888502 0.28095238095238095 0.08013937282229965
0 0.025 0.7735191637630662 0.002380952380952381 0.006968641114982578
0 0.004761904761904762 0.6742160278745645 0.009523809523809525 0.40069686411149824
0 0.002380952380952381 0.4616724738675958 0.004761904761904762 0.010452961672473868
0 0.002380952380952381 0.41986062717770034 0.004761904761904762 0.010452961672473868
0 0.002380952380952381 0.4024390243902439 0.004761904761904762 0.017421602787456445
0 0.0035714285714285713 0.37456445993031356 0.007142857142857143 0.0313588850174216
0 0.0035714285714285713 0.34146341463414637 0.007142857142857143 0.013937282229965157
0 0.002380952380952381 0.32229965156794427 0.004761904761904762 0.010452961672473868
0 0.0011904761904761906 0.30139372822299654 0.002380952380952381 0.003484320557491289
0 0.002380952380952381 0.22822299651567945 0.004761904761904762 0.017421602787456445
0 0.5059523809523809 0.49825783972125437 0.9880952380952381 0.7874564459930313
0 0.6285714285714286 0.06794425087108014 0.023809523809523808 0.010452961672473868
0 0.6702380952380952 0.06620209059233449 0.016666666666666666 0.013937282229965157
0 0.6773809523809524 0.006968641114982578 0.007142857142857143 0.013937282229965157
0 0.655952380952381 0.024390243902439025 0.04523809523809524 0.04878048780487805
0 0.6047619047619047 0.033101045296167246 0.01904761904761905 0.06620209059233449
0 0.48928571428571427 0.024390243902439025 0.016666666666666666 0.04878048780487805
0 0.4380952380952381 0.024390243902439025 0.05238095238095238 0.04878048780487805
0 0.3773809523809524 0.02264808362369338 0.04047619047619048 0.04529616724738676
