0 0.48518518518518516 0.9963898916967509 0.007407407407407408 0.007220216606498195
0 0.4580246913580247 0.9927797833935018 0.012345679012345678 0.01444043321299639
0 0.20617283950617285 0.9855595667870036 0.027160493827160494 0.02888086642599278
0 0.27037037037037037 0.983754512635379 0.012345679012345678 0.032490974729241874
0 0.3160493827160494 0.9819494584837545 0.02962962962962963 0.036101083032490974
0 0.42592592592592593 0.9747292418772563 0.027160493827160494 0.05054151624548736
0 0.4777777777777778 0.9566787003610109 0.01728395061728395 0.021660649819494584
0 0.44814814814814813 0.9512635379061372 0.007407407407407408 0.010830324909747292
0 0.2716049382716049 0.9566787003610109 0.2617283950617284 0.08664259927797834
0 0.4654320987654321 0.9115523465703971 0.012345679012345678 0.0036101083032490976
0 0.519753086419753 0.9530685920577617 0.08641975308641975 0.09386281588447654
0 0.21851851851851853 0.6624548736462094 0.0024691358024691358 0.0036101083032490976
0 0.08641975308641975 0.6083032490974729 0.0049382716049382715 0.0036101083032490976
0 0.15432098765432098 0.6353790613718412 0.145679012345679 0.07942238267148015
0 0.09753086419753086 0.572202166064982 0.0024691358024691358 0.0036101083032490976
0 0.21851851851851853 0.5667870036101083 0.012345679012345678 0.007220216606498195
0 0.19135802469135801 0.5685920577617328 0.012345679012345678 0.010830324909747292
0 0.38271604938271603 0.5974729241877257 0.08395061728395062 0.11913357400722022
0 0.5469135802469136 0.11732851985559567 0.0024691358024691358 0.010830324909747292
0 0.5111111111111111 0.11913357400722022 0.02962962962962963 0.02888086642599278
0 0.5444444444444444 0.09927797833935018 0.0024691358024691358 0.010830324909747292
0 0.5049382716049383 0.4981949458483754 0.9901234567901235 0.8158844765342961
0 0.9617283950617284 0.11371841155234658 0.07654320987654321 0.07581227436823104
0 0.4641975308641975 0.09927797833935018 0.05925925925925926 0.07581227436823104
0 0.5061728395061729 0.07581227436823104 0.02962962962962963 0.036101083032490974
0 0.4703703703703704 0.061371841155234655 0.007407407407407408 0.007220216606498195
0 0.5382716049382716 0.030685920577617327 0.014814814814814815 0.02527075812274368
0 0.5728395061728395 0.07220216606498195 0.02962962962962963 0.12274368231046931
0 0.2962962962962963 0.07942238267148015 0.4345679012345679 0.1588447653429603
