0 0.6111111111111112 0.9963898916967509 0.007407407407407408 0.007220216606498195
0 0.6481481481481481 0.9855595667870036 0.022222222222222223 0.02888086642599278
0 0.6641975308641975 0.9620938628158845 0.024691358024691357 0.02527075812274368
0 0.49135802469135803 0.9747292418772563 0.02962962962962963 0.05054151624548736
0 0.5975308641975309 0.9729241877256317 0.014814814814814815 0.05415162454873646
0 0.43333333333333335 0.9729241877256317 0.04197530864197531 0.05415162454873646
0 0.6283950617283951 0.9476534296028881 0.007407407407407408 0.010830324909747292
0 0.3790123456790123 0.9711191335740073 0.04197530864197531 0.05776173285198556
0 0.725925925925926 0.9566787003610109 0.044444444444444446 0.08664259927797834
0 0.43950617283950616 0.9476534296028881 0.2765432098765432 0.10469314079422383
0 0.9654320987654321 0.8375451263537906 0.0049382716049382715 0.007220216606498195
0 0.9654320987654321 0.7779783393501805 0.014814814814814815 0.08303249097472924
0 0.717283950617284 0.02527075812274368 0.06666666666666667 0.05054151624548736
0 0.6604938271604939 0.010830324909747292 0.03209876543209877 0.021660649819494584
0 0.6222222222222222 0.009025270758122744 0.02962962962962963 0.018050541516245487
0 0.5950617283950618 0.007220216606498195 0.0049382716049382715 0.01444043321299639
0 0.4444444444444444 0.021660649819494584 0.291358024691358 0.04332129963898917
0 0.5 0.44765342960288806 1.0 0.8953068592057761
