0 0.6260563380281691 0.9889937106918238 0.029577464788732393 0.0220125786163522
0 0.45492957746478874 0.9889937106918238 0.16901408450704225 0.0220125786163522
0 0.8816901408450705 0.9033018867924528 0.0028169014084507044 0.0015723270440251573
0 0.5471830985915493 0.9009433962264151 0.054929577464788736 0.006289308176100629
0 0.45 0.9001572327044025 0.057746478873239436 0.0047169811320754715
0 0.25704225352112675 0.8985849056603774 0.004225352112676056 0.0015723270440251573
0 0.24929577464788732 0.8985849056603774 0.008450704225352112 0.0015723270440251573
0 0.5640845070422535 0.8915094339622641 0.018309859154929577 0.0031446540880503146
0 0.45774647887323944 0.8915094339622641 0.09577464788732394 0.0031446540880503146
0 0.37535211267605634 0.8907232704402516 0.02112676056338028 0.0047169811320754715
0 0.2746478873239437 0.8891509433962265 0.014084507042253521 0.0015723270440251573
0 0.8859154929577465 0.8844339622641509 0.008450704225352112 0.0015723270440251573
0 0.5908450704225352 0.8820754716981132 0.0323943661971831 0.0031446540880503146
0 0.5443661971830986 0.8820754716981132 0.02112676056338028 0.006289308176100629
0 0.9098591549295775 0.8734276729559748 0.0028169014084507044 0.0015723270440251573
0 0.9014084507042254 0.8734276729559748 0.005633802816901409 0.0015723270440251573
0 0.8739436619718309 0.8742138364779874 0.007042253521126761 0.0031446540880503146
0 0.8640845070422535 0.8734276729559748 0.0014084507042253522 0.0015723270440251573
0 0.8570422535211267 0.8734276729559748 0.004225352112676056 0.0015723270440251573
0 0.8464788732394366 0.8734276729559748 0.005633802816901409 0.0015723270440251573
0 0.10704225352112676 0.8687106918238994 0.0028169014084507044 0.0015723270440251573
0 0.8549295774647887 0.8639937106918238 0.0028169014084507044 0.0015723270440251573
0 0.8457746478873239 0.8639937106918238 0.004225352112676056 0.0015723270440251573
0 0.8352112676056338 0.8639937106918238 0.0028169014084507044 0.0015723270440251573
0 0.828169014084507 0.8639937106918238 0.005633802816901409 0.0015723270440251573
0 0.8176056338028169 0.8639937106918238 0.0014084507042253522 0.0015723270440251573
0 0.8084507042253521 0.8639937106918238 0.0028169014084507044 0.0015723270440251573
0 0.926056338028169 0.8632075471698113 0.023943661971830985 0.0031446540880503146
0 0.8866197183098592 0.8632075471698113 0.05211267605633803 0.0031446540880503146
0 0.8 0.8632075471698113 0.005633802816901409 0.0031446540880503146
0 0.7915492957746478 0.8624213836477987 0.0028169014084507044 0.0015723270440251573
0 0.780281690140845 0.8632075471698113 0.005633802816901409 0.0031446540880503146
0 0.7084507042253522 0.8632075471698113 0.1352112676056338 0.006289308176100629
0 0.4591549295774648 0.8608490566037735 0.10704225352112676 0.0047169811320754715
0 0.578169014084507 0.8616352201257862 0.07183098591549296 0.009433962264150943
0 0.8471830985915493 0.8537735849056604 0.19295774647887323 0.006289308176100629
0 0.5133802816901408 0.8514150943396226 0.0014084507042253522 0.0015723270440251573
0 0.45704225352112676 0.8514150943396226 0.04084507042253521 0.0047169811320754715
0 0.41338028169014085 0.85062893081761 0.029577464788732393 0.0031446540880503146
0 0.3823943661971831 0.85062893081761 0.01267605633802817 0.0031446540880503146
0 0.3626760563380282 0.85062893081761 0.02112676056338028 0.0031446540880503146
0 0.3316901408450704 0.8498427672955975 0.007042253521126761 0.0015723270440251573
0 0.573943661971831 0.8514150943396226 0.07464788732394366 0.007861635220125786
0 0.8640845070422535 0.8435534591194969 0.004225352112676056 0.0015723270440251573
0 0.9077464788732394 0.8435534591194969 0.08028169014084507 0.007861635220125786
0 0.35774647887323946 0.8404088050314465 0.07323943661971831 0.0047169811320754715
0 0.9366197183098591 0.8341194968553459 0.0028169014084507044 0.0015723270440251573
0 0.4563380281690141 0.8301886792452831 0.011267605633802818 0.0031446540880503146
0 0.4267605633802817 0.8301886792452831 0.02535211267605634 0.0031446540880503146
0 0.36690140845070424 0.8301886792452831 0.009859154929577466 0.0031446540880503146
0 0.30070422535211266 0.8294025157232704 0.015492957746478873 0.0015723270440251573
0 0.28661971830985916 0.8294025157232704 0.004225352112676056 0.0015723270440251573
0 0.9598591549295775 0.824685534591195 0.004225352112676056 0.0047169811320754715
0 0.9359154929577465 0.824685534591195 0.023943661971830985 0.0047169811320754715
0 0.9169014084507042 0.8238993710691824 0.005633802816901409 0.0031446540880503146
0 0.9077464788732394 0.8238993710691824 0.004225352112676056 0.0031446540880503146
0 0.8985915492957747 0.8238993710691824 0.0028169014084507044 0.0031446540880503146
0 0.8845070422535212 0.8238993710691824 0.011267605633802818 0.0031446540880503146
0 0.8711267605633802 0.8231132075471698 0.004225352112676056 0.0015723270440251573
0 0.8633802816901408 0.8231132075471698 0.005633802816901409 0.0015723270440251573
0 0.8535211267605634 0.8231132075471698 0.005633802816901409 0.0015723270440251573
0 0.8436619718309859 0.8231132075471698 0.0028169014084507044 0.0015723270440251573
0 0.8338028169014085 0.8231132075471698 0.005633802816901409 0.0015723270440251573
0 0.4556338028169014 0.8215408805031447 0.004225352112676056 0.0015723270440251573
0 0.4697183098591549 0.8207547169811321 0.015492957746478873 0.0031446540880503146
0 0.3232394366197183 0.8199685534591195 0.0014084507042253522 0.0015723270440251573
0 0.3049295774647887 0.8199685534591195 0.0014084507042253522 0.0015723270440251573
0 0.39507042253521124 0.8207547169811321 0.09154929577464789 0.006289308176100629
0 0.645774647887324 0.8018867924528302 0.018309859154929577 0.012578616352201259
0 0.6767605633802817 0.800314465408805 0.038028169014084505 0.018867924528301886
0 0.2267605633802817 0.7279874213836478 0.014084507042253521 0.0031446540880503146
0 0.19929577464788734 0.7279874213836478 0.018309859154929577 0.006289308176100629
0 0.8485915492957746 0.7680817610062893 0.3028169014084507 0.10220125786163523
0 0.28098591549295776 0.7193396226415094 0.023943661971830985 0.0047169811320754715
0 0.19577464788732393 0.7185534591194969 0.014084507042253521 0.0031446540880503146
0 0.30704225352112674 0.7083333333333334 0.02535211267605634 0.0047169811320754715
0 0.2774647887323944 0.7075471698113207 0.016901408450704224 0.0031446540880503146
0 0.22464788732394367 0.7075471698113207 0.007042253521126761 0.0031446540880503146
0 0.19507042253521126 0.7075471698113207 0.015492957746478873 0.0031446540880503146
0 0.606338028169014 0.699685534591195 0.004225352112676056 0.0031446540880503146
0 0.14929577464788732 0.6981132075471698 0.016901408450704224 0.006289308176100629
0 0.30422535211267604 0.6886792452830188 0.01971830985915493 0.006289308176100629
0 0.15211267605633802 0.6886792452830188 0.016901408450704224 0.006289308176100629
0 0.3415492957746479 0.7838050314465409 0.5507042253521127 0.2028301886792453
0 0.5830985915492958 0.675314465408805 0.0028169014084507044 0.0015723270440251573
0 0.5732394366197183 0.675314465408805 0.0028169014084507044 0.0015723270440251573
0 0.9591549295774648 0.6910377358490566 0.022535211267605635 0.04874213836477988
0 0.1295774647887324 0.6674528301886793 0.0028169014084507044 0.0015723270440251573
0 0.11901408450704225 0.6674528301886793 0.009859154929577466 0.0047169811320754715
0 0.24507042253521127 0.6627358490566038 0.005633802816901409 0.0015723270440251573
0 0.3084507042253521 0.6611635220125787 0.005633802816901409 0.0047169811320754715
0 0.1647887323943662 0.6595911949685535 0.0028169014084507044 0.0015723270440251573
0 0.13380281690140844 0.6595911949685535 0.04225352112676056 0.007861635220125786
0 0.3084507042253521 0.6509433962264151 0.016901408450704224 0.006289308176100629
0 0.2323943661971831 0.6407232704402516 0.0028169014084507044 0.0015723270440251573
0 0.3084507042253521 0.6407232704402516 0.008450704225352112 0.0047169811320754715
0 0.17816901408450705 0.639937106918239 0.004225352112676056 0.0031446540880503146
0 0.9338028169014084 0.6328616352201258 0.005633802816901409 0.0015723270440251573
0 0.3373239436619718 0.6312893081761006 0.004225352112676056 0.0015723270440251573
0 0.35492957746478876 0.6305031446540881 0.022535211267605635 0.0031446540880503146
0 0.30985915492957744 0.6305031446540881 0.008450704225352112 0.0031446540880503146
0 0.956338028169014 0.6360062893081762 0.030985915492957747 0.020440251572327043
0 0.14295774647887324 0.6391509433962265 0.06056338028169014 0.029874213836477988
0 0.15 0.6194968553459119 0.054929577464788736 0.006289308176100629
0 0.252112676056338 0.6108490566037735 0.0028169014084507044 0.0015723270440251573
0 0.24014084507042255 0.6108490566037735 0.004225352112676056 0.0015723270440251573
0 0.3563380281690141 0.610062893081761 0.04507042253521127 0.006289308176100629
0 0.30915492957746477 0.610062893081761 0.01267605633802817 0.006289308176100629
0 0.25140845070422535 0.6014150943396226 0.0014084507042253522 0.0015723270440251573
0 0.24014084507042255 0.5927672955974843 0.07183098591549296 0.006289308176100629
0 0.2647887323943662 0.5715408805031447 0.0028169014084507044 0.0047169811320754715
0 0.2640845070422535 0.5644654088050315 0.004225352112676056 0.006289308176100629
0 0.2795774647887324 0.5660377358490566 0.01267605633802817 0.015723270440251572
0 0.1119718309859155 0.5007861635220126 0.0014084507042253522 0.0015723270440251573
0 0.14014084507042254 0.4221698113207547 0.004225352112676056 0.0047169811320754715
0 0.7901408450704225 0.264937106918239 0.01971830985915493 0.0110062893081761
0 0.1267605633802817 0.09512578616352202 0.0028169014084507044 0.0015723270440251573
0 0.15 0.06839622641509434 0.023943661971830985 0.007861635220125786
0 0.12394366197183099 0.06918238993710692 0.01971830985915493 0.009433962264150943
0 0.01619718309859155 0.07625786163522012 0.0323943661971831 0.026729559748427674
0 0.5528169014084507 0.360062893081761 0.8943661971830986 0.5974842767295597
