0 0.011673151750972763 0.9955089820359282 0.023346303501945526 0.008982035928143712
0 0.04182879377431906 0.9640718562874252 0.017509727626459144 0.014970059880239521
0 0.6498054474708171 0.9513473053892215 0.0038910505836575876 0.0014970059880239522
0 0.33754863813229574 0.9116766467065869 0.6011673151750972 0.08083832335329341
0 0.8959143968871596 0.8248502994011976 0.05642023346303502 0.07784431137724551
0 0.745136186770428 0.7979041916167665 0.007782101167315175 0.029940119760479042
0 0.6099221789883269 0.7941616766467066 0.013618677042801557 0.02844311377245509
0 0.9513618677042801 0.8166167664670658 0.06614785992217899 0.12425149700598802
0 0.9892996108949417 0.6938622754491018 0.021400778210116732 0.010479041916167664
0 0.8988326848249028 0.6811377245508982 0.038910505836575876 0.014970059880239521
0 0.8463035019455253 0.6744011976047904 0.0038910505836575876 0.0014970059880239522
0 0.9854085603112841 0.6773952095808383 0.029182879377431907 0.01347305389221557
0 0.730544747081712 0.6751497005988024 0.013618677042801557 0.011976047904191617
0 0.9854085603112841 0.6616766467065869 0.029182879377431907 0.008982035928143712
0 0.7285992217898832 0.6594311377245509 0.005836575875486381 0.004491017964071856
0 0.8929961089494164 0.6624251497005988 0.038910505836575876 0.016467065868263474
0 0.8443579766536965 0.6541916167664671 0.011673151750972763 0.005988023952095809
0 0.5924124513618677 0.6579341317365269 0.013618677042801557 0.025449101796407185
0 0.8891050583657587 0.6452095808383234 0.0311284046692607 0.011976047904191617
0 0.8433852140077821 0.6362275449101796 0.005836575875486381 0.0029940119760479044
0 0.8852140077821011 0.6302395209580839 0.01556420233463035 0.005988023952095809
0 0.7198443579766537 0.6332335329341318 0.023346303501945526 0.014970059880239521
0 0.980544747081712 0.6272455089820359 0.038910505836575876 0.014970059880239521
0 0.8813229571984436 0.6160179640718563 0.019455252918287938 0.0074850299401197605
0 0.7178988326848249 0.6130239520958084 0.023346303501945526 0.016467065868263474
0 0.8394941634241245 0.592814371257485 0.009727626459143969 0.0029940119760479044
0 0.7149805447470817 0.5958083832335329 0.021400778210116732 0.014970059880239521
0 0.7130350194552529 0.5785928143712575 0.021400778210116732 0.01347305389221557
0 0.8132295719844358 0.3967065868263473 0.011673151750972763 0.023952095808383235
0 0.8589494163424124 0.2934131736526946 0.0019455252918287938 0.0029940119760479044
0 0.8618677042801557 0.28218562874251496 0.0038910505836575876 0.01347305389221557
0 0.9085603112840467 0.44011976047904194 0.1828793774319066 0.36227544910179643
0 0.9445525291828794 0.2372754491017964 0.11089494163424124 0.04341317365269461
0 0.9931906614785992 0.21032934131736528 0.013618677042801557 0.004491017964071856
0 0.9153696498054474 0.2088323353293413 0.033073929961089495 0.004491017964071856
0 0.9892996108949417 0.20059880239520958 0.021400778210116732 0.005988023952095809
0 0.919260700389105 0.1998502994011976 0.04474708171206226 0.0074850299401197605
0 0.9980544747081712 0.19086826347305388 0.0038910505836575876 0.0014970059880239522
0 0.919260700389105 0.19011976047904192 0.04474708171206226 0.005988023952095809
0 0.9922178988326849 0.18113772455089822 0.01556420233463035 0.005988023952095809
0 0.9250972762645915 0.18113772455089822 0.05642023346303502 0.005988023952095809
0 0.9153696498054474 0.17140718562874252 0.02529182879377432 0.004491017964071856
0 0.9163424124513618 0.15793413173652696 0.019455252918287938 0.016467065868263474
0 0.8608949416342413 0.14446107784431136 0.0019455252918287938 0.0014970059880239522
0 0.9464980544747081 0.10479041916167664 0.05642023346303502 0.0688622754491018
0 0.5165369649805448 0.005988023952095809 0.017509727626459144 0.011976047904191617
0 0.49319066147859925 0.005239520958083832 0.009727626459143969 0.010479041916167664
0 0.36770428015564205 0.0029940119760479044 0.07392996108949416 0.005988023952095809
0 0.46108949416342415 0.43038922155688625 0.8871595330739299 0.8607784431137725
