0 0.487012987012987 0.9732824427480916 0.007792207792207792 0.007633587786259542
0 0.512987012987013 0.9790076335877863 0.023376623376623377 0.04198473282442748
0 0.5246753246753246 0.9599236641221374 0.005194805194805195 0.011450381679389313
0 0.4818181818181818 0.9312977099236641 0.012987012987012988 0.015267175572519083
0 0.45324675324675323 0.9618320610687023 0.023376623376623377 0.07633587786259542
0 0.34285714285714286 0.9599236641221374 0.03116883116883117 0.08015267175572519
0 0.2831168831168831 0.9561068702290076 0.046753246753246755 0.08778625954198473
0 0.22597402597402597 0.950381679389313 0.03116883116883117 0.08396946564885496
0 0.5766233766233766 0.950381679389313 0.05194805194805195 0.09923664122137404
0 0.2948051948051948 0.9274809160305344 0.2779220779220779 0.1450381679389313
0 0.0012987012987012987 0.2919847328244275 0.0025974025974025974 0.003816793893129771
0 0.0012987012987012987 0.27099236641221375 0.0025974025974025974 0.007633587786259542
0 0.003896103896103896 0.1297709923664122 0.007792207792207792 0.007633587786259542
0 0.9753246753246754 0.4751908396946565 0.04935064935064935 0.8206106870229007
0 0.4662337662337662 0.45610687022900764 0.9324675324675324 0.8435114503816794
0 0.5753246753246753 0.030534351145038167 0.05454545454545454 0.061068702290076333
0 0.4857142857142857 0.02480916030534351 0.08831168831168831 0.04961832061068702
0 0.34025974025974026 0.011450381679389313 0.015584415584415584 0.022900763358778626
0 0.2727272727272727 0.009541984732824428 0.015584415584415584 0.019083969465648856
0 0.23636363636363636 0.009541984732824428 0.015584415584415584 0.019083969465648856
0 0.2974025974025974 0.02862595419847328 0.2779220779220779 0.05725190839694656
