0 0.46684350132625996 0.9785992217898832 0.005305039787798408 0.0038910505836575876
0 0.4946949602122016 0.9824902723735408 0.023872679045092837 0.03501945525291829
0 0.5039787798408488 0.9630350194552529 0.005305039787798408 0.011673151750972763
0 0.46153846153846156 0.9377431906614786 0.010610079575596816 0.01556420233463035
0 0.4336870026525199 0.9649805447470817 0.01856763925729443 0.07003891050583658
0 0.32625994694960214 0.9649805447470817 0.03183023872679045 0.07003891050583658
0 0.2692307692307692 0.9610894941634242 0.04509283819628647 0.07782101167315175
0 0.21352785145888595 0.9610894941634242 0.029177718832891247 0.07782101167315175
0 0.5689655172413793 0.953307392996109 0.023872679045092837 0.0933852140077821
0 0.5371352785145889 0.9513618677042801 0.013262599469496022 0.09727626459143969
0 0.27984084880636606 0.9357976653696498 0.26790450928381965 0.12840466926070038
0 0.9615384615384616 0.4805447470817121 0.07692307692307693 0.7976653696498055
0 0.4535809018567639 0.47470817120622566 0.9071618037135278 0.8015564202334631
0 0.5596816976127321 0.03696498054474708 0.04774535809018567 0.07392996108949416
0 0.473474801061008 0.029182879377431907 0.08222811671087533 0.058365758754863814
0 0.3302387267904509 0.019455252918287938 0.013262599469496022 0.038910505836575876
0 0.26525198938992045 0.019455252918287938 0.015915119363395226 0.038910505836575876
0 0.22944297082228116 0.019455252918287938 0.013262599469496022 0.038910505836575876
0 0.2864721485411141 0.038910505836575876 0.26525198938992045 0.07782101167315175
