0 0.6842818428184282 0.998015873015873 0.0027100271002710027 0.003968253968253968
0 0.44715447154471544 0.9742063492063492 0.037940379403794036 0.051587301587301584
0 0.510840108401084 0.9722222222222222 0.056910569105691054 0.05555555555555555
0 0.5623306233062331 0.9702380952380952 0.02981029810298103 0.05952380952380952
0 0.6666666666666666 0.9623015873015873 0.016260162601626018 0.07539682539682539
0 0.7222222222222222 0.9603174603174603 0.04065040650406504 0.07936507936507936
0 0.6951219512195121 0.9265873015873016 0.013550135501355014 0.01984126984126984
0 0.5 0.4781746031746032 1.0 0.8849206349206349
0 0.8048780487804879 0.017857142857142856 0.04878048780487805 0.03571428571428571
0 0.7547425474254743 0.007936507936507936 0.008130081300813009 0.015873015873015872
0 0.7046070460704607 0.011904761904761904 0.05420054200542006 0.023809523809523808
0 0.5745257452574526 0.005952380952380952 0.01084010840108401 0.011904761904761904
0 0.518970189701897 0.00992063492063492 0.04607046070460705 0.01984126984126984
0 0.4634146341463415 0.011904761904761904 0.037940379403794036 0.023809523809523808
0 0.5298102981029811 0.031746031746031744 0.27371273712737126 0.06349206349206349
