0 0.5389492753623188 0.9969574036511156 0.012681159420289856 0.006085192697768763
0 0.427536231884058 0.9878296146044625 0.17028985507246377 0.02434077079107505
0 0.6005434782608695 0.986815415821501 0.034420289855072464 0.02636916835699797
0 0.9528985507246377 0.7971602434077079 0.018115942028985508 0.004056795131845842
0 0.9538043478260869 0.7778904665314401 0.02717391304347826 0.006085192697768763
0 0.9547101449275363 0.755578093306288 0.03260869565217391 0.010141987829614604
0 0.9538043478260869 0.7454361054766734 0.02717391304347826 0.006085192697768763
0 0.9193840579710145 0.7342799188640974 0.005434782608695652 0.004056795131845842
0 0.9556159420289855 0.6967545638945233 0.009057971014492754 0.002028397565922921
0 0.025362318840579712 0.5963488843813387 0.007246376811594203 0.004056795131845842
0 0.004528985507246377 0.5953346855983773 0.009057971014492754 0.002028397565922921
0 0.004528985507246377 0.5862068965517241 0.009057971014492754 0.004056795131845842
0 0.007246376811594203 0.5750507099391481 0.014492753623188406 0.006085192697768763
0 0.7010869565217391 0.5618661257606491 0.2391304347826087 0.02028397565922921
0 0.7889492753623188 0.5202839756592292 0.39311594202898553 0.07099391480730223
0 0.5 0.5953346855983773 1.0 0.7200811359026369
0 0.5 0.14807302231237324 1.0 0.18255578093306288
0 0.5661231884057971 0.055780933062880324 0.0018115942028985507 0.002028397565922921
0 0.5317028985507246 0.036511156186612576 0.005434782608695652 0.012170385395537525
0 0.3903985507246377 0.03144016227180527 0.012681159420289856 0.034482758620689655
0 0.4628623188405797 0.030425963488843813 0.012681159420289856 0.036511156186612576
0 0.4365942028985507 0.017241379310344827 0.010869565217391304 0.010141987829614604
0 0.427536231884058 0.030425963488843813 0.03260869565217391 0.036511156186612576
