0 0.4274611398963731 0.9842105263157894 0.0025906735751295338 0.004784688995215311
0 0.47150259067357514 0.9784688995215312 0.0051813471502590676 0.004784688995215311
0 0.40349740932642486 0.9755980861244019 0.0012953367875647669 0.0028708133971291866
0 0.16904145077720206 0.9210526315789473 0.0012953367875647669 0.0009569377990430622
0 0.14572538860103626 0.9210526315789473 0.0012953367875647669 0.0009569377990430622
0 0.26360103626943004 0.899043062200957 0.0012953367875647669 0.0009569377990430622
0 0.26878238341968913 0.8956937799043062 0.01683937823834197 0.005741626794258373
0 0.25 0.8961722488038277 0.010362694300518135 0.0066985645933014355
0 0.12046632124352331 0.9119617224880383 0.24093264248704663 0.042105263157894736
0 0.06800518134715026 0.885645933014354 0.0038860103626943004 0.0009569377990430622
0 0.013601036269430052 0.8851674641148325 0.0038860103626943004 0.0019138755980861245
0 0.7525906735751295 0.9100478468899521 0.4948186528497409 0.05741626794258373
0 0.6023316062176166 0.8818181818181818 0.0025906735751295338 0.0009569377990430622
0 0.6224093264248705 0.8813397129186603 0.0038860103626943004 0.0019138755980861245
0 0.6126943005181347 0.8813397129186603 0.0051813471502590676 0.0019138755980861245
0 0.7985751295336787 0.8779904306220095 0.34067357512953367 0.00861244019138756
0 0.8277202072538861 0.8708133971291866 0.007772020725388601 0.0019138755980861245
0 0.8173575129533679 0.8708133971291866 0.010362694300518135 0.0019138755980861245
0 0.7104922279792746 0.8722488038277512 0.1878238341968912 0.004784688995215311
0 0.8898963730569949 0.869377990430622 0.0025906735751295338 0.0009569377990430622
0 0.8801813471502591 0.869377990430622 0.006476683937823834 0.0009569377990430622
0 0.8698186528497409 0.869377990430622 0.0012953367875647669 0.0009569377990430622
0 0.8503886010362695 0.8703349282296651 0.029792746113989636 0.0028708133971291866
0 0.9041450777202072 0.8688995215311005 0.018134715025906734 0.0019138755980861245
0 0.9281088082901554 0.868421052631579 0.027202072538860103 0.0028708133971291866
0 0.5518134715025906 0.8669856459330143 0.031088082901554404 0.0019138755980861245
0 0.6547927461139896 0.8660287081339713 0.16709844559585493 0.003827751196172249
0 0.8601036269430051 0.8626794258373206 0.010362694300518135 0.0009569377990430622
0 0.905440414507772 0.8617224880382776 0.06217616580310881 0.0028708133971291866
0 0.5822538860103627 0.8588516746411483 0.022020725388601035 0.0009569377990430622
0 0.6651554404145078 0.8583732057416268 0.009067357512953367 0.0019138755980861245
0 0.6282383419689119 0.8583732057416268 0.05699481865284974 0.0019138755980861245
0 0.8607512953367875 0.8550239234449761 0.0038860103626943004 0.0009569377990430622
0 0.9209844559585493 0.8535885167464115 0.025906735751295335 0.0019138755980861245
0 0.8860103626943006 0.854066985645933 0.03626943005181347 0.0028708133971291866
0 0.5395077720207254 0.8521531100478469 0.12305699481865284 0.0028708133971291866
0 0.27266839378238344 0.8464114832535885 0.011658031088082901 0.0009569377990430622
0 0.23898963730569947 0.8464114832535885 0.0012953367875647669 0.0009569377990430622
0 0.8879533678756477 0.8392344497607656 0.08160621761658031 0.003827751196172249
0 0.20401554404145078 0.8349282296650717 0.0038860103626943004 0.0009569377990430622
0 0.2862694300518135 0.8339712918660287 0.03367875647668394 0.0009569377990430622
0 0.2610103626943005 0.8339712918660287 0.006476683937823834 0.0009569377990430622
0 0.24935233160621761 0.8344497607655502 0.0038860103626943004 0.0019138755980861245
0 0.9125647668393783 0.8330143540669857 0.014248704663212436 0.0009569377990430622
0 0.8860103626943006 0.8330143540669857 0.0025906735751295338 0.0009569377990430622
0 0.8762953367875648 0.8334928229665072 0.0038860103626943004 0.0019138755980861245
0 0.8996113989637305 0.8263157894736842 0.05829015544041451 0.004784688995215311
0 0.11204663212435233 0.823444976076555 0.0038860103626943004 0.0009569377990430622
0 0.08873056994818652 0.823444976076555 0.011658031088082901 0.0009569377990430622
0 0.07512953367875648 0.823444976076555 0.0051813471502590676 0.0009569377990430622
0 0.10233160621761658 0.8229665071770335 0.0051813471502590676 0.0019138755980861245
0 0.822538860103627 0.8205741626794258 0.010362694300518135 0.0028708133971291866
0 0.241580310880829 0.8215311004784689 0.24740932642487046 0.004784688995215311
0 0.9158031088082902 0.8186602870813398 0.02072538860103627 0.0028708133971291866
0 0.8898963730569949 0.8191387559808613 0.02849740932642487 0.003827751196172249
0 0.13665803108808292 0.816267942583732 0.04792746113989637 0.0019138755980861245
0 0.06930051813471502 0.816267942583732 0.08160621761658031 0.003827751196172249
0 0.8173575129533679 0.8129186602870814 0.025906735751295335 0.004784688995215311
0 0.9047927461139896 0.8119617224880383 0.04792746113989637 0.004784688995215311
0 0.18264248704663213 0.8076555023923445 0.3005181347150259 0.005741626794258373
0 0.8121761658031088 0.80622009569378 0.038860103626943004 0.004784688995215311
0 0.9080310880829016 0.8043062200956937 0.04404145077720207 0.004784688995215311
0 0.8050518134715026 0.7990430622009569 0.05569948186528497 0.005741626794258373
0 0.9112694300518135 0.7966507177033493 0.03756476683937824 0.004784688995215311
0 0.7875647668393783 0.792822966507177 0.025906735751295335 0.0028708133971291866
0 0.16774611398963732 0.7937799043062201 0.26813471502590674 0.004784688995215311
0 0.9041450777202072 0.7909090909090909 0.0025906735751295338 0.0009569377990430622
0 0.163860103626943 0.7866028708133971 0.2422279792746114 0.005741626794258373
0 0.7985751295336787 0.785645933014354 0.08160621761658031 0.005741626794258373
0 0.9158031088082902 0.783732057416268 0.018134715025906734 0.003827751196172249
0 0.8251295336787565 0.7803827751196172 0.0051813471502590676 0.0009569377990430622
0 0.8180051813471503 0.7803827751196172 0.0038860103626943004 0.0009569377990430622
0 0.7577720207253886 0.7813397129186603 0.015544041450777202 0.0028708133971291866
0 0.836139896373057 0.7799043062200957 0.0038860103626943004 0.0019138755980861245
0 0.3082901554404145 0.7669856459330143 0.007772020725388601 0.0028708133971291866
0 0.7169689119170984 0.730622009569378 0.011658031088082901 0.0028708133971291866
0 0.1560880829015544 0.7545454545454545 0.30440414507772023 0.05837320574162679
0 0.11593264248704663 0.7205741626794259 0.006476683937823834 0.0019138755980861245
0 0.10751295336787564 0.7200956937799043 0.0051813471502590676 0.0009569377990430622
0 0.7616580310880829 0.7483253588516746 0.18911917098445596 0.05933014354066986
0 0.6463730569948186 0.7157894736842105 0.007772020725388601 0.0019138755980861245
0 0.0667098445595855 0.7167464114832536 0.06347150259067358 0.005741626794258373
0 0.7985751295336787 0.7124401913875598 0.0038860103626943004 0.0009569377990430622
0 0.7746113989637305 0.7148325358851675 0.03367875647668394 0.005741626794258373
0 0.6794041450777202 0.7114832535885167 0.0038860103626943004 0.0009569377990430622
0 0.8076424870466321 0.7114832535885167 0.009067357512953367 0.0028708133971291866
0 0.0667098445595855 0.7047846889952153 0.06088082901554404 0.0066985645933014355
0 0.38277202072538863 0.6971291866028708 0.006476683937823834 0.0028708133971291866
0 0.9164507772020726 0.7325358851674642 0.12305699481865284 0.08516746411483253
0 0.8892487046632125 0.6904306220095694 0.0038860103626943004 0.0009569377990430622
0 0.04727979274611399 0.6904306220095694 0.02461139896373057 0.004784688995215311
0 0.8989637305699482 0.6842105263157895 0.007772020725388601 0.0019138755980861245
0 0.9125647668393783 0.6818181818181818 0.011658031088082901 0.0028708133971291866
0 0.8484455958549223 0.6799043062200957 0.007772020725388601 0.0028708133971291866
0 0.8594559585492227 0.6779904306220096 0.0012953367875647669 0.0009569377990430622
0 0.8737046632124352 0.6822966507177034 0.09715025906735751 0.01722488038277512
0 0.7564766839378239 0.6904306220095694 0.18134715025906736 0.03923444976076555
0 0.822538860103627 0.6679425837320574 0.023316062176165803 0.005741626794258373
0 0.8989637305699482 0.6669856459330143 0.08549222797927461 0.021052631578947368
0 0.14766839378238342 0.6521531100478469 0.015544041450777202 0.0028708133971291866
0 0.22150259067357514 0.6526315789473685 0.12176165803108809 0.005741626794258373
0 0.12370466321243523 0.6521531100478469 0.02461139896373057 0.004784688995215311
0 0.4475388601036269 0.6492822966507177 0.0012953367875647669 0.0009569377990430622
0 0.07577720207253887 0.6511961722488038 0.042746113989637305 0.0066985645933014355
0 0.9151554404145078 0.654066985645933 0.10233160621761658 0.020095693779904306
0 0.9345854922279793 0.6421052631578947 0.04015544041450777 0.007655502392344498
0 0.4216321243523316 0.6392344497607656 0.0012953367875647669 0.0019138755980861245
0 0.4274611398963731 0.6330143540669857 0.0025906735751295338 0.0028708133971291866
0 0.036917098445595854 0.631578947368421 0.0038860103626943004 0.0019138755980861245
0 0.9151554404145078 0.6425837320574163 0.09715025906735751 0.027751196172248804
0 0.7085492227979274 0.48708133971291867 0.012953367875647668 0.024880382775119617
0 0.6172279792746114 0.44258373205741625 0.009067357512953367 0.0066985645933014355
0 0.10103626943005181 0.42727272727272725 0.023316062176165803 0.010526315789473684
0 0.5 0.5631578947368421 1.0 0.2880382775119617
0 0.13924870466321243 0.42488038277511964 0.042746113989637305 0.011483253588516746
0 0.46049222797927464 0.41866028708133973 0.0038860103626943004 0.0028708133971291866
0 0.09132124352331607 0.41866028708133973 0.0038860103626943004 0.0028708133971291866
0 0.1016839378238342 0.41818181818181815 0.011658031088082901 0.003827751196172249
0 0.042746113989637305 0.42535885167464116 0.08549222797927461 0.01818181818181818
0 0.4734455958549223 0.41626794258373206 0.009067357512953367 0.003827751196172249
0 0.2856217616580311 0.4215311004784689 0.19300518134715025 0.016267942583732056
0 0.044689119170984455 0.40574162679425835 0.08937823834196891 0.007655502392344498
0 0.14248704663212436 0.4052631578947368 0.05699481865284974 0.00861244019138756
0 0.4177461139896373 0.39952153110047844 0.0012953367875647669 0.0009569377990430622
0 0.05181347150259067 0.3990430622009569 0.0051813471502590676 0.0019138755980861245
0 0.010362694300518135 0.3990430622009569 0.012953367875647668 0.0019138755980861245
0 0.45531088082901555 0.39952153110047844 0.011658031088082901 0.004784688995215311
0 0.2765544041450777 0.4028708133971292 0.172279792746114 0.011483253588516746
0 0.38795336787564766 0.4014354066985646 0.042746113989637305 0.010526315789473684
0 0.5181347150259067 0.39760765550239235 0.05181347150259067 0.0066985645933014355
0 0.35751295336787564 0.3889952153110048 0.0051813471502590676 0.0028708133971291866
0 0.044689119170984455 0.39090909090909093 0.08937823834196891 0.0066985645933014355
0 0.36528497409326427 0.38564593301435407 0.0025906735751295338 0.0019138755980861245
0 0.4099740932642487 0.384688995215311 0.0038860103626943004 0.0019138755980861245
0 0.046632124352331605 0.384688995215311 0.010362694300518135 0.0019138755980861245
0 0.42357512953367876 0.3866028708133971 0.018134715025906734 0.007655502392344498
0 0.25777202072538863 0.38851674641148326 0.18393782383419688 0.011483253588516746
0 0.01683937823834197 0.384688995215311 0.012953367875647668 0.003827751196172249
0 0.38795336787564766 0.3866028708133971 0.02461139896373057 0.009569377990430622
0 0.16645077720207255 0.377511961722488 0.0012953367875647669 0.0009569377990430622
0 0.11528497409326424 0.377511961722488 0.012953367875647668 0.004784688995215311
0 0.05829015544041451 0.3770334928229665 0.09326424870466321 0.007655502392344498
0 0.13665803108808292 0.37607655502392345 0.02461139896373057 0.007655502392344498
0 0.4805699481865285 0.3722488038277512 0.0025906735751295338 0.0019138755980861245
0 0.46243523316062174 0.3722488038277512 0.0051813471502590676 0.0019138755980861245
0 0.2661917098445596 0.37177033492822964 0.0012953367875647669 0.0009569377990430622
0 0.49676165803108807 0.37272727272727274 0.0038860103626943004 0.004784688995215311
0 0.21955958549222798 0.37464114832535883 0.08419689119170984 0.00861244019138756
0 0.052461139896373056 0.3708133971291866 0.01683937823834197 0.0028708133971291866
0 0.02849740932642487 0.3708133971291866 0.02849740932642487 0.0028708133971291866
0 0.44689119170984454 0.3722488038277512 0.02072538860103627 0.007655502392344498
0 0.3957253886010363 0.37272727272727274 0.01683937823834197 0.00861244019138756
0 0.33031088082901555 0.3736842105263158 0.10621761658031088 0.010526315789473684
0 0.41580310880829013 0.3722488038277512 0.015544041450777202 0.009569377990430622
0 0.5349740932642487 0.3708133971291866 0.018134715025906734 0.00861244019138756
0 0.003238341968911917 0.3645933014354067 0.006476683937823834 0.0019138755980861245
0 0.0667098445595855 0.3626794258373206 0.11010362694300518 0.007655502392344498
0 0.163860103626943 0.361244019138756 0.034974093264248704 0.00861244019138756
0 0.21761658031088082 0.36076555023923446 0.02849740932642487 0.009569377990430622
0 0.49740932642487046 0.3559808612440191 0.0025906735751295338 0.0019138755980861245
0 0.04015544041450777 0.3569377990430622 0.08031088082901554 0.005741626794258373
0 0.4112694300518135 0.35789473684210527 0.04533678756476684 0.009569377990430622
0 0.31411917098445596 0.35933014354066983 0.1411917098445596 0.012440191387559809
0 0.46567357512953367 0.3569377990430622 0.04792746113989637 0.009569377990430622
0 0.25194300518134716 0.345933014354067 0.0012953367875647669 0.0009569377990430622
0 0.22409326424870465 0.3473684210526316 0.010362694300518135 0.005741626794258373
0 0.13665803108808292 0.34688995215311 0.03756476683937824 0.00861244019138756
0 0.9805699481865285 0.34258373205741627 0.007772020725388601 0.0019138755980861245
0 0.19170984455958548 0.3464114832535885 0.04404145077720207 0.009569377990430622
0 0.06606217616580311 0.3411483253588517 0.025906735751295335 0.0028708133971291866
0 0.05829015544041451 0.345933014354067 0.09844559585492228 0.012440191387559809
0 0.32577720207253885 0.34401913875598084 0.133419689119171 0.012440191387559809
0 0.3018134715025907 0.3320574162679426 0.0051813471502590676 0.0019138755980861245
0 0.0939119170984456 0.3334928229665072 0.022020725388601035 0.0066985645933014355
0 0.17746113989637305 0.3311004784688995 0.007772020725388601 0.005741626794258373
0 0.14248704663212436 0.33253588516746413 0.04404145077720207 0.00861244019138756
0 0.9857512953367875 0.3282296650717703 0.0051813471502590676 0.0019138755980861245
0 0.2759067357512953 0.3277511961722488 0.0051813471502590676 0.0009569377990430622
0 0.23575129533678757 0.330622009569378 0.07253886010362694 0.010526315789473684
0 0.38147668393782386 0.3287081339712919 0.13860103626943004 0.010526315789473684
0 0.0045336787564766836 0.32344497607655504 0.009067357512953367 0.0019138755980861245
0 0.1172279792746114 0.3200956937799043 0.0038860103626943004 0.0028708133971291866
0 0.18652849740932642 0.3200956937799043 0.012953367875647668 0.004784688995215311
0 0.3633419689119171 0.3167464114832536 0.0038860103626943004 0.0019138755980861245
0 0.32966321243523317 0.3157894736842105 0.009067357512953367 0.003827751196172249
0 0.49805699481865284 0.20669856459330144 0.9961139896373057 0.4133971291866029
