0 0.8361423220973783 0.09936908517350158 0.0056179775280898875 0.0031545741324921135
0 0.5 0.5094637223974764 1.0 0.861198738170347
0 0.4307116104868914 0.050473186119873815 0.011235955056179775 0.006309148264984227
0 0.4147940074906367 0.04574132492113565 0.0018726591760299626 0.00946372239747634
0 0.46441947565543074 0.04574132492113565 0.011235955056179775 0.015772870662460567
0 0.4147940074906367 0.007886435331230283 0.0018726591760299626 0.00946372239747634
0 0.50187265917603 0.03627760252365931 0.033707865168539325 0.07255520504731862
0 0.3389513108614232 0.01892744479495268 0.00749063670411985 0.03785488958990536
0 0.29868913857677903 0.01892744479495268 0.028089887640449437 0.03785488958990536
0 0.25936329588014984 0.01892744479495268 0.024344569288389514 0.03785488958990536
0 0.3061797752808989 0.03627760252365931 0.19288389513108614 0.07255520504731862
