0 0.5244755244755245 0.9941002949852508 0.01048951048951049 0.011799410029498525
0 0.5375874125874126 0.971976401179941 0.0017482517482517483 0.0029498525073746312
0 0.5227272727272727 0.9705014749262537 0.01048951048951049 0.011799410029498525
0 0.49125874125874125 0.9793510324483776 0.017482517482517484 0.04129793510324484
0 0.40734265734265734 0.9749262536873157 0.017482517482517484 0.05014749262536873
0 0.32255244755244755 0.9690265486725663 0.019230769230769232 0.061946902654867256
0 0.5795454545454546 0.967551622418879 0.043706293706293704 0.06489675516224189
0 0.36975524475524474 0.9469026548672567 0.20804195804195805 0.10619469026548672
0 0.9965034965034965 0.8230088495575221 0.006993006993006993 0.029498525073746312
0 0.7683566433566433 0.616519174041298 0.015734265734265736 0.05309734513274336
0 0.0034965034965034965 0.504424778761062 0.006993006993006993 0.029498525073746312
0 0.004370629370629371 0.2359882005899705 0.008741258741258742 0.05309734513274336
0 0.5122377622377622 0.4646017699115044 0.9475524475524476 0.8702064896755162
