0 0.5323325635103926 0.9981981981981982 0.006928406466512702 0.0036036036036036037
0 0.4930715935334873 0.9927927927927928 0.006928406466512702 0.0036036036036036037
0 0.3556581986143187 0.9954954954954955 0.018475750577367205 0.009009009009009009
0 0.3083140877598152 0.9954954954954955 0.011547344110854504 0.009009009009009009
0 0.4630484988452656 0.9945945945945946 0.011547344110854504 0.010810810810810811
0 0.24826789838337182 0.9945945945945946 0.020785219399538105 0.010810810810810811
0 0.6004618937644342 0.9936936936936936 0.009237875288683603 0.012612612612612612
0 0.5808314087759815 0.9747747747747748 0.03926096997690531 0.007207207207207207
0 0.24133949191685913 0.9657657657657658 0.006928406466512702 0.0036036036036036037
0 0.3117782909930716 0.9819819819819819 0.2632794457274827 0.036036036036036036
0 0.48729792147806006 0.9135135135135135 0.9099307159353349 0.07567567567567568
0 0.9757505773672055 0.9009009009009009 0.04849884526558892 0.05405405405405406
0 0.005773672055427252 0.7846846846846847 0.0023094688221709007 0.0018018018018018018
0 0.40877598152424943 0.3891891891891892 0.004618937644341801 0.0036036036036036037
0 0.47113163972286376 0.35585585585585583 0.013856812933025405 0.009009009009009009
0 0.5912240184757506 0.3261261261261261 0.004618937644341801 0.0036036036036036037
0 0.23556581986143188 0.3162162162162162 0.004618937644341801 0.005405405405405406
0 0.017321016166281754 0.24954954954954955 0.03464203233256351 0.05945945945945946
0 0.015011547344110854 0.16756756756756758 0.006928406466512702 0.007207207207207207
0 0.0011547344110854503 0.15225225225225225 0.0023094688221709007 0.0018018018018018018
0 0.0023094688221709007 0.14054054054054055 0.004618937644341801 0.007207207207207207
0 0.019630484988452657 0.13333333333333333 0.016166281755196306 0.010810810810810811
0 0.36374133949191684 0.05765765765765766 0.2748267898383372 0.021621621621621623
0 0.5715935334872979 0.04684684684684685 0.12702078521939955 0.007207207207207207
0 0.36027713625866054 0.02882882882882883 0.009237875288683603 0.007207207207207207
0 0.3672055427251732 0.013513513513513514 0.023094688221709007 0.016216216216216217
0 0.789838337182448 0.014414414414414415 0.013856812933025405 0.02882882882882883
0 0.4064665127020785 0.002702702702702703 0.009237875288683603 0.005405405405405406
0 0.3856812933025404 0.002702702702702703 0.013856812933025405 0.005405405405405406
0 0.5 0.46126126126126127 1.0 0.9225225225225225
0 0.025404157043879907 0.06306306306306306 0.050808314087759814 0.12612612612612611
