0 0.6534296028880866 0.9969604863221885 0.0036101083032490976 0.0060790273556231
0 0.6407942238267148 0.9954407294832827 0.007220216606498195 0.00911854103343465
0 0.47021660649819497 0.9802431610942249 0.02707581227436823 0.03951367781155015
0 0.509927797833935 0.9787234042553191 0.030685920577617327 0.0425531914893617
0 0.5487364620938628 0.9772036474164134 0.021660649819494584 0.04559270516717325
0 0.628158844765343 0.9756838905775076 0.010830324909747292 0.0486322188449848
0 0.6687725631768953 0.9741641337386018 0.02707581227436823 0.05167173252279635
0 0.6435018050541517 0.9498480243161094 0.016245487364620937 0.015197568389057751
0 0.4620938628158845 0.9346504559270516 0.007220216606498195 0.00303951367781155
0 0.5496389891696751 0.9620060790273556 0.11732851985559567 0.07598784194528875
0 0.7229241877256317 0.9604863221884499 0.016245487364620937 0.0790273556231003
0 0.7003610108303249 0.9240121580547113 0.0036101083032490976 0.0060790273556231
0 0.017148014440433214 0.8525835866261399 0.03429602888086643 0.10030395136778116
0 0.009025270758122744 0.7933130699088146 0.018050541516245487 0.0121580547112462
0 0.7184115523465704 0.7781155015197568 0.021660649819494584 0.0121580547112462
0 0.008122743682310469 0.776595744680851 0.016245487364620937 0.00911854103343465
0 0.6976534296028881 0.7613981762917933 0.01263537906137184 0.00911854103343465
0 0.010830324909747292 0.7583586626139818 0.021660649819494584 0.00911854103343465
0 0.6805054151624549 0.743161094224924 0.0036101083032490976 0.00303951367781155
0 0.0036101083032490976 0.7416413373860182 0.007220216606498195 0.0060790273556231
0 0.010830324909747292 0.723404255319149 0.021660649819494584 0.0121580547112462
0 0.6046931407942239 0.7142857142857143 0.05054151624548736 0.030395136778115502
0 0.8989169675090253 0.6975683890577508 0.007220216606498195 0.00911854103343465
0 0.5767148014440433 0.6914893617021277 0.01263537906137184 0.00911854103343465
0 0.009927797833935019 0.6914893617021277 0.019855595667870037 0.00911854103343465
0 0.8808664259927798 0.6793313069908815 0.007220216606498195 0.00911854103343465
0 0.5126353790613718 0.6702127659574468 0.007220216606498195 0.00911854103343465
0 0.8610108303249098 0.662613981762918 0.0036101083032490976 0.0060790273556231
0 0.0018050541516245488 0.6550151975683891 0.0036101083032490976 0.00303951367781155
0 0.5153429602888087 0.6534954407294833 0.02707581227436823 0.0182370820668693
0 0.5018050541516246 0.6413373860182371 0.0036101083032490976 0.0060790273556231
0 0.002707581227436823 0.6367781155015197 0.005415162454873646 0.00303951367781155
0 0.015342960288808664 0.6185410334346505 0.005415162454873646 0.00303951367781155
0 0.0036101083032490976 0.6185410334346505 0.007220216606498195 0.00303951367781155
0 0.017148014440433214 0.6003039513677811 0.0018050541516245488 0.00303951367781155
0 0.005415162454873646 0.6003039513677811 0.010830324909747292 0.00911854103343465
0 0.002707581227436823 0.5851063829787234 0.005415162454873646 0.00911854103343465
0 0.9729241877256317 0.5714285714285714 0.01444043321299639 0.0121580547112462
0 0.5505415162454874 0.5638297872340425 0.018050541516245487 0.00303951367781155
0 0.011732851985559567 0.5668693009118541 0.023465703971119134 0.015197568389057751
0 0.9756317689530686 0.5501519756838906 0.005415162454873646 0.0121580547112462
0 0.5090252707581228 0.5455927051671733 0.036101083032490974 0.057750759878419454
0 0.9981949458483754 0.42249240121580545 0.0036101083032490976 0.0243161094224924
0 0.01263537906137184 0.4726443768996961 0.02527075812274368 0.16109422492401215
0 0.011732851985559567 0.38145896656534956 0.005415162454873646 0.00303951367781155
0 0.002707581227436823 0.38145896656534956 0.005415162454873646 0.00911854103343465
0 0.0018050541516245488 0.3662613981762918 0.0036101083032490976 0.00303951367781155
0 0.855595667870036 0.34802431610942247 0.01444043321299639 0.00911854103343465
0 0.8321299638989169 0.34802431610942247 0.021660649819494584 0.00911854103343465
0 0.002707581227436823 0.33282674772036475 0.005415162454873646 0.00303951367781155
0 0.8384476534296029 0.3130699088145897 0.02707581227436823 0.0121580547112462
0 0.011732851985559567 0.2978723404255319 0.023465703971119134 0.0060790273556231
0 0.8339350180505415 0.2948328267477204 0.010830324909747292 0.0121580547112462
0 0.6958483754512635 0.29027355623100304 0.0018050541516245488 0.00303951367781155
0 0.8763537906137184 0.2826747720364742 0.019855595667870037 0.0121580547112462
0 0.7897111913357401 0.2765957446808511 0.009025270758122744 0.0060790273556231
0 0.6787003610108303 0.2735562310030395 0.010830324909747292 0.0121580547112462
0 0.011732851985559567 0.2629179331306991 0.023465703971119134 0.00911854103343465
0 0.6669675090252708 0.25227963525835867 0.005415162454873646 0.0060790273556231
0 0.8916967509025271 0.24772036474164133 0.018050541516245487 0.00911854103343465
0 0.8104693140794224 0.24468085106382978 0.021660649819494584 0.00911854103343465
0 0.7842960288808665 0.24316109422492402 0.016245487364620937 0.0121580547112462
0 0.6552346570397112 0.23860182370820668 0.0036101083032490976 0.00303951367781155
0 0.010830324909747292 0.22796352583586627 0.021660649819494584 0.0121580547112462
0 0.5234657039711191 0.21580547112462006 0.007220216606498195 0.0060790273556231
0 0.9341155234657039 0.2066869300911854 0.030685920577617327 0.030395136778115502
0 0.0036101083032490976 0.19148936170212766 0.007220216606498195 0.0060790273556231
0 0.9458483754512635 0.182370820668693 0.007220216606498195 0.0060790273556231
0 0.9963898916967509 0.1398176291793313 0.007220216606498195 0.0364741641337386
0 0.8366425992779783 0.12917933130699089 0.04151624548736462 0.02735562310030395
0 0.7563176895306859 0.12310030395136778 0.10108303249097472 0.04559270516717325
0 0.7481949458483754 0.1033434650455927 0.009025270758122744 0.0121580547112462
0 0.013537906137184115 0.10790273556231003 0.02707581227436823 0.04559270516717325
0 0.5072202166064982 0.4848024316109423 0.9097472924187726 0.8115501519756839
0 0.8131768953068592 0.11550151975683891 0.27978339350180503 0.1094224924012158
0 0.6606498194945848 0.02127659574468085 0.039711191335740074 0.0425531914893617
0 0.6335740072202166 0.02127659574468085 0.02888086642599278 0.0425531914893617
0 0.5478339350180506 0.015197568389057751 0.009025270758122744 0.030395136778115502
0 0.509927797833935 0.016717325227963525 0.04151624548736462 0.03343465045592705
0 0.4666064981949459 0.015197568389057751 0.030685920577617327 0.030395136778115502
0 0.5712996389891697 0.031914893617021274 0.3194945848375451 0.06382978723404255
