0 0.5121580547112462 0.997946611909651 0.00303951367781155 0.004106776180698152
0 0.5296352583586627 0.9907597535934292 0.001519756838905775 0.002053388090349076
0 0.4870820668693009 0.9558521560574949 0.001519756838905775 0.002053388090349076
0 0.4194528875379939 0.9774127310061602 0.0121580547112462 0.045174537987679675
0 0.38677811550151975 0.9763860369609856 0.028875379939209727 0.04722792607802875
0 0.3487841945288754 0.9763860369609856 0.013677811550151976 0.04722792607802875
0 0.5045592705167173 0.9486652977412731 0.00303951367781155 0.004106776180698152
0 0.04939209726443769 0.8203285420944558 0.05623100303951368 0.022587268993839837
0 0.1519756838905775 0.8059548254620124 0.0060790273556231 0.006160164271047228
0 0.13753799392097266 0.8069815195071869 0.019756838905775075 0.008213552361396304
0 0.10714285714285714 0.8039014373716632 0.010638297872340425 0.002053388090349076
0 0.04939209726443769 0.8593429158110883 0.09878419452887538 0.11293634496919917
0 0.030395136778115502 0.29671457905544146 0.060790273556231005 0.006160164271047228
0 0.0486322188449848 0.27104722792607805 0.0182370820668693 0.004106776180698152
0 0.9103343465045592 0.017453798767967144 0.00911854103343465 0.006160164271047228
0 0.493161094224924 0.4620123203285421 0.986322188449848 0.9034907597535934
