0 0.4296724470134875 0.9977744807121661 0.019267822736030827 0.004451038575667656
0 0.5077071290944123 0.9970326409495549 0.009633911368015413 0.005934718100890208
0 0.47109826589595377 0.9970326409495549 0.01348747591522158 0.005934718100890208
0 0.5963391136801541 0.9940652818991098 0.04046242774566474 0.011869436201780416
0 0.4749518304431599 0.9881305637982196 0.19460500963391136 0.02373887240356083
0 0.6685934489402697 0.9866468842729971 0.04238921001926782 0.026706231454005934
0 0.07321772639691715 0.9495548961424333 0.0038535645472061657 0.002967359050445104
0 0.07418111753371869 0.9399109792284867 0.0019267822736030828 0.001483679525222552
0 0.976878612716763 0.9198813056379822 0.007707129094412331 0.02373887240356083
0 0.9894026974951831 0.9183976261127597 0.009633911368015413 0.026706231454005934
0 0.5269749518304432 0.8761127596439169 0.01348747591522158 0.004451038575667656
0 0.08188824662813102 0.8753709198813057 0.017341040462427744 0.002967359050445104
0 0.23314065510597304 0.8738872403560831 0.007707129094412331 0.002967359050445104
0 0.1926782273603083 0.8746290801186943 0.011560693641618497 0.004451038575667656
0 0.5279383429672447 0.8679525222551929 0.015414258188824663 0.002967359050445104
0 0.5269749518304432 0.8597922848664689 0.025048169556840076 0.00741839762611276
0 0.16955684007707128 0.8553412462908012 0.011560693641618497 0.001483679525222552
0 0.09730250481695568 0.8568249258160238 0.0789980732177264 0.00741839762611276
0 0.48940269749518306 0.8516320474777448 0.02697495183044316 0.002967359050445104
0 0.9942196531791907 0.8479228486646885 0.011560693641618497 0.004451038575667656
0 0.4913294797687861 0.8419881305637982 0.030828516377649325 0.004451038575667656
0 0.5289017341040463 0.8419881305637982 0.028901734104046242 0.025222551928783383
0 0.08574181117533719 0.8301186943620178 0.0019267822736030828 0.001483679525222552
0 0.06840077071290944 0.8308605341246291 0.009633911368015413 0.002967359050445104
0 0.15414258188824662 0.8293768545994066 0.030828516377649325 0.002967359050445104
0 0.13198458574181118 0.8293768545994066 0.009633911368015413 0.002967359050445104
0 0.3930635838150289 0.8256676557863502 0.0038535645472061657 0.001483679525222552
0 0.535645472061657 0.8241839762611276 0.019267822736030827 0.00741839762611276
0 0.5366088631984586 0.8152818991097923 0.017341040462427744 0.004451038575667656
0 0.27167630057803466 0.8123145400593472 0.007707129094412331 0.001483679525222552
0 0.23314065510597304 0.8123145400593472 0.0038535645472061657 0.001483679525222552
0 0.5394990366088632 0.8078635014836796 0.007707129094412331 0.001483679525222552
0 0.11175337186897881 0.8056379821958457 0.011560693641618497 0.002967359050445104
0 0.07129094412331406 0.8063798219584569 0.06165703275529865 0.004451038575667656
0 0.24277456647398843 0.8034124629080118 0.0038535645472061657 0.001483679525222552
0 0.21965317919075145 0.8041543026706232 0.007707129094412331 0.002967359050445104
0 0.197495183044316 0.8041543026706232 0.017341040462427744 0.005934718100890208
0 0.6136801541425819 0.7974777448071216 0.005780346820809248 0.001483679525222552
0 0.5423892100192679 0.7989614243323442 0.009633911368015413 0.004451038575667656
0 0.5404624277456648 0.7915430267062314 0.017341040462427744 0.00741839762611276
0 0.4421965317919075 0.7841246290801187 0.005780346820809248 0.001483679525222552
0 0.5433526011560693 0.7826409495548962 0.011560693641618497 0.001483679525222552
0 0.5443159922928709 0.7744807121661721 0.009633911368015413 0.002967359050445104
0 0.42870905587668595 0.7678041543026706 0.009633911368015413 0.001483679525222552
0 0.5433526011560693 0.766320474777448 0.011560693641618497 0.004451038575667656
0 0.5539499036608864 0.7455489614243324 0.0019267822736030828 0.001483679525222552
0 0.6242774566473989 0.7351632047477745 0.007707129094412331 0.025222551928783383
0 0.6290944123314065 0.7114243323442137 0.0019267822736030828 0.001483679525222552
0 0.5597302504816956 0.6921364985163204 0.005780346820809248 0.004451038575667656
0 0.9913294797687862 0.6988130563798219 0.017341040462427744 0.050445103857566766
0 0.5635838150289018 0.6409495548961425 0.017341040462427744 0.020771513353115726
0 0.44026974951830444 0.6238872403560831 0.0019267822736030828 0.001483679525222552
0 0.5674373795761078 0.6224035608308606 0.009633911368015413 0.004451038575667656
0 0.7928709055876686 0.612759643916914 0.009633911368015413 0.002967359050445104
0 0.8554913294797688 0.6105341246290801 0.007707129094412331 0.004451038575667656
0 0.5250481695568401 0.6083086053412463 0.028901734104046242 0.002967359050445104
0 0.24759152215799615 0.6135014836795252 0.4720616570327553 0.016320474777448073
0 0.5674373795761078 0.607566765578635 0.02119460500963391 0.00741839762611276
0 0.6541425818882466 0.6060830860534124 0.017341040462427744 0.00741839762611276
0 0.8564547206165704 0.5986646884272997 0.01348747591522158 0.013353115727002967
0 0.24277456647398843 0.5979228486646885 0.48554913294797686 0.01483679525222552
0 0.569364161849711 0.5919881305637982 0.017341040462427744 0.005934718100890208
0 0.7957610789980732 0.5875370919881305 0.011560693641618497 0.002967359050445104
0 0.7803468208092486 0.5875370919881305 0.007707129094412331 0.002967359050445104
0 0.6560693641618497 0.5897626112759644 0.01348747591522158 0.00741839762611276
0 0.8554913294797688 0.586053412462908 0.011560693641618497 0.005934718100890208
0 0.0019267822736030828 0.5845697329376854 0.0038535645472061657 0.002967359050445104
0 0.766859344894027 0.5808605341246291 0.015414258188824663 0.004451038575667656
0 0.7957610789980732 0.5793768545994066 0.019267822736030827 0.004451038575667656
0 0.8554913294797688 0.5786350148367952 0.011560693641618497 0.005934718100890208
0 0.5722543352601156 0.5756676557863502 0.019267822736030827 0.005934718100890208
0 0.6589595375722543 0.5749258160237388 0.015414258188824663 0.00741839762611276
0 0.8545279383429673 0.56973293768546 0.0019267822736030828 0.002967359050445104
0 0.8574181117533719 0.5608308605341247 0.015414258188824663 0.005934718100890208
0 0.8574181117533719 0.5519287833827893 0.007707129094412331 0.002967359050445104
0 0.5857418111753372 0.5489614243323442 0.015414258188824663 0.002967359050445104
0 0.8246628131021194 0.5437685459940653 0.011560693641618497 0.004451038575667656
0 0.8564547206165704 0.5341246290801187 0.0019267822736030828 0.002967359050445104
0 0.8227360308285164 0.526706231454006 0.0038535645472061657 0.002967359050445104
0 0.8583815028901735 0.5252225519287834 0.01348747591522158 0.005934718100890208
0 0.8574181117533719 0.516320474777448 0.0038535645472061657 0.002967359050445104
0 0.44315992292870904 0.5148367952522255 0.0038535645472061657 0.002967359050445104
0 0.8564547206165704 0.5089020771513353 0.005780346820809248 0.002967359050445104
0 0.8930635838150289 0.5081602373887241 0.04046242774566474 0.00741839762611276
0 0.8227360308285164 0.49258160237388726 0.007707129094412331 0.005934718100890208
0 0.8227360308285164 0.47997032640949555 0.007707129094412331 0.00741839762611276
0 0.0038535645472061657 0.456973293768546 0.007707129094412331 0.008902077151335312
0 0.8208092485549133 0.4228486646884273 0.0038535645472061657 0.002967359050445104
0 0.9971098265895953 0.422106824925816 0.005780346820809248 0.016320474777448073
0 0.8236994219653179 0.40281899109792285 0.005780346820809248 0.001483679525222552
0 0.9036608863198459 0.4146884272997033 0.10789980732177264 0.1913946587537092
0 0.2697495183044316 0.4502967359050445 0.5394990366088632 0.2774480712166172
0 0.7861271676300579 0.3115727002967359 0.038535645472061654 0.005934718100890208
0 0.9007707129094412 0.3108308605341246 0.10211946050096339 0.00741839762611276
0 0.6502890173410405 0.3034124629080119 0.0019267822736030828 0.001483679525222552
0 0.3217726396917148 0.30415430267062316 0.023121387283236993 0.002967359050445104
0 0.28227360308285165 0.30415430267062316 0.005780346820809248 0.002967359050445104
0 0.24566473988439305 0.30415430267062316 0.005780346820809248 0.002967359050445104
0 0.16955684007707128 0.30415430267062316 0.015414258188824663 0.002967359050445104
0 0.4816955684007707 0.3034124629080119 0.02697495183044316 0.004451038575667656
0 0.3978805394990366 0.30489614243323443 0.1252408477842004 0.00741839762611276
0 0.22350674373795762 0.3034124629080119 0.02697495183044316 0.004451038575667656
0 0.128131021194605 0.3034124629080119 0.028901734104046242 0.004451038575667656
0 0.4749518304431599 0.6253709198813057 0.9499036608863198 0.6632047477744807
0 0.27167630057803466 0.2900593471810089 0.4238921001926782 0.013353115727002967
0 0.569364161849711 0.28635014836795253 0.14065510597302505 0.01483679525222552
0 0.7042389210019268 0.2841246290801187 0.09826589595375723 0.013353115727002967
0 0.8526011560693642 0.28486646884273 0.18689788053949905 0.032640949554896145
0 0.2543352601156069 0.27002967359050445 0.34296724470134876 0.011869436201780416
0 0.8516377649325626 0.2626112759643917 0.011560693641618497 0.005934718100890208
0 0.5616570327552987 0.26706231454005935 0.15221579961464354 0.01483679525222552
0 0.7312138728323699 0.26483679525222553 0.14836223506743737 0.013353115727002967
0 0.9065510597302505 0.26186943620178044 0.0789980732177264 0.010385756676557863
0 0.13583815028901733 0.2559347181008902 0.009633911368015413 0.001483679525222552
0 0.07514450867052024 0.2589020771513353 0.09633911368015415 0.00741839762611276
0 0.9373795761078998 0.2522255192878338 0.0019267822736030828 0.002967359050445104
0 0.42678227360308285 0.25148367952522255 0.017341040462427744 0.004451038575667656
0 0.28516377649325625 0.2522255192878338 0.23892100192678228 0.008902077151335312
0 0.5481695568400771 0.24925816023738873 0.1791907514450867 0.011869436201780416
0 0.7996146435452793 0.2470326409495549 0.29672447013487474 0.013353115727002967
0 0.9229287090558767 0.23590504451038577 0.03468208092485549 0.002967359050445104
0 0.9518304431599229 0.22700296735905046 0.0038535645472061657 0.002967359050445104
0 0.4797687861271676 0.23738872403560832 0.9210019267822736 0.026706231454005934
0 0.041425818882466284 0.22700296735905046 0.017341040462427744 0.008902077151335312
0 0.10211946050096339 0.22551928783382788 0.046242774566473986 0.008902077151335312
0 0.20520231213872833 0.22255192878338279 0.055876685934489405 0.008902077151335312
0 0.44508670520231214 0.2166172106824926 0.33911368015414256 0.01483679525222552
0 0.789980732177264 0.21364985163204747 0.3159922928709056 0.01483679525222552
0 0.11753371868978806 0.13056379821958458 0.0038535645472061657 0.002967359050445104
0 0.009633911368015413 0.11795252225519288 0.019267822736030827 0.028189910979228485
0 0.08574181117533719 0.15652818991097922 0.10982658959537572 0.11127596439169139
0 0.640655105973025 0.04747774480712166 0.009633911368015413 0.008902077151335312
0 0.617533718689788 0.11498516320474778 0.6840077071290944 0.1824925816023739
0 0.44990366088631983 0.02744807121661721 0.028901734104046242 0.016320474777448073
0 0.6907514450867052 0.0051928783382789315 0.0019267822736030828 0.001483679525222552
0 0.49229287090558765 0.021513353115727003 0.0905587668593449 0.04302670623145401
0 0.48940269749518306 0.00741839762611276 0.015414258188824663 0.01483679525222552
0 0.29865125240847784 0.025222551928783383 0.3622350674373796 0.050445103857566766
