0 0.5 0.5634920634920635 1.0 0.873015873015873
0 0.6893732970027248 0.07341269841269842 0.021798365122615803 0.011904761904761904
0 0.6566757493188011 0.06547619047619048 0.03814713896457766 0.03571428571428571
0 0.6948228882833788 0.03571428571428571 0.010899182561307902 0.015873015873015872
0 0.7479564032697548 0.051587301587301584 0.051771117166212535 0.10317460317460317
0 0.6743869209809265 0.017857142857142856 0.02452316076294278 0.03571428571428571
0 0.6280653950953679 0.041666666666666664 0.02452316076294278 0.08333333333333333
0 0.510899182561308 0.03571428571428571 0.02997275204359673 0.07142857142857142
0 0.45231607629427795 0.03968253968253968 0.04904632152588556 0.07936507936507936
0 0.38283378746594005 0.007936507936507936 0.013623978201634877 0.015873015873015872
0 0.46321525885558584 0.057539682539682536 0.28337874659400547 0.11507936507936507
