0 0.515 0.9932659932659933 0.006 0.013468013468013467
0 0.47 0.9848484848484849 0.036 0.030303030303030304
0 0.549 0.9747474747474747 0.05 0.050505050505050504
0 0.338 0.9629629629629629 0.212 0.07407407407407407
0 0.665 0.7760942760942761 0.006 0.003367003367003367
0 0.725 0.7441077441077442 0.006 0.006734006734006734
0 0.631 0.7491582491582491 0.034 0.02356902356902357
0 0.835 0.7121212121212122 0.002 0.003367003367003367
0 0.826 0.7121212121212122 0.008 0.010101010101010102
0 0.861 0.696969696969697 0.006 0.006734006734006734
0 0.814 0.6952861952861953 0.004 0.003367003367003367
0 0.77 0.6952861952861953 0.004 0.003367003367003367
0 0.848 0.696969696969697 0.012 0.013468013468013467
0 0.838 0.6801346801346801 0.016 0.006734006734006734
0 0.906 0.6447811447811448 0.004 0.003367003367003367
0 0.697 0.33164983164983164 0.006 0.003367003367003367
0 0.853 0.25925925925925924 0.002 0.006734006734006734
0 0.942 0.0707070707070707 0.016 0.026936026936026935
0 0.927 0.06060606060606061 0.006 0.006734006734006734
0 0.5 0.4663299663299663 1.0 0.9326599326599326
0 0.369 0.016835016835016835 0.014 0.03367003367003367
0 0.33 0.016835016835016835 0.044 0.03367003367003367
0 0.29 0.015151515151515152 0.012 0.030303030303030304
