0 0.4725848563968668 0.9904214559386973 0.031331592689295036 0.019157088122605363
0 0.12402088772845953 0.9770114942528736 0.2010443864229765 0.04597701149425287
0 0.4856396866840731 0.946360153256705 0.0835509138381201 0.10727969348659004
0 0.35117493472584854 0.9176245210727969 0.028720626631853787 0.07279693486590039
0 0.30156657963446476 0.9061302681992337 0.05483028720626632 0.08045977011494253
0 0.23890339425587467 0.8946360153256705 0.028720626631853787 0.07279693486590039
0 0.95822454308094 0.5095785440613027 0.0835509138381201 0.7662835249042146
0 0.5443864229765013 0.02681992337164751 0.007832898172323759 0.01532567049808429
0 0.5757180156657964 0.017241379310344827 0.013054830287206266 0.034482758620689655
0 0.4765013054830287 0.0038314176245210726 0.04960835509138381 0.007662835249042145
0 0.33159268929503916 0.011494252873563218 0.17754569190600522 0.022988505747126436
0 0.46475195822454307 0.4425287356321839 0.8877284595300261 0.8850574712643678
