0 0.4642857142857143 0.9915254237288136 0.4440993788819876 0.01694915254237288
0 0.08229813664596274 0.8949152542372881 0.009316770186335404 0.04745762711864407
0 0.8509316770186336 0.43898305084745765 0.049689440993788817 0.010169491525423728
0 0.9440993788819876 0.43728813559322033 0.11180124223602485 0.013559322033898305
0 0.9704968944099379 0.411864406779661 0.009316770186335404 0.003389830508474576
0 0.9922360248447205 0.411864406779661 0.015527950310559006 0.010169491525423728
0 0.9440993788819876 0.38305084745762713 0.012422360248447204 0.006779661016949152
0 0.9130434782608695 0.3847457627118644 0.012422360248447204 0.010169491525423728
0 0.9813664596273292 0.3847457627118644 0.037267080745341616 0.01694915254237288
0 0.8881987577639752 0.3559322033898305 0.012422360248447204 0.006779661016949152
0 0.9503105590062112 0.3525423728813559 0.09937888198757763 0.02711864406779661
0 0.889751552795031 0.31864406779661014 0.015527950310559006 0.006779661016949152
0 0.9518633540372671 0.31864406779661014 0.09627329192546584 0.02711864406779661
0 0.8726708074534162 0.18983050847457628 0.006211180124223602 0.006779661016949152
0 0.5 0.5474576271186441 1.0 0.823728813559322
0 0.9239130434782609 0.211864406779661 0.15217391304347827 0.15932203389830507
0 0.6009316770186336 0.1152542372881356 0.009316770186335404 0.006779661016949152
0 0.6040372670807453 0.1 0.003105590062111801 0.003389830508474576
0 0.5559006211180124 0.1016949152542373 0.031055900621118012 0.04067796610169491
0 0.5869565217391305 0.07627118644067797 0.024844720496894408 0.04406779661016949
0 0.41770186335403725 0.08305084745762711 0.027950310559006212 0.0576271186440678
0 0.30434782608695654 0.0847457627118644 0.043478260869565216 0.061016949152542375
0 0.36335403726708076 0.08305084745762711 0.055900621118012424 0.06440677966101695
0 0.532608695652174 0.08305084745762711 0.021739130434782608 0.07796610169491526
