0 0.6613226452905812 0.968013468013468 0.06813627254509018 0.06397306397306397
0 0.998997995991984 0.6851851851851852 0.002004008016032064 0.003367003367003367
0 0.09418837675350701 0.5286195286195287 0.02404809619238477 0.026936026936026935
0 0.0531062124248497 0.5151515151515151 0.01002004008016032 0.06060606060606061
0 0.01903807615230461 0.5673400673400674 0.03807615230460922 0.5622895622895623
0 0.996993987975952 0.21548821548821548 0.006012024048096192 0.006734006734006734
0 0.996993987975952 0.19528619528619529 0.006012024048096192 0.006734006734006734
0 0.996993987975952 0.16161616161616163 0.006012024048096192 0.006734006734006734
0 0.01603206412825651 0.21717171717171718 0.03206412825651302 0.13131313131313133
0 0.9979959919839679 0.14309764309764308 0.004008016032064128 0.003367003367003367
0 0.017034068136272545 0.09259259259259259 0.03406813627254509 0.0707070707070707
0 0.9979959919839679 0.05387205387205387 0.004008016032064128 0.006734006734006734
0 0.5200400801603207 0.51010101010101 0.9599198396793587 0.9797979797979798
