0 0.5143737166324436 0.9948096885813149 0.006160164271047228 0.010380622837370242
0 0.4681724845995893 0.986159169550173 0.03285420944558522 0.02768166089965398
0 0.5472279260780287 0.9757785467128027 0.04722792607802875 0.04844290657439446
0 0.33880903490759756 0.9653979238754326 0.20944558521560575 0.06920415224913495
0 0.9794661190965093 0.8339100346020761 0.04106776180698152 0.08996539792387544
0 0.47638603696098564 0.745674740484429 0.9527720739219713 0.3771626297577855
0 0.5 0.38581314878892736 1.0 0.7716262975778547
0 0.36960985626283366 0.012110726643598616 0.012320328542094456 0.02422145328719723
0 0.34496919917864477 0.012110726643598616 0.012320328542094456 0.02422145328719723
0 0.3162217659137577 0.010380622837370242 0.012320328542094456 0.020761245674740483
0 0.29055441478439425 0.010380622837370242 0.01026694045174538 0.020761245674740483
