0 0.35064935064935066 0.992320819112628 0.01948051948051948 0.015358361774744027
0 0.32061688311688313 0.992320819112628 0.011363636363636364 0.015358361774744027
0 0.2800324675324675 0.992320819112628 0.027597402597402596 0.015358361774744027
0 0.4675324675324675 0.9914675767918089 0.01948051948051948 0.017064846416382253
0 0.4253246753246753 0.9906143344709898 0.006493506493506494 0.01877133105802048
0 0.4407467532467532 0.9803754266211604 0.011363636363636364 0.005119453924914676
0 0.5560064935064936 0.9197952218430034 0.01461038961038961 0.0034129692832764505
0 0.2849025974025974 0.9172354948805461 0.0016233766233766235 0.0017064846416382253
0 0.273538961038961 0.9163822525597269 0.00487012987012987 0.0034129692832764505
0 0.9943181818181818 0.9027303754266212 0.011363636363636364 0.0034129692832764505
0 0.5219155844155844 0.8993174061433447 0.008116883116883116 0.0034129692832764505
0 0.512987012987013 0.8984641638225256 0.006493506493506494 0.0017064846416382253
0 0.5462662337662337 0.8993174061433447 0.03409090909090909 0.006825938566552901
0 0.5397727272727273 0.886518771331058 0.008116883116883116 0.0017064846416382253
0 0.5527597402597403 0.886518771331058 0.01461038961038961 0.005119453924914676
0 0.4797077922077922 0.8856655290102389 0.00487012987012987 0.0034129692832764505
0 0.4837662337662338 0.8745733788395904 0.003246753246753247 0.0017064846416382253
0 0.4724025974025974 0.8745733788395904 0.003246753246753247 0.0017064846416382253
0 0.549512987012987 0.8754266211604096 0.021103896103896104 0.006825938566552901
0 0.551948051948052 0.863481228668942 0.00974025974025974 0.0034129692832764505
0 0.6672077922077922 0.8540955631399317 0.003246753246753247 0.0017064846416382253
0 0.6087662337662337 0.8532423208191127 0.003246753246753247 0.0034129692832764505
0 0.525974025974026 0.8523890784982935 0.006493506493506494 0.0017064846416382253
0 0.5462662337662337 0.8523890784982935 0.024350649350649352 0.005119453924914676
0 0.5527597402597403 0.841296928327645 0.008116883116883116 0.0034129692832764505
0 0.5941558441558441 0.8310580204778157 0.003246753246753247 0.0034129692832764505
0 0.5227272727272727 0.8302047781569966 0.00974025974025974 0.0017064846416382253
0 0.487012987012987 0.8302047781569966 0.003246753246753247 0.0017064846416382253
0 0.5430194805194806 0.8302047781569966 0.024350649350649352 0.005119453924914676
0 0.5381493506493507 0.8208191126279863 0.011363636363636364 0.0034129692832764505
0 0.5284090909090909 0.8199658703071673 0.0016233766233766235 0.0017064846416382253
0 0.5162337662337663 0.8199658703071673 0.003246753246753247 0.0017064846416382253
0 0.549512987012987 0.8199658703071673 0.008116883116883116 0.005119453924914676
0 0.5478896103896104 0.810580204778157 0.008116883116883116 0.0034129692832764505
0 0.5292207792207793 0.810580204778157 0.00974025974025974 0.0034129692832764505
0 0.4967532467532468 0.8088737201365188 0.006493506493506494 0.0034129692832764505
0 0.9553571428571429 0.8498293515358362 0.08928571428571429 0.09556313993174062
0 0.5836038961038961 0.8011945392491467 0.0016233766233766235 0.0017064846416382253
0 0.536525974025974 0.7994880546075085 0.008116883116883116 0.0017064846416382253
0 0.5243506493506493 0.7994880546075085 0.003246753246753247 0.0017064846416382253
0 0.5478896103896104 0.7994880546075085 0.011363636363636364 0.005119453924914676
0 0.9991883116883117 0.7943686006825939 0.0016233766233766235 0.0017064846416382253
0 0.4780844155844156 0.787542662116041 0.00487012987012987 0.0017064846416382253
0 0.9545454545454546 0.7892491467576792 0.025974025974025976 0.011945392491467578
0 0.9586038961038961 0.7773037542662116 0.08279220779220779 0.015358361774744027
0 0.9577922077922078 0.7568259385665529 0.08441558441558442 0.011945392491467578
0 0.9586038961038961 0.7397610921501706 0.08279220779220779 0.008532423208191127
0 0.9586038961038961 0.7226962457337884 0.08279220779220779 0.011945392491467578
0 0.3125 0.7047781569965871 0.011363636363636364 0.0034129692832764505
0 0.9594155844155844 0.7022184300341296 0.08116883116883117 0.01877133105802048
0 0.8652597402597403 0.6979522184300341 0.10064935064935066 0.020477815699658702
0 0.9602272727272727 0.6800341296928327 0.07954545454545454 0.015358361774744027
0 0.46266233766233766 0.8080204778156996 0.8993506493506493 0.2781569965870307
0 0.8003246753246753 0.6732081911262798 0.022727272727272728 0.015358361774744027
0 0.7767857142857143 0.6715017064846417 0.021103896103896104 0.011945392491467578
0 0.4699675324675325 0.6655290102389079 0.008116883116883116 0.0034129692832764505
0 0.6233766233766234 0.6689419795221843 0.2597402597402597 0.017064846416382253
0 0.872564935064935 0.6706484641638225 0.08928571428571429 0.030716723549488054
0 0.961038961038961 0.6621160409556314 0.07792207792207792 0.017064846416382253
0 0.6493506493506493 0.6407849829351536 0.006493506493506494 0.0017064846416382253
0 0.008116883116883116 0.5861774744027304 0.016233766233766232 0.005119453924914676
0 0.7873376623376623 0.5554607508532423 0.012987012987012988 0.015358361774744027
0 0.911525974025974 0.4931740614334471 0.00487012987012987 0.0034129692832764505
0 0.838474025974026 0.46245733788395904 0.011363636363636364 0.010238907849829351
0 0.788961038961039 0.45819112627986347 0.01948051948051948 0.01877133105802048
0 0.7816558441558441 0.43600682593856654 0.00487012987012987 0.008532423208191127
0 0.8133116883116883 0.4300341296928328 0.003246753246753247 0.006825938566552901
0 0.9545454545454546 0.28071672354948807 0.003246753246753247 0.008532423208191127
0 0.011363636363636364 0.21843003412969283 0.022727272727272728 0.030716723549488054
0 0.5 0.33532423208191126 1.0 0.643344709897611
