0 0.5125313283208021 0.9990176817288802 0.002506265664160401 0.0019646365422396855
0 0.32957393483709274 0.9950884086444007 0.022556390977443608 0.009823182711198428
0 0.2807017543859649 0.9941060903732809 0.05012531328320802 0.011787819253438114
0 0.22180451127819548 0.9941060903732809 0.042606516290726815 0.011787819253438114
0 0.4398496240601504 0.9921414538310412 0.017543859649122806 0.015717092337917484
0 0.4949874686716792 0.9901768172888016 0.03258145363408521 0.019646365422396856
0 0.46115288220551376 0.9842829076620825 0.02506265664160401 0.007858546168958742
0 0.2819548872180451 0.9833005893909627 0.2731829573934837 0.03339882121807466
0 0.5601503759398496 0.981335952848723 0.05764411027568922 0.03732809430255403
0 0.2644110275689223 0.9007858546168959 0.042606516290726815 0.08840864440078586
0 0.24686716791979949 0.849705304518664 0.007518796992481203 0.0019646365422396855
0 0.24310776942355888 0.8339882121807466 0.02506265664160401 0.021611001964636542
0 0.23809523809523808 0.8163064833005894 0.020050125313283207 0.009823182711198428
0 0.23308270676691728 0.8055009823182712 0.015037593984962405 0.007858546168958742
0 0.23057644110275688 0.7946954813359528 0.020050125313283207 0.009823182711198428
0 0.22556390977443608 0.7838899803536346 0.015037593984962405 0.007858546168958742
0 0.12406015037593984 0.7927308447937131 0.06265664160401002 0.029469548133595286
0 0.22180451127819548 0.7711198428290766 0.017543859649122806 0.005893909626719057
0 0.13784461152882205 0.769155206286837 0.015037593984962405 0.009823182711198428
0 0.21804511278195488 0.7603143418467584 0.015037593984962405 0.003929273084479371
0 0.21428571428571427 0.75049115913556 0.017543859649122806 0.007858546168958742
0 0.13157894736842105 0.7534381139489195 0.012531328320802004 0.01768172888015717
0 0.21052631578947367 0.7396856581532416 0.015037593984962405 0.005893909626719057
0 0.12781954887218044 0.7387033398821218 0.010025062656641603 0.007858546168958742
0 0.05639097744360902 0.7367387033398821 0.012531328320802004 0.007858546168958742
0 0.20676691729323307 0.7278978388998035 0.012531328320802004 0.005893909626719057
0 0.20175438596491227 0.7170923379174853 0.017543859649122806 0.007858546168958742
0 0.12030075187969924 0.7161100196463654 0.015037593984962405 0.025540275049115914
0 0.19423558897243107 0.693516699410609 0.012531328320802004 0.007858546168958742
0 0.18796992481203006 0.674852652259332 0.015037593984962405 0.01768172888015717
0 0.13032581453634084 0.5461689587426326 0.010025062656641603 0.003929273084479371
0 0.13032581453634084 0.7387033398821218 0.2606516290726817 0.4204322200392927
0 0.956140350877193 0.47053045186640474 0.007518796992481203 0.0019646365422396855
0 0.9699248120300752 0.6954813359528488 0.06015037593984962 0.45972495088408644
0 0.9586466165413534 0.4587426326129666 0.002506265664160401 0.0019646365422396855
0 0.9849624060150376 0.4587426326129666 0.03007518796992481 0.009823182711198428
0 0.9774436090225563 0.44695481335952847 0.045112781954887216 0.009823182711198428
0 0.9598997493734336 0.43418467583497056 0.005012531328320802 0.003929273084479371
0 0.9862155388471178 0.4351669941060904 0.02756892230576441 0.009823182711198428
0 0.9761904761904762 0.3300589390962672 0.047619047619047616 0.19646365422396855
0 0.9962406015037594 0.22593320235756384 0.007518796992481203 0.003929273084479371
0 0.6528822055137845 0.22396856581532418 0.46365914786967416 0.011787819253438114
0 0.40601503759398494 0.2200392927308448 0.02506265664160401 0.003929273084479371
0 0.24185463659147868 0.21611001964636542 0.007518796992481203 0.003929273084479371
0 0.993734335839599 0.206286836935167 0.012531328320802004 0.003929273084479371
0 0.9736842105263158 0.206286836935167 0.017543859649122806 0.003929273084479371
0 0.17293233082706766 0.19155206286836934 0.005012531328320802 0.0019646365422396855
0 0.9060150375939849 0.18172888015717092 0.007518796992481203 0.0019646365422396855
0 0.981203007518797 0.18271119842829076 0.03759398496240601 0.007858546168958742
0 0.8847117794486216 0.1807465618860511 0.010025062656641603 0.003929273084479371
0 0.981203007518797 0.15913555992141454 0.03759398496240601 0.003929273084479371
0 0.8796992481203008 0.15717092337917485 0.06015037593984962 0.003929273084479371
0 0.46616541353383456 0.550098231827112 0.9323308270676691 0.793713163064833
0 0.15162907268170425 0.1444007858546169 0.007518796992481203 0.0019646365422396855
0 0.07268170426065163 0.1444007858546169 0.14536340852130325 0.009823182711198428
0 0.08020050125313283 0.12278978388998035 0.010025062656641603 0.0019646365422396855
0 0.03634085213032581 0.12278978388998035 0.07268170426065163 0.005893909626719057
0 0.045112781954887216 0.10117878192534381 0.010025062656641603 0.0019646365422396855
0 0.02756892230576441 0.10117878192534381 0.010025062656641603 0.0019646365422396855
0 0.8872180451127819 0.068762278978389 0.040100250626566414 0.003929273084479371
0 0.9072681704260651 0.05304518664047151 0.03508771929824561 0.007858546168958742
0 0.506265664160401 0.0412573673870334 0.010025062656641603 0.003929273084479371
0 0.3684210526315789 0.02848722986247544 0.010025062656641603 0.009823182711198428
0 0.33458646616541354 0.026522593320235755 0.012531328320802004 0.009823182711198428
0 0.531328320802005 0.021611001964636542 0.005012531328320802 0.003929273084479371
0 0.47619047619047616 0.015717092337917484 0.010025062656641603 0.011787819253438114
0 0.2531328320802005 0.019646365422396856 0.03508771929824561 0.0275049115913556
0 0.3659147869674185 0.005893909626719057 0.02506265664160401 0.011787819253438114
0 0.2957393483709273 0.010805500982318271 0.010025062656641603 0.021611001964636542
0 0.2669172932330827 0.0009823182711198428 0.002506265664160401 0.0019646365422396855
0 0.23934837092731828 0.0029469548133595285 0.007518796992481203 0.005893909626719057
