0 0.5636882129277566 0.9968051118210862 0.013307984790874524 0.006389776357827476
0 0.5665399239543726 0.10543130990415335 0.019011406844106463 0.012779552715654952
0 0.5 0.5159744408945687 1.0 0.8402555910543131
0 0.5855513307984791 0.09105431309904154 0.0076045627376425855 0.01597444089456869
0 0.5884030418250951 0.07667731629392971 0.043726235741444866 0.06389776357827476
0 0.4686311787072243 0.0670926517571885 0.02091254752851711 0.06389776357827476
0 0.435361216730038 0.06869009584664537 0.015209125475285171 0.0670926517571885
0 0.3935361216730038 0.0670926517571885 0.04182509505703422 0.06389776357827476
0 0.6036121673003803 0.04313099041533546 0.013307984790874524 0.022364217252396165
0 0.5522813688212928 0.07028753993610223 0.013307984790874524 0.07667731629392971
0 0.5693916349809885 0.03194888178913738 0.017110266159695818 0.012779552715654952
