0 0.6040856031128404 0.9934640522875817 0.005836575875486381 0.013071895424836602
0 0.46206225680933855 0.988562091503268 0.021400778210116732 0.02287581699346405
0 0.4367704280155642 0.988562091503268 0.009727626459143969 0.02287581699346405
0 0.4066147859922179 0.988562091503268 0.011673151750972763 0.02287581699346405
0 0.377431906614786 0.988562091503268 0.0311284046692607 0.02287581699346405
0 0.5875486381322957 0.9869281045751634 0.023346303501945526 0.026143790849673203
0 0.5486381322957199 0.9852941176470589 0.011673151750972763 0.029411764705882353
0 0.5680933852140078 0.9722222222222222 0.027237354085603113 0.016339869281045753
0 0.5768482490272373 0.08496732026143791 0.017509727626459144 0.013071895424836602
0 0.5 0.49019607843137253 1.0 0.8431372549019608
0 0.5953307392996109 0.06862745098039216 0.007782101167315175 0.0196078431372549
0 0.5778210116731517 0.03104575163398693 0.0038910505836575876 0.0032679738562091504
0 0.4795719844357977 0.04411764705882353 0.021400778210116732 0.06209150326797386
0 0.5992217898832685 0.049019607843137254 0.04669260700389105 0.0784313725490196
0 0.4455252918287938 0.04411764705882353 0.01556420233463035 0.06862745098039216
0 0.4027237354085603 0.042483660130718956 0.042801556420233464 0.06535947712418301
0 0.5739299610894941 0.042483660130718956 0.03501945525291829 0.08496732026143791
