0 0.24270833333333333 0.8702702702702703 0.010416666666666666 0.010810810810810811
0 0.190625 0.8716216216216216 0.03125 0.013513513513513514
0 0.128125 0.8729729729729729 0.04791666666666667 0.016216216216216217
0 0.29583333333333334 0.8675675675675676 0.008333333333333333 0.010810810810810811
0 0.26875 0.8689189189189189 0.0125 0.013513513513513514
0 0.38125 0.8648648648648649 0.004166666666666667 0.010810810810810811
0 0.35833333333333334 0.8648648648648649 0.008333333333333333 0.010810810810810811
0 0.328125 0.8662162162162163 0.022916666666666665 0.013513513513513514
0 0.409375 0.8648648648648649 0.01875 0.016216216216216217
0 0.00625 0.8581081081081081 0.0125 0.008108108108108109
0 0.5552083333333333 0.8581081081081081 0.010416666666666666 0.013513513513513514
0 0.5177083333333333 0.8283783783783784 0.0020833333333333333 0.002702702702702703
0 0.559375 0.8256756756756757 0.00625 0.002702702702702703
0 0.55 0.8256756756756757 0.008333333333333333 0.002702702702702703
0 0.03125 0.731081081081081 0.029166666666666667 0.05675675675675676
0 0.025 0.6905405405405406 0.0125 0.01891891891891892
0 0.18229166666666666 0.7216216216216216 0.035416666666666666 0.08648648648648649
0 0.13229166666666667 0.722972972972973 0.04375 0.0891891891891892
0 0.09166666666666666 0.7202702702702702 0.020833333333333332 0.08378378378378379
0 0.065625 0.7189189189189189 0.01875 0.08108108108108109
0 0.24895833333333334 0.7189189189189189 0.027083333333333334 0.08648648648648649
0 0.21770833333333334 0.7189189189189189 0.010416666666666666 0.08648648648648649
0 0.30625 0.7162162162162162 0.025 0.08648648648648649
0 0.0875 0.5675675675675675 0.0125 0.016216216216216217
0 0.059375 0.5675675675675675 0.014583333333333334 0.016216216216216217
0 0.029166666666666667 0.5689189189189189 0.0125 0.01891891891891892
0 0.3458333333333333 0.5608108108108109 0.0125 0.008108108108108109
0 0.18125 0.5662162162162162 0.016666666666666666 0.01891891891891892
0 0.15625 0.5662162162162162 0.0125 0.01891891891891892
0 0.13645833333333332 0.5662162162162162 0.014583333333333334 0.01891891891891892
0 0.10729166666666666 0.5662162162162162 0.014583333333333334 0.01891891891891892
0 0.240625 0.5635135135135135 0.03958333333333333 0.01891891891891892
0 0.3458333333333333 0.5337837837837838 0.016666666666666666 0.008108108108108109
0 0.059375 0.5405405405405406 0.014583333333333334 0.021621621621621623
0 0.030208333333333334 0.5405405405405406 0.014583333333333334 0.021621621621621623
0 0.25104166666666666 0.5364864864864864 0.010416666666666666 0.01891891891891892
0 0.23229166666666667 0.5364864864864864 0.010416666666666666 0.01891891891891892
0 0.17083333333333334 0.5378378378378378 0.041666666666666664 0.021621621621621623
0 0.13125 0.5378378378378378 0.0125 0.021621621621621623
0 0.1125 0.5391891891891892 0.0125 0.024324324324324326
0 0.0875 0.5391891891891892 0.0125 0.024324324324324326
0 0.3458333333333333 0.5054054054054054 0.004166666666666667 0.005405405405405406
0 0.184375 0.5081081081081081 0.010416666666666666 0.021621621621621623
0 0.159375 0.5081081081081081 0.01875 0.021621621621621623
0 0.121875 0.5081081081081081 0.01875 0.021621621621621623
0 0.0875 0.5081081081081081 0.0125 0.021621621621621623
0 0.06041666666666667 0.5081081081081081 0.0125 0.021621621621621623
0 0.030208333333333334 0.5094594594594595 0.010416666666666666 0.024324324324324326
0 0.24166666666666667 0.5054054054054054 0.016666666666666666 0.021621621621621623
0 0.029166666666666667 0.4851351351351351 0.029166666666666667 0.008108108108108109
0 0.04375 0.34594594594594597 0.05416666666666667 0.0918918918918919
0 0.19479166666666667 0.3472972972972973 0.03125 0.1
0 0.15104166666666666 0.34594594594594597 0.035416666666666666 0.0972972972972973
0 0.10104166666666667 0.3472972972972973 0.04375 0.1
0 0.5666666666666667 0.05405405405405406 0.004166666666666667 0.005405405405405406
0 0.5 0.5081081081081081 1.0 0.9351351351351351
0 0.5916666666666667 0.03783783783783784 0.025 0.03783783783783784
0 0.6052083333333333 0.01756756756756757 0.00625 0.008108108108108109
0 0.5552083333333333 0.032432432432432434 0.022916666666666665 0.04864864864864865
0 0.46770833333333334 0.02702702702702703 0.01875 0.03783783783783784
0 0.428125 0.02702702702702703 0.03958333333333333 0.043243243243243246
0 0.5697916666666667 0.006756756756756757 0.010416666666666666 0.008108108108108109
0 0.38333333333333336 0.024324324324324326 0.029166666666666667 0.043243243243243246
