0 0.444104134762634 0.9992088607594937 0.018376722817764167 0.0015822784810126582
0 0.5451761102603369 0.9968354430379747 0.006125574272588055 0.006329113924050633
0 0.5727411944869831 0.9912974683544303 0.0030627871362940277 0.0015822784810126582
0 0.5597243491577335 0.995253164556962 0.013782542113323124 0.00949367088607595
0 0.45252679938744256 0.9873417721518988 0.1669218989280245 0.02531645569620253
0 0.6202143950995406 0.9865506329113924 0.033690658499234305 0.02689873417721519
0 0.39127105666156203 0.9264240506329114 0.0015313935681470138 0.0015822784810126582
0 0.35145482388973964 0.9216772151898734 0.004594180704441042 0.004746835443037975
0 0.043644716692189896 0.9066455696202531 0.004594180704441042 0.0031645569620253164
0 0.0451761102603369 0.8931962025316456 0.004594180704441042 0.004746835443037975
0 0.0015313935681470138 0.8346518987341772 0.0030627871362940277 0.004746835443037975
0 0.3560490045941807 0.8085443037974683 0.007656967840735069 0.00949367088607595
0 0.0030627871362940277 0.8045886075949367 0.006125574272588055 0.030063291139240507
0 0.3782542113323124 0.7666139240506329 0.01225114854517611 0.004746835443037975
0 0.31852986217457885 0.7666139240506329 0.009188361408882083 0.004746835443037975
0 0.13016845329249618 0.7618670886075949 0.018376722817764167 0.004746835443037975
0 0.9770290964777948 0.7618670886075949 0.030627871362940276 0.023734177215189875
0 0.5436447166921899 0.75 0.021439509954058193 0.00949367088607595
0 0.9816232771822359 0.7436708860759493 0.0030627871362940277 0.0031645569620253164
0 0.6324655436447167 0.7484177215189873 0.13782542113323124 0.012658227848101266
0 0.24119448698315468 0.7318037974683544 0.007656967840735069 0.0015822784810126582
0 0.20597243491577336 0.7318037974683544 0.0015313935681470138 0.0015822784810126582
0 0.32695252679938747 0.7325949367088608 0.010719754977029096 0.006329113924050633
0 0.14012251148545177 0.7310126582278481 0.010719754977029096 0.0031645569620253164
0 0.12787136294027565 0.7310126582278481 0.007656967840735069 0.0031645569620253164
0 0.16539050535987748 0.7310126582278481 0.030627871362940276 0.006329113924050633
0 0.11332312404287902 0.7302215189873418 0.01225114854517611 0.004746835443037975
0 0.2993874425727412 0.7246835443037974 0.007656967840735069 0.0031645569620253164
0 0.27335375191424194 0.7231012658227848 0.004594180704441042 0.0031645569620253164
0 0.0681470137825421 0.7199367088607594 0.019908116385911178 0.006329113924050633
0 0.23200612557427258 0.7128164556962026 0.0015313935681470138 0.0015822784810126582
0 0.06278713629402756 0.7080696202531646 0.009188361408882083 0.004746835443037975
0 0.9754977029096478 0.7064873417721519 0.015313935681470138 0.004746835443037975
0 0.31393568147013784 0.7080696202531646 0.021439509954058193 0.014240506329113924
0 0.28254211332312407 0.7033227848101266 0.022970903522205207 0.004746835443037975
0 0.25344563552833077 0.7017405063291139 0.0015313935681470138 0.0015822784810126582
0 0.26339969372128635 0.7017405063291139 0.009188361408882083 0.004746835443037975
0 0.225114854517611 0.7009493670886076 0.006125574272588055 0.0031645569620253164
0 0.9747320061255743 0.6993670886075949 0.013782542113323124 0.006329113924050633
0 0.06891271056661562 0.6985759493670886 0.021439509954058193 0.007911392405063292
0 0.2901990811638591 0.692246835443038 0.0015313935681470138 0.0015822784810126582
0 0.27411944869831545 0.6914556962025317 0.0030627871362940277 0.0031645569620253164
0 0.2611026033690659 0.6906645569620253 0.0015313935681470138 0.0015822784810126582
0 0.17611026033690658 0.6890822784810127 0.006125574272588055 0.004746835443037975
0 0.1554364471669219 0.6890822784810127 0.013782542113323124 0.004746835443037975
0 0.13859111791730475 0.6890822784810127 0.007656967840735069 0.004746835443037975
0 0.9754977029096478 0.6890822784810127 0.015313935681470138 0.007911392405063292
0 0.22817764165390506 0.689873417721519 0.04900459418070444 0.00949367088607595
0 0.07120980091883614 0.6875 0.02909647779479326 0.007911392405063292
0 0.2228177641653905 0.680379746835443 0.010719754977029096 0.0031645569620253164
0 0.15160796324655437 0.6716772151898734 0.02450229709035222 0.004746835443037975
0 0.13476263399693722 0.6708860759493671 0.006125574272588055 0.0031645569620253164
0 0.6998468606431854 0.6685126582278481 0.030627871362940276 0.007911392405063292
0 0.610260336906585 0.682753164556962 0.1638591117917305 0.03955696202531646
0 0.277947932618683 0.6637658227848101 0.004594180704441042 0.0015822784810126582
0 0.20444104134762633 0.6693037974683544 0.06584992343032159 0.015822784810126583
0 0.37059724349157736 0.6542721518987342 0.009188361408882083 0.004746835443037975
0 0.12480857580398162 0.4509493670886076 0.016845329249617153 0.028481012658227847
0 0.17075038284839203 0.4137658227848101 0.004594180704441042 0.007911392405063292
0 0.20597243491577336 0.3900316455696203 0.004594180704441042 0.007911392405063292
0 0.10719754977029096 0.38212025316455694 0.0030627871362940277 0.0015822784810126582
0 0.45099540581929554 0.3670886075949367 0.03828483920367534 0.006329113924050633
0 0.32695252679938747 0.3662974683544304 0.010719754977029096 0.004746835443037975
0 0.24119448698315468 0.36550632911392406 0.007656967840735069 0.0031645569620253164
0 0.28101071975497705 0.36550632911392406 0.06891271056661562 0.006329113924050633
0 0.10413476263399694 0.3615506329113924 0.01225114854517611 0.004746835443037975
0 0.4946401225114854 0.3583860759493671 0.009188361408882083 0.004746835443037975
0 0.46937212863705974 0.3583860759493671 0.019908116385911178 0.007911392405063292
0 0.43032159264931086 0.3575949367088608 0.033690658499234305 0.006329113924050633
0 0.2993874425727412 0.3575949367088608 0.03215926493108729 0.006329113924050633
0 0.48468606431852984 0.34810126582278483 0.04134762633996937 0.006329113924050633
0 0.41500765696784075 0.34651898734177217 0.0030627871362940277 0.0031645569620253164
0 0.9977029096477795 0.3473101265822785 0.004594180704441042 0.007911392405063292
0 0.44716692189892804 0.34651898734177217 0.01225114854517611 0.006329113924050633
0 0.3016845329249617 0.34572784810126583 0.02450229709035222 0.004746835443037975
0 0.10949464012251149 0.34414556962025317 0.0015313935681470138 0.0015822784810126582
0 0.08116385911179173 0.34335443037974683 0.039816232771822356 0.006329113924050633
0 0.4992343032159265 0.3370253164556962 0.01225114854517611 0.006329113924050633
0 0.44716692189892804 0.3370253164556962 0.05206738131699847 0.006329113924050633
0 0.3009188361408882 0.33544303797468356 0.019908116385911178 0.006329113924050633
0 0.10872894333843798 0.33306962025316456 0.01225114854517611 0.004746835443037975
0 0.08039816232771822 0.33306962025316456 0.03828483920367534 0.004746835443037975
0 0.4349157733537519 0.32674050632911394 0.009188361408882083 0.004746835443037975
0 0.47473200612557426 0.3259493670886076 0.033690658499234305 0.006329113924050633
0 0.3009188361408882 0.32436708860759494 0.016845329249617153 0.006329113924050633
0 0.08958652373660031 0.32199367088607594 0.019908116385911178 0.004746835443037975
0 0.0681470137825421 0.32199367088607594 0.010719754977029096 0.007911392405063292
0 0.3223583460949464 0.31566455696202533 0.004594180704441042 0.0015822784810126582
0 0.2993874425727412 0.31645569620253167 0.016845329249617153 0.0031645569620253164
0 0.28637059724349156 0.31566455696202533 0.0030627871362940277 0.0015822784810126582
0 0.11944869831546708 0.31329113924050633 0.018376722817764167 0.0031645569620253164
0 0.08422664624808576 0.31170886075949367 0.045941807044410414 0.006329113924050633
0 0.2879019908116386 0.3061708860759494 0.05206738131699847 0.004746835443037975
0 0.23889739663093415 0.30537974683544306 0.006125574272588055 0.0031645569620253164
0 0.16539050535987748 0.3045886075949367 0.01225114854517611 0.004746835443037975
0 0.12787136294027565 0.30300632911392406 0.010719754977029096 0.004746835443037975
0 0.08499234303215926 0.3022151898734177 0.04747320061255743 0.006329113924050633
0 0.4555895865237366 0.29193037974683544 0.026033690658499236 0.004746835443037975
0 0.12557427258805512 0.28560126582278483 0.006125574272588055 0.0015822784810126582
0 0.4555895865237366 0.2848101265822785 0.010719754977029096 0.0031645569620253164
0 0.4448698315467075 0.28322784810126583 0.004594180704441042 0.0031645569620253164
0 0.08728943338437979 0.2848101265822785 0.045941807044410414 0.006329113924050633
0 0.1998468606431853 0.5079113924050633 0.3996937212863706 0.4620253164556962
0 0.25344563552833077 0.2800632911392405 0.05359877488514548 0.006329113924050633
0 0.15160796324655437 0.2776898734177215 0.0030627871362940277 0.0015822784810126582
0 0.09647779479326186 0.27689873417721517 0.015313935681470138 0.006329113924050633
0 0.44793261868300155 0.2721518987341772 0.004594180704441042 0.0031645569620253164
0 0.3437978560490046 0.27056962025316456 0.019908116385911178 0.006329113924050633
0 0.30627871362940273 0.27056962025316456 0.036753445635528334 0.006329113924050633
0 0.26952526799387444 0.2689873417721519 0.006125574272588055 0.0031645569620253164
0 0.1125574272588055 0.2674050632911392 0.007656967840735069 0.0031645569620253164
0 0.49693721286370596 0.2610759493670886 0.007656967840735069 0.0031645569620253164
0 0.4571209800918836 0.2602848101265823 0.022970903522205207 0.004746835443037975
0 0.33537519142419603 0.2650316455696203 0.13476263399693722 0.020569620253164556
0 0.08422664624808576 0.26186708860759494 0.042879019908116385 0.01740506329113924
0 0.07886676875957122 0.2555379746835443 0.013782542113323124 0.004746835443037975
0 0.33690658499234305 0.24841772151898733 0.12557427258805512 0.006329113924050633
0 0.08805513016845329 0.2468354430379747 0.02909647779479326 0.006329113924050633
0 0.21669218989280245 0.23655063291139242 0.03828483920367534 0.004746835443037975
0 0.1807044410413476 0.23575949367088608 0.01225114854517611 0.0031645569620253164
0 0.0903522205206738 0.23417721518987342 0.06125574272588055 0.00949367088607595
0 0.10336906584992343 0.14477848101265822 0.20673813169984687 0.1661392405063291
0 0.5 0.504746835443038 1.0 0.9018987341772152
0 0.6079632465543645 0.04588607594936709 0.01225114854517611 0.006329113924050633
0 0.5803981623277182 0.04113924050632911 0.021439509954058193 0.015822784810126583
0 0.5750382848392037 0.02531645569620253 0.007656967840735069 0.00949367088607595
0 0.6079632465543645 0.0245253164556962 0.015313935681470138 0.014240506329113924
0 0.5038284839203675 0.0245253164556962 0.015313935681470138 0.03322784810126582
0 0.5719754977029097 0.00949367088607595 0.004594180704441042 0.006329113924050633
0 0.4318529862174579 0.022943037974683545 0.015313935681470138 0.03322784810126582
0 0.6018376722817764 0.007120253164556962 0.0030627871362940277 0.004746835443037975
0 0.4686064318529862 0.022943037974683545 0.030627871362940276 0.03639240506329114
0 0.5872894333843798 0.0031645569620253164 0.007656967840735069 0.006329113924050633
