0 0.9841772151898734 0.9589552238805971 0.03164556962025317 0.06218905472636816
0 0.6123417721518988 0.9216417910447762 0.00949367088607595 0.007462686567164179
0 0.6439873417721519 0.9104477611940298 0.04746835443037975 0.029850746268656716
0 0.6123417721518988 0.8992537313432836 0.00949367088607595 0.012437810945273632
0 0.4509493670886076 0.9104477611940298 0.27531645569620256 0.0845771144278607
0 0.4509493670886076 0.9328358208955224 0.9018987341772152 0.13432835820895522
0 0.9936708860759493 0.7985074626865671 0.012658227848101266 0.009950248756218905
0 0.020569620253164556 0.8258706467661692 0.015822784810126583 0.06965174129353234
0 0.8322784810126582 0.8084577114427861 0.1518987341772152 0.03980099502487562
0 0.185126582278481 0.7375621890547264 0.022151898734177215 0.007462686567164179
0 0.055379746835443035 0.7114427860696517 0.06645569620253164 0.014925373134328358
0 0.12974683544303797 0.6902985074626866 0.006329113924050633 0.007462686567164179
0 0.12974683544303797 0.6741293532338308 0.006329113924050633 0.004975124378109453
0 0.03164556962025317 0.6716417910447762 0.0189873417721519 0.01990049751243781
0 0.6408227848101266 0.6616915422885572 0.022151898734177215 0.01990049751243781
0 0.030063291139240507 0.6529850746268657 0.00949367088607595 0.007462686567164179
0 0.5743670886075949 0.6604477611940298 0.10443037974683544 0.02736318407960199
0 0.1281645569620253 0.6467661691542289 0.00949367088607595 0.004975124378109453
0 0.9920886075949367 0.6082089552238806 0.015822784810126583 0.02736318407960199
0 0.5506329113924051 0.595771144278607 0.7341772151898734 0.12686567164179105
0 0.08702531645569621 0.6131840796019901 0.14873417721518986 0.17661691542288557
0 0.5680379746835443 0.48383084577114427 0.028481012658227847 0.007462686567164179
0 0.6455696202531646 0.48258706467661694 0.03164556962025317 0.009950248756218905
0 0.379746835443038 0.48383084577114427 0.310126582278481 0.012437810945273632
0 0.07753164556962025 0.48258706467661694 0.04113924050632911 0.014925373134328358
0 0.0759493670886076 0.4626865671641791 0.012658227848101266 0.004975124378109453
0 0.6518987341772152 0.44527363184079605 0.0189873417721519 0.004975124378109453
0 0.5189873417721519 0.44527363184079605 0.012658227848101266 0.004975124378109453
0 0.36075949367088606 0.44527363184079605 0.0189873417721519 0.009950248756218905
0 0.5569620253164557 0.42412935323383083 0.012658227848101266 0.0024875621890547263
0 0.7626582278481012 0.4228855721393035 0.0379746835443038 0.004975124378109453
0 0.8591772151898734 0.4216417910447761 0.09177215189873418 0.007462686567164179
0 0.6613924050632911 0.42412935323383083 0.05063291139240506 0.012437810945273632
0 0.37658227848101267 0.4253731343283582 0.3227848101265823 0.014925373134328358
0 0.884493670886076 0.18159203980099503 0.015822784810126583 0.009950248756218905
0 0.8354430379746836 0.1791044776119403 0.012658227848101266 0.009950248756218905
0 0.8575949367088608 0.17786069651741293 0.02531645569620253 0.012437810945273632
0 0.8765822784810127 0.16044776119402984 0.0189873417721519 0.0024875621890547263
0 0.8417721518987342 0.11069651741293532 0.006329113924050633 0.0024875621890547263
0 0.7927215189873418 0.1455223880597015 0.09177215189873418 0.10199004975124377
0 0.6503164556962026 0.1455223880597015 0.11075949367088607 0.11194029850746269
0 0.47468354430379744 0.24502487562189054 0.9113924050632911 0.32587064676616917
0 0.5443037974683544 0.03980099502487562 0.7784810126582279 0.04477611940298507
0 0.43354430379746833 0.0024875621890547263 0.012658227848101266 0.004975124378109453
