0 0.4190871369294606 0.9963636363636363 0.029045643153526972 0.007272727272727273
0 0.5020746887966805 0.9954545454545455 0.016597510373443983 0.00909090909090909
0 0.46265560165975106 0.9954545454545455 0.03734439834024896 0.00909090909090909
0 0.6224066390041494 0.9918181818181818 0.012448132780082987 0.016363636363636365
0 0.5892116182572614 0.9918181818181818 0.02074688796680498 0.016363636363636365
0 0.6016597510373444 0.9818181818181818 0.012448132780082987 0.007272727272727273
0 0.46680497925311204 0.9827272727272728 0.2033195020746888 0.034545454545454546
0 0.6721991701244814 0.9790909090909091 0.04149377593360996 0.04181818181818182
0 0.9273858921161826 0.77 0.004149377593360996 0.0018181818181818182
0 0.9325726141078838 0.35 0.006224066390041493 0.0018181818181818182
0 0.9678423236514523 0.33 0.002074688796680498 0.0018181818181818182
0 0.5 0.48363636363636364 1.0 0.9236363636363636
0 0.5622406639004149 0.0018181818181818182 0.008298755186721992 0.0036363636363636364
