0 0.5816326530612245 0.9991055456171736 0.004081632653061225 0.0017889087656529517
0 0.41020408163265304 0.998211091234347 0.02040816326530612 0.0035778175313059034
0 0.4530612244897959 0.9973166368515206 0.0326530612244898 0.005366726296958855
0 0.49183673469387756 0.9964221824686941 0.012244897959183673 0.007155635062611807
0 0.5714285714285714 0.9901610017889088 0.004081632653061225 0.005366726296958855
0 0.5908163265306122 0.9821109123434705 0.006122448979591836 0.0035778175313059034
0 0.45714285714285713 0.9838998211091234 0.19591836734693877 0.03220035778175313
0 0.6469387755102041 0.981216457960644 0.012244897959183673 0.03756708407871199
0 0.6673469387755102 0.9803220035778175 0.02040816326530612 0.03935599284436494
0 0.007142857142857143 0.9230769230769231 0.014285714285714285 0.007155635062611807
0 0.24897959183673468 0.8273703041144902 0.004081632653061225 0.0017889087656529517
0 0.3020408163265306 0.8264758497316637 0.0326530612244898 0.0035778175313059034
0 0.3336734693877551 0.8246869409660107 0.022448979591836733 0.0035778175313059034
0 0.4275510204081633 0.8228980322003577 0.0673469387755102 0.007155635062611807
0 0.5112244897959184 0.8202146690518783 0.0673469387755102 0.005366726296958855
0 0.12346938775510204 0.8559928443649374 0.23877551020408164 0.10912343470483005
0 0.6714285714285714 0.7951699463327371 0.00816326530612245 0.005366726296958855
0 0.6979591836734694 0.7933810375670841 0.00816326530612245 0.005366726296958855
0 0.7755102040816326 0.7906976744186046 0.00816326530612245 0.0035778175313059034
0 0.9061224489795918 0.8506261180679785 0.1510204081632653 0.13416815742397137
0 0.7030612244897959 0.7835420393559929 0.0020408163265306124 0.0035778175313059034
0 0.7244897959183674 0.774597495527728 0.00816326530612245 0.0035778175313059034
0 0.7989795918367347 0.7728085867620751 0.006122448979591836 0.0035778175313059034
0 0.7795918367346939 0.7728085867620751 0.0163265306122449 0.007155635062611807
0 0.6948979591836735 0.7665474060822898 0.0020408163265306124 0.0017889087656529517
0 0.27448979591836736 0.7665474060822898 0.0020408163265306124 0.0017889087656529517
0 0.7214285714285714 0.7656529516994633 0.006122448979591836 0.0035778175313059034
0 0.673469387755102 0.7665474060822898 0.012244897959183673 0.005366726296958855
0 0.7755102040816326 0.7647584973166368 0.012244897959183673 0.005366726296958855
0 0.7561224489795918 0.7629695885509838 0.0020408163265306124 0.0017889087656529517
0 0.7969387755102041 0.7531305903398927 0.014285714285714285 0.0035778175313059034
0 0.16428571428571428 0.7468694096601073 0.006122448979591836 0.0017889087656529517
0 0.20816326530612245 0.725402504472272 0.004081632653061225 0.0017889087656529517
0 0.18571428571428572 0.725402504472272 0.00816326530612245 0.0017889087656529517
0 0.8816326530612245 0.7173524150268337 0.012244897959183673 0.0035778175313059034
0 0.2816326530612245 0.7146690518783542 0.00816326530612245 0.0017889087656529517
0 0.2571428571428571 0.7146690518783542 0.00816326530612245 0.0017889087656529517
0 0.5755102040816327 0.7093023255813954 0.012244897959183673 0.0017889087656529517
0 0.5520408163265306 0.7101967799642218 0.014285714285714285 0.0035778175313059034
0 0.6551020408163265 0.7075134168157424 0.00816326530612245 0.0017889087656529517
0 0.7051020408163265 0.7066189624329159 0.006122448979591836 0.0035778175313059034
0 0.6806122448979591 0.7066189624329159 0.018367346938775512 0.0035778175313059034
0 0.2540816326530612 0.7057245080500895 0.01020408163265306 0.0017889087656529517
0 0.20816326530612245 0.7057245080500895 0.004081632653061225 0.0017889087656529517
0 0.23061224489795917 0.7048300536672629 0.00816326530612245 0.0035778175313059034
0 0.7806122448979592 0.7039355992844365 0.014285714285714285 0.005366726296958855
0 0.3816326530612245 0.7030411449016101 0.012244897959183673 0.0035778175313059034
0 0.3551020408163265 0.7021466905187835 0.004081632653061225 0.0017889087656529517
0 0.47551020408163264 0.7012522361359571 0.0163265306122449 0.0035778175313059034
0 0.5224489795918368 0.7003577817531306 0.0163265306122449 0.005366726296958855
0 0.4969387755102041 0.6994633273703041 0.018367346938775512 0.0035778175313059034
0 0.8693877551020408 0.6994633273703041 0.036734693877551024 0.007155635062611807
0 0.02857142857142857 0.6976744186046512 0.012244897959183673 0.0035778175313059034
0 0.20612244897959184 0.6958855098389982 0.004081632653061225 0.0035778175313059034
0 0.15816326530612246 0.6958855098389982 0.018367346938775512 0.0035778175313059034
0 0.773469387755102 0.6940966010733453 0.00816326530612245 0.0035778175313059034
0 0.7520408163265306 0.6949910554561717 0.014285714285714285 0.005366726296958855
0 0.32857142857142857 0.6940966010733453 0.012244897959183673 0.0035778175313059034
0 0.30612244897959184 0.6932021466905188 0.0163265306122449 0.0017889087656529517
0 0.17857142857142858 0.6958855098389982 0.018367346938775512 0.007155635062611807
0 0.8734693877551021 0.6905187835420393 0.0163265306122449 0.0035778175313059034
0 0.47551020408163264 0.6905187835420393 0.00816326530612245 0.0035778175313059034
0 0.17755102040816326 0.686046511627907 0.00816326530612245 0.0017889087656529517
0 0.1540816326530612 0.686046511627907 0.006122448979591836 0.0017889087656529517
0 0.3 0.684257602862254 0.004081632653061225 0.0017889087656529517
0 0.2785714285714286 0.684257602862254 0.006122448979591836 0.0017889087656529517
0 0.8 0.682468694096601 0.012244897959183673 0.0017889087656529517
0 0.4714285714285714 0.6806797853309481 0.004081632653061225 0.0017889087656529517
0 0.42346938775510207 0.6815742397137746 0.05918367346938776 0.0035778175313059034
0 0.8530612244897959 0.686046511627907 0.07755102040816327 0.016100178890876567
0 0.5479591836734694 0.6797853309481217 0.014285714285714285 0.0035778175313059034
0 0.030612244897959183 0.6788908765652951 0.012244897959183673 0.0017889087656529517
0 0.5653061224489796 0.6788908765652951 0.012244897959183673 0.005366726296958855
0 0.1520408163265306 0.6771019677996423 0.01020408163265306 0.0017889087656529517
0 0.1 0.6771019677996423 0.012244897959183673 0.0017889087656529517
0 0.06326530612244897 0.6779964221824687 0.04081632653061224 0.0035778175313059034
0 0.27448979591836736 0.6753130590339893 0.014285714285714285 0.0017889087656529517
0 0.17755102040816326 0.6762075134168157 0.012244897959183673 0.0035778175313059034
0 0.24081632653061225 0.6753130590339893 0.04081632653061224 0.005366726296958855
0 0.789795918367347 0.6735241502683363 0.036734693877551024 0.005366726296958855
0 0.37551020408163266 0.6726296958855098 0.061224489795918366 0.0035778175313059034
0 0.49081632653061225 0.6699463327370304 0.014285714285714285 0.0017889087656529517
0 0.5244897959183673 0.6699463327370304 0.044897959183673466 0.005366726296958855
0 0.7969387755102041 0.6636851520572451 0.014285714285714285 0.0035778175313059034
0 0.1469387755102041 0.6601073345259392 0.00816326530612245 0.0035778175313059034
0 0.8551020408163266 0.6663685152057245 0.08163265306122448 0.01967799642218247
0 0.503061224489796 0.6520572450805009 0.0020408163265306124 0.0017889087656529517
0 0.3224489795918367 0.6135957066189625 0.00816326530612245 0.06082289803220036
0 0.29897959183673467 0.6046511627906976 0.006122448979591836 0.04293381037567084
0 0.35408163265306125 0.6127012522361359 0.026530612244897958 0.07334525939177101
0 0.3806122448979592 0.6082289803220036 0.01020408163265306 0.07513416815742398
0 0.376530612244898 0.4677996422182469 0.006122448979591836 0.005366726296958855
0 0.9744897959183674 0.41234347048300535 0.01020408163265306 0.03041144901610018
0 0.49081632653061225 0.5143112701252236 0.9816326530612245 0.2844364937388193
0 0.8336734693877551 0.3667262969588551 0.01020408163265306 0.0035778175313059034
0 0.8204081632653061 0.3667262969588551 0.00816326530612245 0.0035778175313059034
0 0.8469387755102041 0.3425760286225403 0.08571428571428572 0.055456171735241505
0 0.7816326530612245 0.3005366726296959 0.012244897959183673 0.0035778175313059034
0 0.8377551020408164 0.3041144901610018 0.0836734693877551 0.017889087656529516
0 0.7816326530612245 0.27996422182468694 0.0163265306122449 0.005366726296958855
0 0.8306122448979592 0.28354203935599287 0.07346938775510205 0.016100178890876567
0 0.7928571428571428 0.2701252236135957 0.006122448979591836 0.0035778175313059034
0 0.3448979591836735 0.2584973166368515 0.0163265306122449 0.0017889087656529517
0 0.3306122448979592 0.2584973166368515 0.00816326530612245 0.0017889087656529517
0 0.36428571428571427 0.25760286225402507 0.006122448979591836 0.0035778175313059034
0 0.5112244897959184 0.2549194991055456 0.0020408163265306124 0.0017889087656529517
0 0.6704081632653062 0.25313059033989266 0.014285714285714285 0.0017889087656529517
0 0.6520408163265307 0.25313059033989266 0.006122448979591836 0.0017889087656529517
0 0.6306122448979592 0.25402504472271914 0.0326530612244898 0.0035778175313059034
0 0.6030612244897959 0.25402504472271914 0.018367346938775512 0.0035778175313059034
0 0.563265306122449 0.25402504472271914 0.02857142857142857 0.0035778175313059034
0 0.40408163265306124 0.22808586762075134 0.09387755102040816 0.016100178890876567
0 0.9561224489795919 0.18604651162790697 0.05102040816326531 0.1073345259391771
0 0.4602040816326531 0.15026833631484796 0.9204081632653062 0.24686940966010734
0 0.5867346938775511 0.0008944543828264759 0.006122448979591836 0.0017889087656529517
0 0.44081632653061226 0.0017889087656529517 0.004081632653061225 0.0035778175313059034
0 0.42346938775510207 0.0017889087656529517 0.006122448979591836 0.0035778175313059034
0 0.37857142857142856 0.0017889087656529517 0.01020408163265306 0.0035778175313059034
