0 0.5949579831932773 0.9774696707105719 0.0033613445378151263 0.0034662045060658577
0 0.5260504201680672 0.9878682842287695 0.013445378151260505 0.024263431542461005
0 0.4546218487394958 0.9878682842287695 0.011764705882352941 0.024263431542461005
0 0.49327731092436977 0.987001733102253 0.02857142857142857 0.025996533795493933
0 0.6109243697478992 0.9731369150779896 0.0016806722689075631 0.0017331022530329288
0 0.8521008403361344 0.8388214904679376 0.020168067226890758 0.024263431542461005
0 0.8252100840336134 0.8362218370883883 0.023529411764705882 0.029462738301559793
0 0.7327731092436974 0.8353552859618717 0.020168067226890758 0.03119584055459272
0 0.7109243697478992 0.8353552859618717 0.020168067226890758 0.03119584055459272
0 0.5697478991596638 0.8327556325823223 0.010084033613445379 0.029462738301559793
0 0.534453781512605 0.8310225303292894 0.05378151260504202 0.03292894280762565
0 0.7075630252100841 0.8136915077989602 0.01680672268907563 0.005199306759098787
0 0.8495798319327731 0.8154246100519931 0.018487394957983194 0.022530329289428077
0 0.5058823529411764 0.8691507798960139 0.9882352941176471 0.12998266897746968
0 0.7596638655462185 0.7842287694974004 0.0033613445378151263 0.0017331022530329288
0 0.7210084033613445 0.7833622183708839 0.040336134453781515 0.01386481802426343
0 0.6697478991596638 0.7807625649913345 0.021848739495798318 0.008665511265164644
0 0.9176470588235294 0.7660311958405546 0.0033613445378151263 0.0034662045060658577
0 0.2991596638655462 0.7694974003466204 0.020168067226890758 0.010398613518197574
0 0.8042016806722689 0.8032928942807626 0.15630252100840336 0.09532062391681109
0 0.619327731092437 0.7998266897746967 0.18319327731092436 0.09878682842287695
0 0.8176470588235294 0.7469670710571924 0.021848739495798318 0.006932409012131715
0 0.7789915966386555 0.7461005199306759 0.031932773109243695 0.005199306759098787
0 0.6058823529411764 0.74263431542461 0.015126050420168067 0.008665511265164644
0 0.5831932773109244 0.7417677642980935 0.013445378151260505 0.006932409012131715
0 0.8563025210084033 0.7322357019064125 0.0016806722689075631 0.0017331022530329288
0 0.7411764705882353 0.7322357019064125 0.010084033613445379 0.005199306759098787
0 0.83109243697479 0.7339688041594454 0.018487394957983194 0.012131715771230503
0 0.7907563025210084 0.7322357019064125 0.021848739495798318 0.012131715771230503
0 0.6100840336134454 0.7270363951473137 0.0033613445378151263 0.005199306759098787
0 0.5857142857142857 0.7253032928942807 0.015126050420168067 0.012131715771230503
0 0.9361344537815126 0.7833622183708839 0.12773109243697478 0.1386481802426343
0 0.8403361344537815 0.7157712305025996 0.0067226890756302525 0.010398613518197574
0 0.8042016806722689 0.7149046793760832 0.011764705882352941 0.012131715771230503
0 0.8336134453781513 0.6923743500866552 0.013445378151260505 0.012131715771230503
0 0.8151260504201681 0.6915077989601387 0.010084033613445379 0.01386481802426343
0 0.13949579831932774 0.6871750433275563 0.02689075630252101 0.008665511265164644
0 0.11176470588235295 0.6689774696707106 0.03529411764705882 0.01386481802426343
0 0.08739495798319327 0.6559792027729636 0.01680672268907563 0.008665511265164644
0 0.819327731092437 0.6481802426343154 0.0016806722689075631 0.0034662045060658577
0 0.6277310924369748 0.6568457538994801 0.24369747899159663 0.03119584055459272
0 0.5 0.3925476603119584 1.0 0.7192374350086655
0 0.6235294117647059 0.03552859618717504 0.0033613445378151263 0.005199306759098787
0 0.5957983193277311 0.026863084922010397 0.0016806722689075631 0.0017331022530329288
0 0.5647058823529412 0.02512998266897747 0.0033613445378151263 0.005199306759098787
0 0.6453781512605042 0.01993067590987868 0.010084033613445379 0.03986135181975736
0 0.5899159663865546 0.005199306759098787 0.013445378151260505 0.010398613518197574
0 0.5605042016806723 0.006932409012131715 0.005042016806722689 0.01386481802426343
0 0.492436974789916 0.008665511265164644 0.0067226890756302525 0.01733102253032929
0 0.4495798319327731 0.00779896013864818 0.011764705882352941 0.01559792027729636
0 0.42436974789915966 0.006932409012131715 0.005042016806722689 0.01386481802426343
0 0.46302521008403363 0.018197573656845753 0.16302521008403362 0.036395147313691506
