0 0.9733727810650887 0.9025522041763341 0.05325443786982249 0.06496519721577726
0 0.6420118343195266 0.8793503480278422 0.07692307692307693 0.04176334106728538
0 0.636094674556213 0.8561484918793504 0.011834319526627219 0.004640371229698376
0 0.4556213017751479 0.91415313225058 0.863905325443787 0.1716937354988399
0 0.5118343195266272 0.8283062645011601 0.011834319526627219 0.004640371229698376
0 0.40236686390532544 0.8178654292343387 0.011834319526627219 0.0069605568445475635
0 0.6538461538461539 0.8097447795823666 0.005917159763313609 0.004640371229698376
0 0.5399408284023669 0.7900232018561485 0.020710059171597635 0.01160092807424594
0 0.4630177514792899 0.7946635730858469 0.05029585798816568 0.03480278422273782
0 0.20710059171597633 0.8225058004640371 0.35502958579881655 0.0951276102088167
0 0.7869822485207101 0.7784222737819025 0.21301775147928995 0.06728538283062645
0 0.9822485207100592 0.7494199535962877 0.03550295857988166 0.013921113689095127
0 0.8505917159763313 0.7180974477958236 0.0029585798816568047 0.002320185614849188
0 0.8328402366863905 0.7192575406032483 0.014792899408284023 0.004640371229698376
0 0.4319526627218935 0.7006960556844548 0.04142011834319527 0.004640371229698376
0 0.11982248520710059 0.6948955916473318 0.06804733727810651 0.0069605568445475635
0 0.8476331360946746 0.6948955916473318 0.026627218934911243 0.01160092807424594
0 0.19674556213017752 0.6902552204176334 0.008875739644970414 0.002320185614849188
0 0.22781065088757396 0.6879350348027842 0.023668639053254437 0.0069605568445475635
0 0.8062130177514792 0.6786542923433875 0.0029585798816568047 0.002320185614849188
0 0.1390532544378698 0.6705336426914154 0.011834319526627219 0.004640371229698376
0 0.2514792899408284 0.665893271461717 0.01775147928994083 0.004640371229698376
0 0.7662721893491125 0.6624129930394431 0.005917159763313609 0.002320185614849188
0 0.8062130177514792 0.660092807424594 0.05621301775147929 0.0069605568445475635
0 0.05325443786982249 0.6554524361948956 0.01775147928994083 0.0069605568445475635
0 0.10207100591715976 0.6519721577726219 0.05621301775147929 0.009280742459396751
0 0.8239644970414202 0.6368909512761021 0.026627218934911243 0.002320185614849188
0 0.735207100591716 0.6438515081206496 0.09171597633136094 0.016241299303944315
0 0.7130177514792899 0.622969837587007 0.13609467455621302 0.02088167053364269
0 0.47633136094674555 0.611368909512761 0.005917159763313609 0.002320185614849188
0 0.4393491124260355 0.6125290023201856 0.04437869822485207 0.009280742459396751
0 0.5606508875739645 0.6067285382830626 0.014792899408284023 0.0069605568445475635
0 0.9822485207100592 0.5556844547563805 0.03550295857988166 0.03944315545243619
0 0.0073964497041420114 0.574245939675174 0.014792899408284023 0.08584686774941995
0 0.5133136094674556 0.511600928074246 0.026627218934911243 0.0069605568445475635
0 0.4718934911242604 0.5638051044083526 0.8668639053254438 0.13921113689095127
0 0.20266272189349113 0.4953596287703016 0.0029585798816568047 0.002320185614849188
0 0.10946745562130178 0.4988399071925754 0.11834319526627218 0.009280742459396751
0 0.005917159763313609 0.4802784222737819 0.011834319526627219 0.004640371229698376
0 0.3905325443786982 0.4872389791183295 0.3431952662721893 0.02320185614849188
0 0.5798816568047337 0.4779582366589327 0.023668639053254437 0.009280742459396751
0 0.11094674556213018 0.4756380510440835 0.12721893491124261 0.013921113689095127
0 0.893491124260355 0.4605568445475638 0.005917159763313609 0.002320185614849188
0 0.742603550295858 0.46983758700696054 0.2781065088757396 0.02088167053364269
0 0.0029585798816568047 0.4582366589327146 0.005917159763313609 0.002320185614849188
0 0.39201183431952663 0.46403712296983757 0.39349112426035504 0.027842227378190254
0 0.10946745562130178 0.45359628770301624 0.1242603550295858 0.01160092807424594
0 0.6952662721893491 0.45011600928074247 0.17159763313609466 0.018561484918793503
0 0.8594674556213018 0.4396751740139211 0.09171597633136094 0.01160092807424594
0 0.3772189349112426 0.4431554524361949 0.3224852071005917 0.02320185614849188
0 0.5665680473372781 0.43387470997679817 0.038461538461538464 0.009280742459396751
0 0.10798816568047337 0.43155452436194897 0.12130177514792899 0.013921113689095127
0 0.6893491124260355 0.4280742459396752 0.1242603550295858 0.01160092807424594
0 0.8239644970414202 0.4211136890951276 0.008875739644970414 0.002320185614849188
0 0.7855029585798816 0.4222737819025522 0.014792899408284023 0.004640371229698376
0 0.856508875739645 0.41879350348027844 0.008875739644970414 0.002320185614849188
0 0.9940828402366864 0.41067285382830626 0.011834319526627219 0.004640371229698376
0 0.40236686390532544 0.4211136890951276 0.3668639053254438 0.025522041763341066
0 0.13313609467455623 0.4071925754060325 0.07692307692307693 0.01160092807424594
0 0.6849112426035503 0.4071925754060325 0.15088757396449703 0.016241299303944315
0 0.8431952662721893 0.40023201856148494 0.11834319526627218 0.01160092807424594
0 0.9881656804733728 0.3909512761020882 0.023668639053254437 0.0069605568445475635
0 0.39644970414201186 0.39675174013921116 0.378698224852071 0.027842227378190254
0 0.6908284023668639 0.3839907192575406 0.12721893491124261 0.016241299303944315
0 0.834319526627219 0.37819025522041766 0.14792899408284024 0.013921113689095127
0 0.9955621301775148 0.37122969837587005 0.008875739644970414 0.004640371229698376
0 0.005917159763313609 0.27262180974477956 0.011834319526627219 0.04408352668213457
0 0.0073964497041420114 0.22621809744779584 0.014792899408284023 0.016241299303944315
0 0.9896449704142012 0.2273781902552204 0.020710059171597635 0.060324825986078884
0 0.7588757396449705 0.27494199535962877 0.3165680473372781 0.1740139211136891
0 0.5650887573964497 0.1740139211136891 0.01775147928994083 0.004640371229698376
0 0.7292899408284024 0.16705336426914152 0.09171597633136094 0.027842227378190254
0 0.863905325443787 0.15777262180974477 0.07692307692307693 0.018561484918793503
0 0.09615384615384616 0.14501160092807425 0.020710059171597635 0.002320185614849188
0 0.650887573964497 0.16009280742459397 0.04142011834319527 0.05104408352668213
0 0.7263313609467456 0.14153132250580047 0.07988165680473373 0.018561484918793503
0 0.8624260355029586 0.1334106728538283 0.07988165680473373 0.0069605568445475635
0 0.6523668639053254 0.12877030162412992 0.020710059171597635 0.002320185614849188
0 0.5621301775147929 0.11948955916473318 0.04142011834319527 0.01160092807424594
0 0.7455621301775148 0.1148491879350348 0.11242603550295859 0.01160092807424594
0 0.8683431952662722 0.10904872389791183 0.09171597633136094 0.009280742459396751
0 0.8683431952662722 0.08584686774941995 0.09171597633136094 0.009280742459396751
0 0.7485207100591716 0.08816705336426914 0.10650887573964497 0.018561484918793503
0 0.35502958579881655 0.08004640371229699 0.005917159763313609 0.002320185614849188
0 0.08727810650887574 0.08004640371229699 0.008875739644970414 0.002320185614849188
0 0.21597633136094674 0.08120649651972157 0.047337278106508875 0.013921113689095127
0 0.6479289940828402 0.07308584686774942 0.005917159763313609 0.002320185614849188
0 0.35798816568047337 0.23201856148491878 0.621301775147929 0.32018561484918795
0 0.7218934911242604 0.06960556844547564 0.023668639053254437 0.009280742459396751
0 0.5591715976331361 0.06612529002320186 0.005917159763313609 0.002320185614849188
0 0.8476331360946746 0.06496519721577726 0.038461538461538464 0.004640371229698376
0 0.6479289940828402 0.052204176334106726 0.005917159763313609 0.002320185614849188
0 0.9985207100591716 0.0382830626450116 0.0029585798816568047 0.002320185614849188
0 0.4911242603550296 0.031322505800464036 0.863905325443787 0.06264501160092807
