0 0.9938837920489296 0.9976019184652278 0.012232415902140673 0.004796163069544364
0 0.4801223241590214 0.9532374100719424 0.8929663608562691 0.09352517985611511
0 0.5214067278287462 0.9016786570743405 0.009174311926605505 0.009592326139088728
0 0.47553516819571867 0.89568345323741 0.0030581039755351682 0.002398081534772182
0 0.4785932721712538 0.8812949640287769 0.0030581039755351682 0.002398081534772182
0 0.6100917431192661 0.9064748201438849 0.027522935779816515 0.0671462829736211
0 0.5795107033639144 0.9040767386091128 0.01529051987767584 0.0671462829736211
0 0.3241590214067278 0.8800959232613909 0.2691131498470948 0.09592326139088729
0 0.9831804281345565 0.8333333333333334 0.03363914373088685 0.07913669064748201
0 0.48623853211009177 0.8129496402877698 0.9113149847094801 0.09592326139088729
0 0.4525993883792049 0.749400479616307 0.024464831804281346 0.002398081534772182
0 0.7951070336391437 0.6822541966426858 0.0061162079510703364 0.002398081534772182
0 0.37920489296636084 0.6798561151079137 0.024464831804281346 0.002398081534772182
0 0.5107033639143731 0.6630695443645084 0.012232415902140673 0.002398081534772182
0 0.4831804281345566 0.6606714628297362 0.01834862385321101 0.002398081534772182
0 0.4877675840978593 0.6414868105515588 0.009174311926605505 0.002398081534772182
0 0.9862385321100917 0.5887290167865707 0.027522935779816515 0.08393285371702638
0 0.24617737003058104 0.5719424460431655 0.045871559633027525 0.06474820143884892
0 0.6238532110091743 0.5839328537170264 0.6299694189602446 0.09352517985611511
0 0.5290519877675841 0.5335731414868106 0.012232415902140673 0.002398081534772182
0 0.10397553516819572 0.564748201438849 0.1529051987767584 0.06474820143884892
0 0.9969418960244648 0.48201438848920863 0.0061162079510703364 0.004796163069544364
0 0.7522935779816514 0.473621103117506 0.3425076452599388 0.016786570743405275
0 0.40061162079510704 0.460431654676259 0.0672782874617737 0.004796163069544364
0 0.6253822629969419 0.4448441247002398 0.6146788990825688 0.03117505995203837
0 0.22018348623853212 0.4304556354916067 0.01834862385321101 0.007194244604316547
0 0.09938837920489296 0.42326139088729015 0.13761467889908258 0.011990407673860911
0 0.2415902140672783 0.4040767386091127 0.012232415902140673 0.002398081534772182
0 0.22477064220183487 0.4040767386091127 0.009174311926605505 0.002398081534772182
0 0.6238532110091743 0.4148681055155875 0.6116207951070336 0.02877697841726619
0 0.9954128440366973 0.40047961630695444 0.009174311926605505 0.004796163069544364
0 0.10550458715596331 0.3980815347721823 0.1559633027522936 0.014388489208633094
0 0.9862385321100917 0.2829736211031175 0.027522935779816515 0.21103117505995203
0 0.5856269113149847 0.27577937649880097 0.6941896024464832 0.2589928057553957
0 0.11467889908256881 0.2589928057553957 0.18654434250764526 0.2446043165467626
0 0.8837920489296636 0.10671462829736211 0.03058103975535168 0.002398081534772182
0 0.7813455657492355 0.10311750599520383 0.14984709480122324 0.009592326139088728
0 0.39755351681957185 0.08992805755395683 0.012232415902140673 0.002398081534772182
0 0.9051987767584098 0.08513189448441247 0.0061162079510703364 0.002398081534772182
0 0.6223241590214067 0.07434052757793765 0.5412844036697247 0.023980815347721823
0 0.6467889908256881 0.05515587529976019 0.009174311926605505 0.004796163069544364
0 0.6116207951070336 0.05515587529976019 0.03058103975535168 0.004796163069544364
0 0.4602446483180428 0.049160671462829736 0.09480122324159021 0.007194244604316547
0 0.45565749235474007 0.02877697841726619 0.01834862385321101 0.004796163069544364
0 0.4235474006116208 0.027577937649880094 0.009174311926605505 0.002398081534772182
