0 0.9954954954954955 0.9988235294117647 0.009009009009009009 0.002352941176470588
0 0.4894894894894895 0.9588235294117647 0.8768768768768769 0.08235294117647059
0 0.5285285285285285 0.9070588235294118 0.012012012012012012 0.011764705882352941
0 0.4864864864864865 0.9011764705882352 0.006006006006006006 0.009411764705882352
0 0.4894894894894895 0.888235294117647 0.006006006006006006 0.007058823529411765
0 0.6186186186186187 0.9117647058823529 0.03003003003003003 0.06823529411764706
0 0.5885885885885885 0.9094117647058824 0.018018018018018018 0.06823529411764706
0 0.33633633633633636 0.8870588235294118 0.26426426426426425 0.09411764705882353
0 0.9864864864864865 0.8423529411764706 0.02702702702702703 0.06588235294117648
0 0.12612612612612611 0.8 0.006006006006006006 0.004705882352941176
0 0.6531531531531531 0.8305882352941176 0.5915915915915916 0.07529411764705882
0 0.08258258258258258 0.7929411764705883 0.06906906906906907 0.01411764705882353
0 0.536036036036036 0.7705882352941177 0.003003003003003003 0.002352941176470588
0 0.45795795795795796 0.7694117647058824 0.10510510510510511 0.009411764705882352
0 0.6051051051051051 0.7623529411764706 0.02702702702702703 0.004705882352941176
0 0.575075075075075 0.7611764705882353 0.003003003003003003 0.002352941176470588
0 0.42042042042042044 0.7564705882352941 0.012012012012012012 0.002352941176470588
0 0.5315315315315315 0.7494117647058823 0.012012012012012012 0.002352941176470588
0 0.46096096096096095 0.7482352941176471 0.02702702702702703 0.004705882352941176
0 0.4369369369369369 0.7470588235294118 0.015015015015015015 0.002352941176470588
0 0.5930930930930931 0.7388235294117647 0.015015015015015015 0.004705882352941176
0 0.3948948948948949 0.7341176470588235 0.03903903903903904 0.004705882352941176
0 0.40540540540540543 0.7235294117647059 0.012012012012012012 0.002352941176470588
0 0.7642642642642643 0.7211764705882353 0.03303303303303303 0.002352941176470588
0 0.3858858858858859 0.7223529411764706 0.021021021021021023 0.004705882352941176
0 0.5915915915915916 0.7176470588235294 0.018018018018018018 0.004705882352941176
0 0.536036036036036 0.7047058823529412 0.009009009009009009 0.002352941176470588
0 0.521021021021021 0.7047058823529412 0.003003003003003003 0.002352941176470588
0 0.42492492492492495 0.7023529411764706 0.009009009009009009 0.002352941176470588
0 0.7567567567567568 0.6988235294117647 0.1021021021021021 0.004705882352941176
0 0.39039039039039036 0.7047058823529412 0.036036036036036036 0.01647058823529412
0 0.5870870870870871 0.6952941176470588 0.009009009009009009 0.002352941176470588
0 0.536036036036036 0.6835294117647058 0.021021021021021023 0.002352941176470588
0 0.5045045045045045 0.6611764705882353 0.036036036036036036 0.004705882352941176
0 0.45795795795795796 0.66 0.003003003003003003 0.002352941176470588
0 0.21021021021021022 0.6552941176470588 0.012012012012012012 0.002352941176470588
0 0.2897897897897898 0.62 0.009009009009009009 0.011764705882352941
0 0.9924924924924925 0.6082352941176471 0.015015015015015015 0.07764705882352942
0 0.6531531531531531 0.6 0.5855855855855856 0.0988235294117647
0 0.7342342342342343 0.5435294117647059 0.03903903903903904 0.004705882352941176
0 0.5225225225225225 0.54 0.006006006006006006 0.002352941176470588
0 0.3948948948948949 0.5376470588235294 0.003003003003003003 0.002352941176470588
0 0.1906906906906907 0.5341176470588235 0.05105105105105105 0.009411764705882352
0 0.13663663663663664 0.571764705882353 0.1891891891891892 0.12705882352941175
0 0.12162162162162163 0.4964705882352941 0.015015015015015015 0.004705882352941176
0 0.08108108108108109 0.4964705882352941 0.018018018018018018 0.009411764705882352
0 0.6561561561561562 0.49529411764705883 0.5615615615615616 0.021176470588235293
0 0.6156156156156156 0.47058823529411764 0.012012012012012012 0.004705882352941176
0 0.49099099099099097 0.46588235294117647 0.23123123123123124 0.01411764705882353
0 0.6531531531531531 0.4423529411764706 0.5615615615615616 0.018823529411764704
0 0.13513513513513514 0.45176470588235296 0.18618618618618618 0.06588235294117648
0 0.2927927927927928 0.41058823529411764 0.02702702702702703 0.011764705882352941
0 0.996996996996997 0.39294117647058824 0.006006006006006006 0.018823529411764704
0 0.22822822822822822 0.33176470588235296 0.018018018018018018 0.02823529411764706
0 0.6501501501501501 0.2988235294117647 0.5735735735735735 0.25882352941176473
0 0.13813813813813813 0.28352941176470586 0.2042042042042042 0.27058823529411763
0 0.1966966966966967 0.14 0.02702702702702703 0.007058823529411765
0 0.13063063063063063 0.1376470588235294 0.09309309309309309 0.011764705882352941
0 0.13813813813813813 0.12705882352941175 0.006006006006006006 0.004705882352941176
0 0.0945945945945946 0.12588235294117647 0.009009009009009009 0.002352941176470588
0 0.9009009009009009 0.12470588235294118 0.018018018018018018 0.004705882352941176
0 0.1996996996996997 0.1188235294117647 0.015015015015015015 0.007058823529411765
0 0.12612612612612611 0.11764705882352941 0.06006006006006006 0.009411764705882352
0 0.2012012012012012 0.10705882352941176 0.03003003003003003 0.007058823529411765
0 0.1921921921921922 0.09058823529411765 0.024024024024024024 0.01647058823529412
0 0.7327327327327328 0.07882352941176471 0.006006006006006006 0.002352941176470588
0 0.7072072072072072 0.07882352941176471 0.015015015015015015 0.002352941176470588
0 0.1036036036036036 0.09294117647058824 0.09309309309309309 0.03529411764705882
0 0.5405405405405406 0.07294117647058823 0.07207207207207207 0.004705882352941176
0 0.4954954954954955 0.07294117647058823 0.012012012012012012 0.004705882352941176
0 0.45345345345345345 0.07058823529411765 0.042042042042042045 0.004705882352941176
0 0.4024024024024024 0.07058823529411765 0.03003003003003003 0.004705882352941176
0 0.1966966966966967 0.06470588235294118 0.03303303303303303 0.007058823529411765
0 0.16216216216216217 0.06352941176470588 0.012012012012012012 0.004705882352941176
0 0.7072072072072072 0.05764705882352941 0.015015015015015015 0.002352941176470588
0 0.0990990990990991 0.0611764705882353 0.08408408408408409 0.009411764705882352
0 0.5720720720720721 0.05411764705882353 0.015015015015015015 0.004705882352941176
0 0.5420420420420421 0.05411764705882353 0.03903903903903904 0.004705882352941176
0 0.4159159159159159 0.04941176470588235 0.03903903903903904 0.004705882352941176
0 0.10510510510510511 0.041176470588235294 0.06006006006006006 0.007058823529411765
0 0.10960960960960961 0.02 0.07507507507507508 0.011764705882352941
0 0.0990990990990991 0.00823529411764706 0.024024024024024024 0.002352941176470588
0 0.2147147147147147 0.0035294117647058825 0.15915915915915915 0.007058823529411765
