0 0.5747663551401869 0.9796610169491525 0.08411214953271028 0.04067796610169491
0 0.11370716510903427 0.8271186440677966 0.1526479750778816 0.13559322033898305
0 0.2757009345794392 0.676271186440678 0.021806853582554516 0.023728813559322035
0 0.7866043613707165 0.5711864406779661 0.0529595015576324 0.04406779661016949
0 0.056074766355140186 0.5559322033898305 0.04361370716510903 0.08135593220338982
0 0.7866043613707165 0.5186440677966102 0.06542056074766354 0.04745762711864407
0 0.8286604361370716 0.47966101694915253 0.006230529595015576 0.003389830508474576
0 0.06853582554517133 0.46440677966101696 0.06853582554517133 0.06779661016949153
0 0.003115264797507788 0.4559322033898305 0.006230529595015576 0.12542372881355932
0 0.1526479750778816 0.4067796610169492 0.06853582554517133 0.07457627118644068
0 0.5 0.5389830508474577 1.0 0.9220338983050848
0 0.3925233644859813 0.020338983050847456 0.006230529595015576 0.013559322033898305
0 0.6277258566978193 0.011864406779661017 0.01557632398753894 0.010169491525423728
0 0.3613707165109034 0.01864406779661017 0.012461059190031152 0.030508474576271188
0 0.46261682242990654 0.013559322033898305 0.01557632398753894 0.02711864406779661
