0 0.572347266881029 0.9850498338870431 0.003215434083601286 0.006644518272425249
0 0.5056270096463023 0.9908637873754153 0.014469453376205787 0.018272425249169437
0 0.4734726688102894 0.9900332225913622 0.03054662379421222 0.019933554817275746
0 0.4364951768488746 0.9900332225913622 0.014469453376205787 0.019933554817275746
0 0.5884244372990354 0.9800664451827242 0.006430868167202572 0.0033222591362126247
0 0.9823151125401929 0.7416943521594684 0.022508038585209004 0.0049833887043189366
0 0.04662379421221865 0.7200996677740864 0.003215434083601286 0.0016611295681063123
0 0.01929260450160772 0.7200996677740864 0.003215434083601286 0.0016611295681063123
0 0.9831189710610932 0.686046511627907 0.02090032154340836 0.006644518272425249
0 0.9847266881028939 0.6769102990033222 0.001607717041800643 0.0016611295681063123
0 0.452572347266881 0.6735880398671097 0.001607717041800643 0.0016611295681063123
0 0.454983922829582 0.6810631229235881 0.08360128617363344 0.023255813953488372
0 0.4541800643086817 0.6428571428571429 0.04340836012861737 0.026578073089700997
0 0.5040192926045016 0.5622923588039868 0.017684887459807074 0.03488372093023256
0 0.9734726688102894 0.3712624584717608 0.001607717041800643 0.0016611295681063123
0 0.9758842443729904 0.35299003322259137 0.00964630225080386 0.0049833887043189366
0 0.053858520900321546 0.35299003322259137 0.00482315112540193 0.0049833887043189366
0 0.05466237942122187 0.3430232558139535 0.003215434083601286 0.0016611295681063123
0 0.9839228295819936 0.3372093023255814 0.028938906752411574 0.013289036544850499
0 0.9831189710610932 0.32558139534883723 0.02090032154340836 0.006644518272425249
0 0.053858520900321546 0.3230897009966777 0.00482315112540193 0.0049833887043189366
0 0.9790996784565916 0.3164451827242525 0.01607717041800643 0.0049833887043189366
0 0.053858520900321546 0.31561461794019935 0.00482315112540193 0.006644518272425249
0 0.9807073954983923 0.3064784053156146 0.01607717041800643 0.0049833887043189366
0 0.05707395498392283 0.3014950166112957 0.014469453376205787 0.014950166112956811
0 0.0819935691318328 0.2865448504983389 0.00964630225080386 0.0049833887043189366
0 0.03376205787781351 0.2782392026578073 0.003215434083601286 0.0016611295681063123
0 0.08360128617363344 0.27740863787375414 0.006430868167202572 0.0033222591362126247
0 0.5 0.49750830564784054 1.0 0.8787375415282392
0 0.9967845659163987 0.05564784053156146 0.006430868167202572 0.011627906976744186
0 0.5715434083601286 0.04152823920265781 0.008038585209003215 0.0033222591362126247
0 0.5908360128617364 0.03737541528239203 0.008038585209003215 0.008305647840531562
0 0.5667202572347267 0.020764119601328904 0.001607717041800643 0.0016611295681063123
0 0.5570739549839229 0.02159468438538206 0.008038585209003215 0.013289036544850499
0 0.5844051446945338 0.008305647840531562 0.00482315112540193 0.0033222591362126247
0 0.5659163987138264 0.008305647840531562 0.003215434083601286 0.0033222591362126247
0 0.6406752411575563 0.026578073089700997 0.011254019292604502 0.053156146179401995
0 0.6205787781350482 0.026578073089700997 0.00964630225080386 0.053156146179401995
0 0.5940514469453376 0.014119601328903655 0.014469453376205787 0.02823920265780731
0 0.5562700964630225 0.004152823920265781 0.006430868167202572 0.008305647840531562
0 0.4887459807073955 0.01744186046511628 0.01607717041800643 0.03488372093023256
0 0.4533762057877814 0.018272425249169437 0.02572347266881029 0.036544850498338874
0 0.4180064308681672 0.01744186046511628 0.01607717041800643 0.03488372093023256
0 0.4590032154340836 0.026578073089700997 0.16559485530546625 0.053156146179401995
