0 0.5421511627906976 0.9990196078431373 0.0029069767441860465 0.00196078431372549
0 0.5523255813953488 0.9774509803921568 0.0029069767441860465 0.0058823529411764705
0 0.3640988372093023 0.9872549019607844 0.015988372093023256 0.025490196078431372
0 0.4375 0.9862745098039216 0.01744186046511628 0.027450980392156862
0 0.4004360465116279 0.9862745098039216 0.024709302325581394 0.027450980392156862
0 0.5065406976744186 0.984313725490196 0.007267441860465116 0.03137254901960784
0 0.5218023255813954 0.9666666666666667 0.00872093023255814 0.00784313725490196
0 0.5915697674418605 0.9725490196078431 0.014534883720930232 0.054901960784313725
0 0.407703488372093 0.9725490196078431 0.17005813953488372 0.054901960784313725
0 0.5734011627906976 0.9715686274509804 0.010174418604651164 0.056862745098039215
0 0.938953488372093 0.7352941176470589 0.011627906976744186 0.00392156862745098
0 0.9484011627906976 0.7225490196078431 0.007267441860465116 0.00196078431372549
0 0.9433139534883721 0.7098039215686275 0.02616279069767442 0.00392156862745098
0 0.0029069767441860465 0.707843137254902 0.005813953488372093 0.00392156862745098
0 0.9425872093023255 0.696078431372549 0.027616279069767442 0.00392156862745098
0 0.00436046511627907 0.6813725490196079 0.00872093023255814 0.0058823529411764705
0 0.9847383720930233 0.6696078431372549 0.015988372093023256 0.0058823529411764705
0 0.00436046511627907 0.657843137254902 0.00872093023255814 0.0058823529411764705
0 0.9418604651162791 0.6480392156862745 0.029069767441860465 0.00980392156862745
0 0.002180232558139535 0.6333333333333333 0.00436046511627907 0.00392156862745098
0 0.02252906976744186 0.615686274509804 0.007267441860465116 0.00392156862745098
0 0.00436046511627907 0.6166666666666667 0.00872093023255814 0.0058823529411764705
0 0.9469476744186046 0.6107843137254902 0.03343023255813953 0.0058823529411764705
0 0.9847383720930233 0.5843137254901961 0.007267441860465116 0.00392156862745098
0 0.5864825581395349 0.008823529411764706 0.0014534883720930232 0.0058823529411764705
0 0.5 0.4588235294117647 1.0 0.9176470588235294
0 0.6068313953488372 0.004901960784313725 0.007267441860465116 0.00980392156862745
0 0.4273255813953488 0.010784313725490196 0.16279069767441862 0.021568627450980392
