0 0.5402597402597402 0.9961977186311787 0.01038961038961039 0.0076045627376425855
0 0.2701298701298701 0.9942965779467681 0.03116883116883117 0.011406844106463879
0 0.3220779220779221 0.9923954372623575 0.03636363636363636 0.015209125475285171
0 0.38181818181818183 0.9904942965779467 0.02077922077922078 0.019011406844106463
0 0.5545454545454546 0.9752851711026616 0.007792207792207792 0.011406844106463879
0 0.4922077922077922 0.9847908745247148 0.012987012987012988 0.030418250950570342
0 0.5155844155844156 0.9657794676806084 0.01818181818181818 0.015209125475285171
0 0.33116883116883117 0.9714828897338403 0.2675324675324675 0.057034220532319393
0 0.4961038961038961 0.03802281368821293 0.015584415584415584 0.0076045627376425855
0 0.4883116883116883 0.46387832699619774 0.9766233766233766 0.8973384030418251
0 0.5753246753246753 0.02091254752851711 0.13246753246753246 0.04182509505703422
0 0.548051948051948 0.005703422053231939 0.025974025974025976 0.011406844106463879
0 0.5012987012987012 0.0076045627376425855 0.025974025974025976 0.015209125475285171
0 0.4792207792207792 0.005703422053231939 0.007792207792207792 0.011406844106463879
0 0.36753246753246754 0.0019011406844106464 0.0025974025974025974 0.0038022813688212928
0 0.32987012987012987 0.026615969581749048 0.2961038961038961 0.053231939163498096
