0 0.49872122762148335 0.9981203007518797 0.005115089514066497 0.0037593984962406013
0 0.2340153452685422 0.9943609022556391 0.03324808184143223 0.011278195488721804
0 0.2851662404092072 0.9924812030075187 0.03324808184143223 0.015037593984962405
0 0.34271099744245526 0.9906015037593985 0.020460358056265986 0.018796992481203006
0 0.5153452685421995 0.9774436090225563 0.0025575447570332483 0.007518796992481203
0 0.45268542199488493 0.9868421052631579 0.010230179028132993 0.02631578947368421
0 0.4782608695652174 0.9680451127819549 0.010230179028132993 0.011278195488721804
0 0.17902813299232737 0.981203007518797 0.020460358056265986 0.03759398496240601
0 0.5153452685421995 0.02819548872180451 0.0076726342710997444 0.0037593984962406013
0 0.489769820971867 0.02819548872180451 0.0076726342710997444 0.0037593984962406013
0 0.4718670076726343 0.462406015037594 0.9437340153452686 0.8872180451127819
0 0.989769820971867 0.4191729323308271 0.020460358056265986 0.8082706766917294
0 0.5767263427109974 0.015037593984962405 0.0639386189258312 0.03007518796992481
0 0.5242966751918159 0.0018796992481203006 0.005115089514066497 0.0037593984962406013
0 0.510230179028133 0.0018796992481203006 0.01278772378516624 0.0037593984962406013
0 0.4718670076726343 0.0037593984962406013 0.028132992327365727 0.007518796992481203
0 0.45012787723785164 0.0018796992481203006 0.005115089514066497 0.0037593984962406013
0 0.2979539641943734 0.020676691729323307 0.28388746803069054 0.041353383458646614
