0 0.029661016949152543 0.7975206611570248 0.059322033898305086 0.18181818181818182
0 0.011299435028248588 0.6962809917355371 0.005649717514124294 0.012396694214876033
0 0.009887005649717515 0.6797520661157025 0.002824858757062147 0.004132231404958678
0 0.5 0.5082644628099173 1.0 0.8347107438016529
0 0.6638418079096046 0.07644628099173553 0.022598870056497175 0.012396694214876033
0 0.6271186440677966 0.07644628099173553 0.01694915254237288 0.012396694214876033
0 0.6426553672316384 0.05578512396694215 0.014124293785310734 0.02066115702479339
0 0.6101694915254238 0.05165289256198347 0.03389830508474576 0.05371900826446281
0 0.7245762711864406 0.05371900826446281 0.05367231638418079 0.10743801652892562
0 0.673728813559322 0.004132231404958678 0.00847457627118644 0.008264462809917356
0 0.6454802259887006 0.010330578512396695 0.00847457627118644 0.02066115702479339
0 0.597457627118644 0.02066115702479339 0.00847457627118644 0.04132231404958678
0 0.4887005649717514 0.03305785123966942 0.02824858757062147 0.06611570247933884
0 0.4279661016949153 0.03512396694214876 0.0423728813559322 0.07024793388429752
0 0.3728813559322034 0.03512396694214876 0.03954802259887006 0.07024793388429752
0 0.4378531073446328 0.05991735537190083 0.2824858757062147 0.11983471074380166
