0 0.5031298904538342 0.9985808893093662 0.004694835680751174 0.002838221381267739
0 0.5195618153364632 0.9976348155156102 0.01564945226917058 0.004730368968779565
0 0.4624413145539906 0.9924314096499527 0.2676056338028169 0.015137180700094607
0 0.20422535211267606 0.8533585619678334 0.004694835680751174 0.001892147587511826
0 0.3403755868544601 0.8462630085146642 0.001564945226917058 0.000946073793755913
0 0.3317683881064163 0.8462630085146642 0.003129890453834116 0.000946073793755913
0 0.17762128325508608 0.8472090823084201 0.010954616588419406 0.002838221381267739
0 0.15023474178403756 0.8424787133396405 0.006259780907668232 0.000946073793755913
0 0.8035993740219093 0.8396404919583728 0.001564945226917058 0.000946073793755913
0 0.12832550860719874 0.836329233680227 0.012519561815336464 0.001892147587511826
0 0.0297339593114241 0.836329233680227 0.0594679186228482 0.013245033112582781
0 0.23552425665101723 0.8202459791863765 0.010954616588419406 0.001892147587511826
0 0.11267605633802817 0.8207190160832545 0.02190923317683881 0.002838221381267739
0 0.08841940532081377 0.8207190160832545 0.017214397496087636 0.002838221381267739
0 0.01643192488262911 0.8240302743614002 0.03286384976525822 0.00946073793755913
0 0.2589984350547731 0.8192999053926207 0.00782472613458529 0.001892147587511826
0 0.004694835680751174 0.815515610217597 0.009389671361502348 0.001892147587511826
0 0.25821596244131456 0.8140964995269631 0.006259780907668232 0.000946073793755913
0 0.28169014084507044 0.8136234626300851 0.03442879499217527 0.001892147587511826
0 0.3364632237871675 0.8126773888363292 0.01564945226917058 0.003784295175023652
0 0.23082942097026604 0.8084200567644276 0.001564945226917058 0.000946073793755913
0 0.09311424100156494 0.8122043519394513 0.07981220657276995 0.008514664143803218
0 0.3223787167449139 0.8079470198675497 0.025039123630672927 0.001892147587511826
0 0.2965571205007825 0.8079470198675497 0.00782472613458529 0.001892147587511826
0 0.22535211267605634 0.8032166508987701 0.009389671361502348 0.001892147587511826
0 0.2949921752738654 0.8022705771050141 0.017214397496087636 0.001892147587511826
0 0.17683881064162754 0.7980132450331126 0.06572769953051644 0.002838221381267739
0 0.4045383411580595 0.7961210974456008 0.004694835680751174 0.000946073793755913
0 0.3951486697965571 0.7961210974456008 0.00782472613458529 0.000946073793755913
0 0.3732394366197183 0.7965941343424787 0.0297339593114241 0.001892147587511826
0 0.12754303599374023 0.7928098391674551 0.00782472613458529 0.001892147587511826
0 0.11502347417840375 0.7928098391674551 0.004694835680751174 0.001892147587511826
0 0.15884194053208137 0.7923368022705771 0.051643192488262914 0.002838221381267739
0 0.22769953051643194 0.7866603595080416 0.001564945226917058 0.000946073793755913
0 0.13536776212832552 0.7876064333017976 0.057902973395931145 0.002838221381267739
0 0.07981220657276995 0.7904446546830652 0.050078247261345854 0.008514664143803218
0 0.1267605633802817 0.781929990539262 0.012519561815336464 0.000946073793755913
0 0.10406885758998435 0.781929990539262 0.02034428794992175 0.000946073793755913
0 0.06103286384976526 0.7828760643330179 0.02190923317683881 0.002838221381267739
0 0.19483568075117372 0.7809839167455062 0.001564945226917058 0.000946073793755913
0 0.10328638497652583 0.7771996215704825 0.025039123630672927 0.002838221381267739
0 0.16901408450704225 0.7757805108798487 0.012519561815336464 0.001892147587511826
0 0.9984350547730829 0.7455061494796594 0.003129890453834116 0.001892147587511826
0 0.1111111111111111 0.6811731315042573 0.2222222222222222 0.1759697256385998
0 0.431924882629108 0.5912961210974456 0.012519561815336464 0.001892147587511826
0 0.41784037558685444 0.5912961210974456 0.006259780907668232 0.001892147587511826
0 0.08215962441314555 0.5912961210974456 0.026604068857589983 0.001892147587511826
0 0.05242566510172144 0.5912961210974456 0.026604068857589983 0.001892147587511826
0 0.11658841940532082 0.5912961210974456 0.023474178403755867 0.003784295175023652
0 0.24491392801251957 0.5898770104068117 0.04225352112676056 0.002838221381267739
0 0.1784037558685446 0.5898770104068117 0.009389671361502348 0.002838221381267739
0 0.40375586854460094 0.5794701986754967 0.025039123630672927 0.002838221381267739
0 0.49295774647887325 0.5789971617786187 0.07198748043818466 0.005676442762535478
0 0.10954616588419405 0.5785241248817408 0.20031298904538342 0.008514664143803218
0 0.26291079812206575 0.5785241248817408 0.10015649452269171 0.010406811731315043
0 0.672926447574335 0.5747398297067171 0.26917057902973396 0.014191106906338695
0 0.38028169014084506 0.5676442762535477 0.02190923317683881 0.001892147587511826
0 0.12910798122065728 0.5671712393566698 0.004694835680751174 0.000946073793755913
0 0.06416275430359937 0.5681173131504257 0.10641627543035993 0.004730368968779565
0 0.47417840375586856 0.5676442762535477 0.07198748043818466 0.005676442762535478
0 0.19483568075117372 0.564333017975402 0.010954616588419406 0.000946073793755913
0 0.2809076682316119 0.5676442762535477 0.11424100156494522 0.00946073793755913
0 0.49608763693270735 0.7696310312204352 0.9921752738654147 0.4153263954588458
0 0.10015649452269171 0.5577105014191107 0.006259780907668232 0.000946073793755913
0 0.6697965571205008 0.5633869441816461 0.29107981220657275 0.014191106906338695
0 0.4350547730829421 0.5577105014191107 0.02190923317683881 0.002838221381267739
0 0.2895148669796557 0.5586565752128666 0.10015649452269171 0.004730368968779565
0 0.04929577464788732 0.5572374645222328 0.04225352112676056 0.001892147587511826
0 0.4694835680751174 0.5572374645222328 0.03755868544600939 0.003784295175023652
0 0.8951486697965572 0.5567644276253548 0.08763693270735524 0.008514664143803218
0 0.176056338028169 0.5501419110690634 0.004694835680751174 0.000946073793755913
0 0.19718309859154928 0.5501419110690634 0.02190923317683881 0.002838221381267739
0 0.1596244131455399 0.5501419110690634 0.01564945226917058 0.002838221381267739
0 0.13771517996870108 0.5491958372753075 0.003129890453834116 0.000946073793755913
0 0.8317683881064163 0.5487228003784295 0.02034428794992175 0.003784295175023652
0 0.6643192488262911 0.5529801324503312 0.3082942097026604 0.01229895931882687
0 0.28325508607198746 0.5491958372753075 0.14710485133020346 0.006622516556291391
0 0.06259780907668232 0.5473036896877956 0.03129890453834116 0.004730368968779565
0 0.43114241001564946 0.5468306527909177 0.07981220657276995 0.005676442762535478
0 0.9021909233176839 0.5463576158940397 0.07668231611893583 0.006622516556291391
0 0.1596244131455399 0.5439924314096499 0.006259780907668232 0.001892147587511826
0 0.6744913928012519 0.5416272469252602 0.3599374021909233 0.01608325449385052
0 0.2597809076682316 0.5378429517502366 0.37245696400625977 0.008514664143803218
0 0.027386541471048513 0.5340586565752129 0.00782472613458529 0.000946073793755913
0 0.1651017214397496 0.532639545884579 0.00782472613458529 0.001892147587511826
0 0.014084507042253521 0.5274361400189215 0.006259780907668232 0.000946073793755913
0 0.30438184663536777 0.5255439924314097 0.001564945226917058 0.000946073793755913
0 0.24960876369327073 0.5264900662251656 0.06103286384976526 0.004730368968779565
0 0.14241001564945227 0.5264900662251656 0.07198748043818466 0.004730368968779565
0 0.3599374021909233 0.5255439924314097 0.10641627543035993 0.006622516556291391
0 0.6713615023474179 0.5293282876064334 0.3974960876369327 0.017975402081362345
0 0.01643192488262911 0.522232734153264 0.00782472613458529 0.003784295175023652
0 0.041471048513302036 0.521759697256386 0.03286384976525822 0.004730368968779565
0 0.9131455399061033 0.5283822138126774 0.07042253521126761 0.023651844843897825
0 0.5766823161189358 0.52081362346263 0.25821596244131456 0.01229895931882687
0 0.2981220657276995 0.5156102175969726 0.04225352112676056 0.003784295175023652
0 0.7386541471048513 0.5156102175969726 0.053208137715179966 0.005676442762535478
0 0.3442879499217527 0.5141911069063387 0.04381846635367762 0.004730368968779565
0 0.176056338028169 0.5118259224219489 0.014084507042253521 0.001892147587511826
0 0.06729264475743349 0.5127719962157048 0.025039123630672927 0.003784295175023652
0 0.827073552425665 0.5127719962157048 0.107981220657277 0.00946073793755913
0 0.6635367762128326 0.5066225165562914 0.003129890453834116 0.000946073793755913
0 0.27386541471048514 0.5094607379375591 0.028169014084507043 0.006622516556291391
0 0.9241001564945227 0.5099337748344371 0.04538341158059468 0.011352885525070956
0 0.23943661971830985 0.5085146641438032 0.025039123630672927 0.008514664143803218
0 0.6784037558685446 0.5052034058656575 0.017214397496087636 0.003784295175023652
0 0.6189358372456965 0.489120151371807 0.004694835680751174 0.001892147587511826
0 0.6932707355242567 0.47303689687795647 0.01564945226917058 0.011352885525070956
0 0.960093896713615 0.3869441816461684 0.004694835680751174 0.02270577105014191
0 0.9663536776212832 0.31362346263008517 0.00782472613458529 0.023651844843897825
0 0.9694835680751174 0.293282876064333 0.004694835680751174 0.003784295175023652
0 0.027386541471048513 0.28807947019867547 0.001564945226917058 0.000946073793755913
0 0.4045383411580595 0.28807947019867547 0.023474178403755867 0.006622516556291391
0 0.6267605633802817 0.28807947019867547 0.3114241001564945 0.008514664143803218
0 0.9233176838810642 0.3930936613055818 0.08450704225352113 0.22043519394512773
0 0.7198748043818466 0.27341532639545885 0.003129890453834116 0.001892147587511826
0 0.5790297339593115 0.27625354777672656 0.24726134585289514 0.007568590350047304
0 0.41158059467918623 0.27625354777672656 0.03755868544600939 0.007568590350047304
0 0.8004694835680751 0.27483443708609273 0.026604068857589983 0.006622516556291391
0 0.7543035993740219 0.27483443708609273 0.053208137715179966 0.006622516556291391
0 0.8873239436619719 0.2738883632923368 0.053208137715179966 0.006622516556291391
0 0.564945226917058 0.26442762535477765 0.18466353677621283 0.006622516556291391
0 0.460093896713615 0.3883632923368023 0.92018779342723 0.25449385052034057
0 0.8176838810641628 0.2625354777672658 0.017214397496087636 0.004730368968779565
0 0.7378716744913928 0.26348155156102177 0.13302034428794993 0.006622516556291391
0 0.878716744913928 0.2625354777672658 0.07042253521126761 0.006622516556291391
0 0.061815336463223784 0.2596972563859981 0.03286384976525822 0.002838221381267739
0 0.6737089201877934 0.2507095553453169 0.004694835680751174 0.001892147587511826
0 0.6025039123630673 0.2521286660359508 0.012519561815336464 0.004730368968779565
0 0.24021909233176839 0.2535477767265847 0.4522691705790297 0.007568590350047304
0 0.6424100156494522 0.2521286660359508 0.048513302034428794 0.006622516556291391
0 0.5461658841940532 0.25260170293282874 0.09702660406885759 0.007568590350047304
0 0.7425665101721439 0.25165562913907286 0.1267605633802817 0.007568590350047304
0 0.8685446009389671 0.2507095553453169 0.09076682316118936 0.007568590350047304
0 0.061815336463223784 0.24739829706717123 0.004694835680751174 0.000946073793755913
0 0.0406885758998435 0.24077578051087986 0.025039123630672927 0.002838221381267739
0 0.5438184663536776 0.2403027436140019 0.014084507042253521 0.003784295175023652
0 0.905320813771518 0.23793755912961212 0.00782472613458529 0.000946073793755913
0 0.7355242566510172 0.23982970671712395 0.03755868544600939 0.004730368968779565
0 0.2715179968701095 0.24077578051087986 0.433489827856025 0.006622516556291391
0 0.5774647887323944 0.23935666982024598 0.03442879499217527 0.005676442762535478
0 0.6447574334898278 0.23888363292336803 0.0594679186228482 0.006622516556291391
0 0.8497652582159625 0.23841059602649006 0.09076682316118936 0.007568590350047304
0 0.37715179968701096 0.23415326395458846 0.01564945226917058 0.000946073793755913
0 0.04773082942097027 0.22847682119205298 0.010954616588419406 0.000946073793755913
0 0.30907668231611896 0.228003784295175 0.4303599374021909 0.007568590350047304
0 0.647887323943662 0.22658467360454115 0.13458528951486698 0.006622516556291391
0 0.823943661971831 0.2261116367076632 0.13615023474178403 0.007568590350047304
0 0.16823161189358374 0.21807000946073793 0.001564945226917058 0.000946073793755913
0 0.14006259780907668 0.21712393566698202 0.010954616588419406 0.002838221381267739
0 0.051643192488262914 0.21665089877010407 0.025039123630672927 0.001892147587511826
0 0.21205007824726135 0.21665089877010407 0.07042253521126761 0.003784295175023652
0 0.6525821596244131 0.21475875118259224 0.003129890453834116 0.001892147587511826
0 0.5821596244131455 0.21381267738883633 0.028169014084507043 0.003784295175023652
0 0.4491392801251956 0.21475875118259224 0.22535211267605634 0.005676442762535478
0 0.7965571205007824 0.21333964049195836 0.24413145539906103 0.008514664143803218
0 0.05555555555555555 0.20624408703878902 0.026604068857589983 0.001892147587511826
0 0.31533646322378717 0.1816461684011353 0.004694835680751174 0.001892147587511826
0 0.16901408450704225 0.17265846736045412 0.009389671361502348 0.006622516556291391
0 0.42018779342723006 0.14947965941343425 0.001564945226917058 0.001892147587511826
0 0.47339593114241 0.1140018921475875 0.00782472613458529 0.006622516556291391
0 0.5023474178403756 0.09933774834437085 0.009389671361502348 0.003784295175023652
0 0.14710485133020346 0.0879848628192999 0.006259780907668232 0.007568590350047304
0 0.6525821596244131 0.08088930936613056 0.003129890453834116 0.000946073793755913
0 0.7151799687010955 0.0695364238410596 0.006259780907668232 0.002838221381267739
0 0.6259780907668232 0.05912961210974456 0.003129890453834116 0.002838221381267739
0 0.6455399061032864 0.12251655629139073 0.6306729264475743 0.16556291390728478
0 0.162754303599374 0.04115421002838222 0.006259780907668232 0.002838221381267739
0 0.17996870109546165 0.039735099337748346 0.003129890453834116 0.001892147587511826
0 0.08450704225352113 0.1206244087038789 0.16901408450704225 0.16745506149479658
0 0.023474178403755867 0.03358561967833491 0.003129890453834116 0.000946073793755913
0 0.5469483568075117 0.00946073793755913 0.010954616588419406 0.007568590350047304
0 0.6001564945226917 0.00946073793755913 0.014084507042253521 0.01892147587511826
0 0.581377151799687 0.00946073793755913 0.014084507042253521 0.01892147587511826
0 0.5594679186228482 0.0023651844843897824 0.004694835680751174 0.004730368968779565
0 0.5258215962441315 0.007095553453169348 0.03442879499217527 0.014191106906338695
0 0.4475743348982786 0.004257332071901609 0.003129890453834116 0.008514664143803218
0 0.4241001564945227 0.004730368968779565 0.006259780907668232 0.00946073793755913
0 0.40375586854460094 0.005203405865657522 0.006259780907668232 0.010406811731315043
0 0.3810641627543036 0.004257332071901609 0.001564945226917058 0.008514664143803218
0 0.4225352112676056 0.010879848628192999 0.16588419405320814 0.021759697256385997
