0 0.6326530612244898 0.9962825278810409 0.01020408163265306 0.007434944237918215
0 0.3979591836734694 0.9925650557620818 0.015306122448979591 0.01486988847583643
0 0.6288265306122449 0.9646840148698885 0.002551020408163265 0.011152416356877323
0 0.6811224489795918 0.9776951672862454 0.05102040816326531 0.04460966542750929
0 0.6772959183673469 0.9349442379182156 0.012755102040816327 0.011152416356877323
0 0.41836734693877553 0.9628252788104089 0.05612244897959184 0.07434944237918216
0 0.5178571428571429 0.9609665427509294 0.025510204081632654 0.07806691449814127
0 0.4732142857142857 0.9609665427509294 0.017857142857142856 0.07806691449814127
0 0.6313775510204082 0.9275092936802974 0.012755102040816327 0.03345724907063197
0 0.6607142857142857 0.9107806691449815 0.00510204081632653 0.007434944237918215
0 0.6849489795918368 0.9107806691449815 0.02295918367346939 0.022304832713754646
0 0.6862244897959183 0.026022304832713755 0.015306122448979591 0.007434944237918215
0 0.6479591836734694 0.026022304832713755 0.015306122448979591 0.01486988847583643
0 0.7397959183673469 0.026022304832713755 0.05102040816326531 0.05204460966542751
0 0.6670918367346939 0.00929368029739777 0.03316326530612245 0.01858736059479554
0 0.6237244897959183 0.01858736059479554 0.02295918367346939 0.03717472118959108
0 0.5089285714285714 0.013011152416356878 0.012755102040816327 0.026022304832713755
0 0.44642857142857145 0.016728624535315983 0.04081632653061224 0.03345724907063197
0 0.3979591836734694 0.016728624535315983 0.04081632653061224 0.03345724907063197
0 0.5 0.42379182156133827 1.0 0.8475836431226765
