0 0.6186224489795918 0.9962825278810409 0.012755102040816327 0.007434944237918215
0 0.38137755102040816 0.9907063197026023 0.017857142857142856 0.01858736059479554
0 0.6288265306122449 0.966542750929368 0.007653061224489796 0.007434944237918215
0 0.6658163265306123 0.9776951672862454 0.05612244897959184 0.04460966542750929
0 0.4030612244897959 0.9628252788104089 0.05612244897959184 0.07434944237918216
0 0.5038265306122449 0.9609665427509294 0.02806122448979592 0.07806691449814127
0 0.45790816326530615 0.9609665427509294 0.017857142857142856 0.07806691449814127
0 0.6237244897959183 0.9442379182156134 0.02806122448979592 0.06691449814126393
0 0.6466836734693877 0.9144981412639405 0.012755102040816327 0.01486988847583643
0 0.6696428571428571 0.9256505576208178 0.02806122448979592 0.04460966542750929
0 0.7295918367346939 0.031598513011152414 0.05612244897959184 0.06319702602230483
0 0.6403061224489796 0.024163568773234202 0.08673469387755102 0.048327137546468404
0 0.4961734693877551 0.020446096654275093 0.012755102040816327 0.040892193308550186
0 0.43239795918367346 0.024163568773234202 0.04336734693877551 0.048327137546468404
0 0.3864795918367347 0.024163568773234202 0.04336734693877551 0.048327137546468404
0 0.5 0.4275092936802974 1.0 0.8550185873605948
