0 0.19031719532554256 0.9121621621621622 0.00667779632721202 0.013513513513513514
0 0.18948247078464106 0.8907657657657657 0.005008347245409015 0.006756756756756757
0 0.17779632721202004 0.902027027027027 0.005008347245409015 0.060810810810810814
0 0.19031719532554256 0.8716216216216216 0.00667779632721202 0.018018018018018018
0 0.1293823038397329 0.8682432432432432 0.015025041736227046 0.01126126126126126
0 0.17863105175292154 0.8513513513513513 0.00667779632721202 0.036036036036036036
0 0.12437395659432388 0.8231981981981982 0.008347245409015025 0.0022522522522522522
0 0.1911519198664441 0.8220720720720721 0.005008347245409015 0.009009009009009009
0 0.18030050083472454 0.8074324324324325 0.00333889816360601 0.0022522522522522522
0 0.16110183639398998 0.793918918918919 0.035058430717863104 0.01126126126126126
0 0.9774624373956594 0.6475225225225225 0.001669449081803005 0.0022522522522522522
0 0.9507512520868113 0.2533783783783784 0.005008347245409015 0.0022522522522522522
0 0.9741235392320534 0.21509009009009009 0.005008347245409015 0.0022522522522522522
0 0.4941569282136895 0.5067567567567568 0.988313856427379 0.918918918918919
0 0.5108514190317195 0.03153153153153153 0.00667779632721202 0.0045045045045045045
0 0.493322203672788 0.024774774774774775 0.001669449081803005 0.0045045045045045045
0 0.5333889816360601 0.02364864864864865 0.015025041736227046 0.02027027027027027
0 0.5200333889816361 0.01126126126126126 0.008347245409015025 0.009009009009009009
0 0.4974958263772955 0.012387387387387387 0.01001669449081803 0.015765765765765764
0 0.4257095158597663 0.01126126126126126 0.00667779632721202 0.02252252252252252
0 0.39315525876460766 0.01126126126126126 0.03171953255425709 0.02252252252252252
0 0.3589315525876461 0.01126126126126126 0.00667779632721202 0.02252252252252252
