0 0.6027900146842878 0.997545008183306 0.030837004405286344 0.004909983633387889
0 0.4390602055800294 0.997545008183306 0.1644640234948605 0.004909983633387889
0 0.9449339207048458 0.9500818330605565 0.048458149779735685 0.014729950900163666
0 0.2775330396475771 0.9443535188216039 0.02643171806167401 0.01309328968903437
0 0.2745961820851689 0.9271685761047463 0.011747430249632892 0.0016366612111292963
0 0.27165932452276065 0.9075286415711947 0.002936857562408223 0.0016366612111292963
0 0.8303964757709251 0.9009819967266776 0.0014684287812041115 0.0016366612111292963
0 0.28707782672540383 0.8756137479541735 0.004405286343612335 0.0032733224222585926
0 0.2687224669603524 0.8739770867430442 0.002936857562408223 0.0032733224222585926
0 0.828928046989721 0.869885433715221 0.010279001468428781 0.004909983633387889
0 0.8333333333333334 0.8592471358428805 0.007342143906020558 0.0032733224222585926
0 0.2775330396475771 0.853518821603928 0.002936857562408223 0.0016366612111292963
0 0.26945668135095446 0.8453355155482815 0.0014684287812041115 0.0016366612111292963
0 0.28267254038179146 0.8445171849427169 0.004405286343612335 0.0032733224222585926
0 0.8318649045521292 0.839607201309329 0.004405286343612335 0.0032733224222585926
0 0.26945668135095446 0.8355155482815058 0.0014684287812041115 0.0016366612111292963
0 0.28634361233480177 0.8355155482815058 0.005873715124816446 0.004909983633387889
0 0.8303964757709251 0.820785597381342 0.0014684287812041115 0.0016366612111292963
0 0.8656387665198237 0.792962356792144 0.004405286343612335 0.004909983633387889
0 0.2753303964757709 0.7855973813420621 0.033773861967694566 0.029459901800327332
0 0.27973568281938327 0.7495908346972177 0.024963289280469897 0.029459901800327332
0 0.8744493392070485 0.7504091653027823 0.01908957415565345 0.054009819967266774
0 0.2709251101321586 0.7242225859247136 0.004405286343612335 0.004909983633387889
0 0.005139500734214391 0.7618657937806874 0.010279001468428781 0.08019639934533551
0 0.290014684287812 0.7225859247135843 0.010279001468428781 0.008183306055646482
0 0.9559471365638766 0.7545008183306056 0.06167400881057269 0.08183306055646482
0 0.290014684287812 0.7144026186579379 0.0014684287812041115 0.0016366612111292963
0 0.8450807635829662 0.6677577741407529 0.004405286343612335 0.0032733224222585926
0 0.8458149779735683 0.6587561374795418 0.002936857562408223 0.0016366612111292963
0 0.8634361233480177 0.6399345335515548 0.011747430249632892 0.0032733224222585926
0 0.2856093979441997 0.6350245499181669 0.004405286343612335 0.0032733224222585926
0 0.34948604992657856 0.6243862520458265 0.002936857562408223 0.0016366612111292963
0 0.2834067547723935 0.6145662847790507 0.014684287812041116 0.004909983633387889
0 0.2878120411160059 0.5949263502454992 0.023494860499265784 0.004909983633387889
0 0.8531571218795888 0.5801963993453355 0.002936857562408223 0.0016366612111292963
0 0.8678414096916299 0.5793780687397708 0.005873715124816446 0.0032733224222585926
0 0.8612334801762115 0.5793780687397708 0.004405286343612335 0.0032733224222585926
0 0.9750367107195301 0.5720130932896891 0.002936857562408223 0.0016366612111292963
0 0.28707782672540383 0.5761047463175123 0.033773861967694566 0.009819967266775777
0 0.933920704845815 0.5703764320785597 0.002936857562408223 0.0016366612111292963
0 0.28928046989721 0.5270049099836334 0.032305433186490456 0.03273322422258593
0 0.9236417033773862 0.49018003273322425 0.002936857562408223 0.004909983633387889
0 0.290014684287812 0.483633387888707 0.033773861967694566 0.031096563011456628
0 0.2907488986784141 0.44762684124386254 0.032305433186490456 0.024549918166939442
0 0.35315712187958886 0.40425531914893614 0.0014684287812041115 0.006546644844517185
0 0.5 0.5130932896890343 1.0 0.9279869067103109
