0 0.12195121951219512 0.9772727272727273 0.012195121951219513 0.0023923444976076554
0 0.1798780487804878 0.9808612440191388 0.054878048780487805 0.014354066985645933
0 0.2774390243902439 0.9342105263157895 0.012195121951219513 0.01674641148325359
0 0.39939024390243905 0.8863636363636364 0.006097560975609756 0.0023923444976076554
0 0.2347560975609756 0.8456937799043063 0.012195121951219513 0.0023923444976076554
0 0.5076219512195121 0.8456937799043063 0.04573170731707317 0.01674641148325359
0 0.3978658536585366 0.7727272727272727 0.24695121951219512 0.0430622009569378
0 0.6875 0.7057416267942583 0.021341463414634148 0.023923444976076555
0 0.28353658536585363 0.5921052631578947 0.012195121951219513 0.007177033492822967
0 0.5579268292682927 0.7858851674641149 0.6097560975609756 0.42822966507177035
0 0.3429878048780488 0.5179425837320574 0.13109756097560976 0.07894736842105263
0 0.5 0.5358851674641149 1.0 0.9282296650717703
0 0.614329268292683 0.050239234449760764 0.021341463414634148 0.009569377990430622
0 0.36585365853658536 0.045454545454545456 0.018292682926829267 0.023923444976076555
0 0.3277439024390244 0.04904306220095694 0.03353658536585366 0.03110047846889952
0 0.5655487804878049 0.039473684210526314 0.039634146341463415 0.03110047846889952
0 0.4375 0.03827751196172249 0.021341463414634148 0.028708133971291867
