0 0.1745362563237774 0.929384965831435 0.03204047217537943 0.018223234624145785
0 0.1163575042158516 0.9225512528473804 0.07082630691399663 0.03189066059225513
0 0.09780775716694773 0.8849658314350797 0.03372681281618887 0.03416856492027335
0 0.12225969645868466 0.8496583143507973 0.00505902192242833 0.004555808656036446
0 0.09865092748735245 0.8405466970387244 0.00505902192242833 0.004555808656036446
0 0.07504215851602024 0.8097949886104784 0.00505902192242833 0.00683371298405467
0 0.9569983136593592 0.8041002277904328 0.008431703204047217 0.004555808656036446
0 0.984822934232715 0.7995444191343963 0.03035413153456998 0.018223234624145785
0 0.09612141652613827 0.7824601366742597 0.016863406408094434 0.00683371298405467
0 0.08010118043844856 0.7574031890660592 0.0016863406408094434 0.002277904328018223
0 0.09865092748735245 0.7574031890660592 0.01517706576728499 0.00683371298405467
0 0.9839797639123102 0.7482915717539863 0.03204047217537943 0.07061503416856492
0 0.9865092748735245 0.7038724373576309 0.026981450252951095 0.009111617312072893
0 0.9856661045531198 0.6913439635535308 0.02866779089376054 0.011389521640091117
0 0.9831365935919055 0.6776765375854215 0.02023608768971332 0.00683371298405467
0 0.9595278246205734 0.664009111617312 0.006745362563237774 0.002277904328018223
0 0.9856661045531198 0.6651480637813212 0.021922428330522766 0.009111617312072893
0 0.9873524451939292 0.23234624145785876 0.00505902192242833 0.004555808656036446
0 0.978920741989882 0.19248291571753987 0.0016863406408094434 0.002277904328018223
0 0.5 0.5068337129840547 1.0 0.9316628701594533
0 0.5615514333895447 0.011389521640091117 0.006745362563237774 0.009111617312072893
0 0.5219224283305227 0.0011389521640091116 0.0016863406408094434 0.002277904328018223
0 0.45193929173693087 0.004555808656036446 0.003372681281618887 0.009111617312072893
0 0.42495784148397975 0.004555808656036446 0.01011804384485666 0.009111617312072893
0 0.40809443507588533 0.004555808656036446 0.01011804384485666 0.009111617312072893
0 0.3836424957841484 0.003416856492027335 0.0016863406408094434 0.00683371298405467
