0 0.5870901639344263 0.9992125984251968 0.0020491803278688526 0.0015748031496062992
0 0.6075819672131147 0.9960629921259843 0.010245901639344262 0.004724409448818898
0 0.4723360655737705 0.9905511811023622 0.1987704918032787 0.01889763779527559
0 0.6649590163934426 0.988976377952756 0.010245901639344262 0.02204724409448819
0 0.6875 0.9881889763779528 0.018442622950819672 0.023622047244094488
0 0.3790983606557377 0.9188976377952756 0.13934426229508196 0.05826771653543307
0 0.0430327868852459 0.9236220472440945 0.06967213114754098 0.07086614173228346
0 0.48463114754098363 0.8842519685039371 0.0020491803278688526 0.0015748031496062992
0 0.5727459016393442 0.8850393700787401 0.0471311475409836 0.006299212598425197
0 0.5194672131147541 0.8834645669291339 0.006147540983606557 0.0031496062992125984
0 0.35655737704918034 0.8834645669291339 0.09016393442622951 0.006299212598425197
0 0.039959016393442626 0.8803149606299212 0.06762295081967214 0.006299212598425197
0 0.5635245901639344 0.8755905511811024 0.020491803278688523 0.0031496062992125984
0 0.5256147540983607 0.8755905511811024 0.018442622950819672 0.0031496062992125984
0 0.4733606557377049 0.8748031496062992 0.004098360655737705 0.0015748031496062992
0 0.47848360655737704 0.8669291338582678 0.018442622950819672 0.0015748031496062992
0 0.38422131147540983 0.8661417322834646 0.018442622950819672 0.0031496062992125984
0 0.3698770491803279 0.8653543307086614 0.0020491803278688526 0.0015748031496062992
0 0.32581967213114754 0.8653543307086614 0.036885245901639344 0.004724409448818898
0 0.03790983606557377 0.862992125984252 0.07581967213114754 0.006299212598425197
0 0.3801229508196721 0.8574803149606299 0.018442622950819672 0.0015748031496062992
0 0.9969262295081968 0.8574803149606299 0.006147540983606557 0.004724409448818898
0 0.5163934426229508 0.8574803149606299 0.00819672131147541 0.004724409448818898
0 0.4805327868852459 0.8574803149606299 0.018442622950819672 0.004724409448818898
0 0.3125 0.8566929133858268 0.006147540983606557 0.0031496062992125984
0 0.48258196721311475 0.8488188976377953 0.010245901639344262 0.0031496062992125984
0 0.35348360655737704 0.8464566929133859 0.10860655737704918 0.004724409448818898
0 0.036885245901639344 0.8440944881889764 0.07377049180327869 0.006299212598425197
0 0.4016393442622951 0.8385826771653543 0.00819672131147541 0.0015748031496062992
0 0.3790983606557377 0.8385826771653543 0.01639344262295082 0.0015748031496062992
0 0.4774590163934426 0.8385826771653543 0.02459016393442623 0.004724409448818898
0 0.17520491803278687 0.8346456692913385 0.022540983606557378 0.0031496062992125984
0 0.47438524590163933 0.8299212598425196 0.018442622950819672 0.0031496062992125984
0 0.3770491803278688 0.8291338582677166 0.06147540983606557 0.004724409448818898
0 0.3114754098360656 0.8275590551181102 0.03278688524590164 0.004724409448818898
0 0.25 0.8267716535433071 0.00819672131147541 0.0031496062992125984
0 0.13114754098360656 0.8259842519685039 0.028688524590163935 0.004724409448818898
0 0.0471311475409836 0.8251968503937008 0.04918032786885246 0.006299212598425197
0 0.007172131147540984 0.8244094488188977 0.014344262295081968 0.004724409448818898
0 0.5727459016393442 0.8220472440944881 0.0389344262295082 0.006299212598425197
0 0.5778688524590164 0.8141732283464567 0.012295081967213115 0.0031496062992125984
0 0.5594262295081968 0.8141732283464567 0.01639344262295082 0.0031496062992125984
0 0.492827868852459 0.8133858267716535 0.05122950819672131 0.004724409448818898
0 0.39344262295081966 0.8118110236220473 0.01639344262295082 0.0015748031496062992
0 0.35348360655737704 0.8118110236220473 0.006147540983606557 0.0015748031496062992
0 0.30635245901639346 0.8118110236220473 0.02663934426229508 0.004724409448818898
0 0.2459016393442623 0.8118110236220473 0.012295081967213115 0.004724409448818898
0 0.20081967213114754 0.8125984251968504 0.028688524590163935 0.006299212598425197
0 0.10553278688524591 0.8102362204724409 0.0020491803278688526 0.0015748031496062992
0 0.12397540983606557 0.8102362204724409 0.014344262295081968 0.004724409448818898
0 0.035860655737704916 0.8094488188976378 0.07172131147540983 0.006299212598425197
0 0.5778688524590164 0.8047244094488188 0.01639344262295082 0.0031496062992125984
0 0.5799180327868853 0.7968503937007874 0.01639344262295082 0.006299212598425197
0 0.5389344262295082 0.7960629921259843 0.05737704918032787 0.004724409448818898
0 0.48155737704918034 0.7960629921259843 0.02459016393442623 0.004724409448818898
0 0.39549180327868855 0.7960629921259843 0.028688524590163935 0.004724409448818898
0 0.3524590163934426 0.7960629921259843 0.012295081967213115 0.004724409448818898
0 0.305327868852459 0.7960629921259843 0.040983606557377046 0.007874015748031496
0 0.24282786885245902 0.7952755905511811 0.014344262295081968 0.006299212598425197
0 0.18954918032786885 0.7960629921259843 0.0389344262295082 0.007874015748031496
0 0.1290983606557377 0.794488188976378 0.0778688524590164 0.007874015748031496
0 0.04405737704918033 0.7929133858267716 0.055327868852459015 0.007874015748031496
0 0.007172131147540984 0.7921259842519685 0.014344262295081968 0.006299212598425197
0 0.5778688524590164 0.7889763779527559 0.012295081967213115 0.0031496062992125984
0 0.5614754098360656 0.7803149606299212 0.004098360655737705 0.0015748031496062992
0 0.5778688524590164 0.7795275590551181 0.004098360655737705 0.0031496062992125984
0 0.5133196721311475 0.7803149606299212 0.0471311475409836 0.004724409448818898
0 0.4641393442622951 0.7795275590551181 0.006147540983606557 0.0031496062992125984
0 0.39549180327868855 0.778740157480315 0.028688524590163935 0.004724409448818898
0 0.3514344262295082 0.778740157480315 0.014344262295081968 0.004724409448818898
0 0.305327868852459 0.778740157480315 0.045081967213114756 0.004724409448818898
0 0.2387295081967213 0.7795275590551181 0.014344262295081968 0.006299212598425197
0 0.14959016393442623 0.7795275590551181 0.11475409836065574 0.006299212598425197
0 0.045081967213114756 0.7771653543307087 0.045081967213114756 0.004724409448818898
0 0.004098360655737705 0.7763779527559055 0.00819672131147541 0.0031496062992125984
0 0.5 0.7653543307086614 0.05327868852459016 0.0031496062992125984
0 0.39651639344262296 0.7645669291338583 0.0020491803278688526 0.0015748031496062992
0 0.3012295081967213 0.7645669291338583 0.040983606557377046 0.004724409448818898
0 0.2336065573770492 0.7653543307086614 0.012295081967213115 0.006299212598425197
0 0.14549180327868852 0.7645669291338583 0.10655737704918032 0.004724409448818898
0 0.045081967213114756 0.7629921259842519 0.045081967213114756 0.004724409448818898
0 0.007172131147540984 0.7622047244094489 0.014344262295081968 0.0031496062992125984
0 0.9979508196721312 0.7181102362204724 0.004098360655737705 0.012598425196850394
0 0.21413934426229508 0.6897637795275591 0.05122950819672131 0.13858267716535433
0 0.1413934426229508 0.6889763779527559 0.11885245901639344 0.13700787401574804
0 0.03483606557377049 0.6881889763779527 0.06967213114754098 0.13543307086614173
0 0.3411885245901639 0.6889763779527559 0.1987704918032787 0.14015748031496064
0 0.38524590163934425 0.6133858267716535 0.004098360655737705 0.0015748031496062992
0 0.2735655737704918 0.6141732283464567 0.06352459016393443 0.006299212598425197
0 0.5706967213114754 0.6125984251968504 0.0471311475409836 0.006299212598425197
0 0.5204918032786885 0.6118110236220472 0.00819672131147541 0.004724409448818898
0 0.19364754098360656 0.6125984251968504 0.010245901639344262 0.006299212598425197
0 0.11987704918032786 0.6133858267716535 0.07581967213114754 0.007874015748031496
0 0.027663934426229508 0.6133858267716535 0.055327868852459015 0.007874015748031496
0 0.5891393442622951 0.6023622047244095 0.018442622950819672 0.0015748031496062992
0 0.5655737704918032 0.6023622047244095 0.00819672131147541 0.0015748031496062992
0 0.14856557377049182 0.5968503937007874 0.006147540983606557 0.0031496062992125984
0 0.5563524590163934 0.594488188976378 0.0020491803278688526 0.0015748031496062992
0 0.548155737704918 0.594488188976378 0.0020491803278688526 0.0015748031496062992
0 0.3862704918032787 0.594488188976378 0.0020491803278688526 0.0015748031496062992
0 0.3360655737704918 0.5952755905511811 0.07377049180327869 0.0031496062992125984
0 0.09221311475409837 0.5960629921259842 0.01639344262295082 0.004724409448818898
0 0.5256147540983607 0.5937007874015748 0.006147540983606557 0.0031496062992125984
0 0.2612704918032787 0.5952755905511811 0.0471311475409836 0.006299212598425197
0 0.1885245901639344 0.5952755905511811 0.012295081967213115 0.006299212598425197
0 0.028688524590163935 0.5952755905511811 0.05737704918032787 0.006299212598425197
0 0.3739754098360656 0.5771653543307087 0.006147540983606557 0.0015748031496062992
0 0.2551229508196721 0.5779527559055118 0.0471311475409836 0.006299212598425197
0 0.1834016393442623 0.5771653543307087 0.010245901639344262 0.004724409448818898
0 0.14959016393442623 0.5771653543307087 0.01639344262295082 0.004724409448818898
0 0.0932377049180328 0.5771653543307087 0.022540983606557378 0.004724409448818898
0 0.028688524590163935 0.5771653543307087 0.05737704918032787 0.004724409448818898
0 0.2489754098360656 0.5598425196850394 0.0430327868852459 0.004724409448818898
0 0.028688524590163935 0.5590551181102362 0.05737704918032787 0.0031496062992125984
0 0.17827868852459017 0.5590551181102362 0.012295081967213115 0.006299212598425197
0 0.24487704918032788 0.5417322834645669 0.0389344262295082 0.0031496062992125984
0 0.02663934426229508 0.5417322834645669 0.05327868852459016 0.0031496062992125984
0 0.17315573770491804 0.5417322834645669 0.010245901639344262 0.006299212598425197
0 0.24487704918032788 0.5322834645669291 0.03483606557377049 0.0031496062992125984
0 0.04405737704918033 0.5322834645669291 0.014344262295081968 0.0031496062992125984
0 0.006147540983606557 0.531496062992126 0.004098360655737705 0.0015748031496062992
0 0.24077868852459017 0.5236220472440944 0.0389344262295082 0.004724409448818898
0 0.1680327868852459 0.5236220472440944 0.012295081967213115 0.004724409448818898
0 0.10860655737704918 0.5236220472440944 0.04918032786885246 0.004724409448818898
0 0.02663934426229508 0.5236220472440944 0.05327868852459016 0.004724409448818898
0 0.2346311475409836 0.5078740157480315 0.014344262295081968 0.0015748031496062992
0 0.16290983606557377 0.5070866141732283 0.006147540983606557 0.0031496062992125984
0 0.0194672131147541 0.5070866141732283 0.018442622950819672 0.0031496062992125984
0 0.5327868852459017 0.5062992125984253 0.012295081967213115 0.004724409448818898
0 0.6147540983606558 0.4889763779527559 0.004098360655737705 0.0015748031496062992
0 0.9293032786885246 0.35196850393700785 0.0020491803278688526 0.0015748031496062992
0 0.15881147540983606 0.37716535433070864 0.03483606557377049 0.06141732283464567
0 0.13934426229508196 0.3779527559055118 0.03278688524590164 0.06299212598425197
0 0.11782786885245902 0.41732283464566927 0.09221311475409837 0.15118110236220472
0 0.26434426229508196 0.3401574803149606 0.09836065573770492 0.006299212598425197
0 0.02971311475409836 0.41181102362204725 0.05942622950819672 0.14960629921259844
0 0.1403688524590164 0.33700787401574805 0.0020491803278688526 0.0031496062992125984
0 0.10450819672131148 0.3362204724409449 0.004098360655737705 0.0015748031496062992
0 0.5983606557377049 0.331496062992126 0.004098360655737705 0.0015748031496062992
0 0.5645491803278688 0.6456692913385826 0.7807377049180327 0.6362204724409449
0 0.5809426229508197 0.33070866141732286 0.014344262295081968 0.006299212598425197
0 0.46209016393442626 0.3291338582677165 0.1987704918032787 0.009448818897637795
0 0.3165983606557377 0.32677165354330706 0.06762295081967214 0.007874015748031496
0 0.24282786885245902 0.3251968503937008 0.06352459016393443 0.007874015748031496
0 0.13319672131147542 0.3228346456692913 0.012295081967213115 0.006299212598425197
0 0.09528688524590163 0.3220472440944882 0.0471311475409836 0.007874015748031496
0 0.02663934426229508 0.3220472440944882 0.05327868852459016 0.007874015748031496
0 0.8360655737704918 0.3173228346456693 0.1557377049180328 0.007874015748031496
0 0.6588114754098361 0.315748031496063 0.055327868852459015 0.004724409448818898
0 0.5799180327868853 0.31417322834645667 0.00819672131147541 0.004724409448818898
0 0.4344262295081967 0.31338582677165355 0.26639344262295084 0.009448818897637795
0 0.8350409836065574 0.30866141732283464 0.010245901639344262 0.0031496062992125984
0 0.8125 0.30866141732283464 0.02663934426229508 0.0031496062992125984
0 0.735655737704918 0.3094488188976378 0.0778688524590164 0.004724409448818898
0 0.2551229508196721 0.3102362204724409 0.07991803278688525 0.006299212598425197
0 0.12397540983606557 0.30787401574803147 0.010245901639344262 0.004724409448818898
0 0.09118852459016394 0.30787401574803147 0.014344262295081968 0.004724409448818898
0 0.017418032786885244 0.3062992125984252 0.03483606557377049 0.004724409448818898
0 0.8114754098360656 0.30078740157480316 0.20901639344262296 0.009448818897637795
0 0.6670081967213115 0.2992125984251969 0.07581967213114754 0.006299212598425197
0 0.3985655737704918 0.2984251968503937 0.375 0.011023622047244094
0 0.11782786885245902 0.2952755905511811 0.014344262295081968 0.004724409448818898
0 0.6741803278688525 0.2929133858267717 0.01639344262295082 0.0031496062992125984
0 0.08709016393442623 0.29448818897637796 0.030737704918032786 0.006299212598425197
0 0.02459016393442623 0.2937007874015748 0.04918032786885246 0.004724409448818898
0 0.7325819672131147 0.2921259842519685 0.08401639344262295 0.004724409448818898
0 0.75 0.28346456692913385 0.25 0.009448818897637795
0 0.5327868852459017 0.2826771653543307 0.10655737704918032 0.011023622047244094
0 0.33094262295081966 0.2811023622047244 0.2766393442622951 0.011023622047244094
0 0.09528688524590163 0.27716535433070866 0.05122950819672131 0.009448818897637795
0 0.02971311475409836 0.27716535433070866 0.05942622950819672 0.009448818897637795
0 0.7715163934426229 0.26535433070866143 0.2930327868852459 0.011023622047244094
0 0.5317622950819673 0.2637795275590551 0.10040983606557377 0.011023622047244094
0 0.08401639344262295 0.25984251968503935 0.004098360655737705 0.0031496062992125984
0 0.29610655737704916 0.2622047244094488 0.17008196721311475 0.011023622047244094
0 0.07274590163934426 0.25905511811023624 0.006147540983606557 0.004724409448818898
0 0.02459016393442623 0.25826771653543307 0.004098360655737705 0.0031496062992125984
0 0.09836065573770492 0.25905511811023624 0.00819672131147541 0.007874015748031496
0 0.04405737704918033 0.25826771653543307 0.018442622950819672 0.006299212598425197
0 0.7745901639344263 0.24645669291338582 0.29918032786885246 0.011023622047244094
0 0.5297131147540983 0.2440944881889764 0.10450819672131148 0.009448818897637795
0 0.08811475409836066 0.23858267716535433 0.004098360655737705 0.0015748031496062992
0 0.27561475409836067 0.24173228346456693 0.1987704918032787 0.011023622047244094
0 0.0389344262295082 0.2377952755905512 0.020491803278688523 0.006299212598425197
0 0.9334016393442623 0.23070866141732282 0.0020491803278688526 0.0015748031496062992
0 0.9129098360655737 0.22992125984251968 0.018442622950819672 0.006299212598425197
0 0.7612704918032787 0.22755905511811023 0.2766393442622951 0.011023622047244094
0 0.257172131147541 0.2220472440944882 0.2520491803278688 0.012598425196850394
0 0.0778688524590164 0.21968503937007874 0.01639344262295082 0.007874015748031496
0 0.030737704918032786 0.2188976377952756 0.040983606557377046 0.009448818897637795
0 0.48565573770491804 0.13700787401574804 0.9467213114754098 0.1889763779527559
0 0.6670081967213115 0.03543307086614173 0.010245901639344262 0.011023622047244094
0 0.6168032786885246 0.025984251968503937 0.004098360655737705 0.0015748031496062992
0 0.42725409836065575 0.02283464566929134 0.014344262295081968 0.026771653543307086
0 0.47540983606557374 0.02047244094488189 0.01639344262295082 0.028346456692913385
0 0.45286885245901637 0.02125984251968504 0.012295081967213115 0.029921259842519685
0 0.5010245901639344 0.01889763779527559 0.014344262295081968 0.028346456692913385
0 0.6864754098360656 0.01968503937007874 0.01639344262295082 0.03937007874015748
0 0.4682377049180328 0.029133858267716535 0.2028688524590164 0.05826771653543307
