0 0.4860215053763441 0.9859943977591037 0.025806451612903226 0.028011204481792718
0 0.5161290322580645 0.9845938375350141 0.03870967741935484 0.03081232492997199
0 0.3956989247311828 0.9817927170868347 0.021505376344086023 0.036414565826330535
0 0.34516129032258064 0.9789915966386554 0.04086021505376344 0.04201680672268908
0 0.3032258064516129 0.9775910364145658 0.021505376344086023 0.04481792717086835
0 0.011827956989247311 0.48599439775910364 0.002150537634408602 0.0028011204481792717
0 0.008602150537634409 0.45938375350140054 0.012903225806451613 0.0056022408963585435
0 0.9924731182795699 0.14705882352941177 0.015053763440860216 0.008403361344537815
0 0.5 0.4887955182072829 1.0 0.938375350140056
0 0.4956989247311828 0.023809523809523808 0.023655913978494623 0.025210084033613446
0 0.5311827956989247 0.022408963585434174 0.012903225806451613 0.03361344537815126
0 0.5118279569892473 0.012605042016806723 0.021505376344086023 0.014005602240896359
0 0.478494623655914 0.015406162464985995 0.0064516129032258064 0.03081232492997199
0 0.3946236559139785 0.008403361344537815 0.010752688172043012 0.01680672268907563
0 0.3473118279569892 0.0070028011204481795 0.03655913978494624 0.014005602240896359
0 0.30752688172043013 0.004201680672268907 0.008602150537634409 0.008403361344537815
