0 0.6033138401559455 0.998876404494382 0.001949317738791423 0.0022471910112359553
0 0.5994152046783626 0.9876404494382023 0.001949317738791423 0.0022471910112359553
0 0.52046783625731 0.9932584269662922 0.01949317738791423 0.01348314606741573
0 0.43567251461988304 0.9921348314606742 0.01364522417153996 0.015730337078651686
0 0.46881091617933723 0.9910112359550561 0.009746588693957114 0.017977528089887642
0 0.40350877192982454 0.9550561797752809 0.03508771929824561 0.008988764044943821
0 0.09746588693957114 0.8101123595505618 0.003898635477582846 0.0022471910112359553
0 0.5 0.49325842696629213 1.0 0.8921348314606742
0 0.6793372319688109 0.010112359550561797 0.037037037037037035 0.020224719101123594
0 0.4766081871345029 0.006741573033707865 0.19298245614035087 0.01348314606741573
