0 0.6558441558441559 0.998587570621469 0.012987012987012988 0.002824858757062147
0 0.6987012987012987 0.9759887005649718 0.005194805194805195 0.002824858757062147
0 0.7532467532467533 0.9858757062146892 0.07272727272727272 0.02824858757062147
0 0.4766233766233766 0.981638418079096 0.2883116883116883 0.03672316384180791
0 0.2636363636363636 0.8870056497175142 0.07012987012987013 0.062146892655367235
0 0.11038961038961038 0.8700564971751412 0.06493506493506493 0.05649717514124294
0 0.9402597402597402 0.8403954802259888 0.005194805194805195 0.014124293785310734
0 0.8584415584415584 0.8403954802259888 0.11688311688311688 0.059322033898305086
0 0.2545454545454545 0.8192090395480226 0.02077922077922078 0.01694915254237288
0 0.1038961038961039 0.8163841807909604 0.02077922077922078 0.011299435028248588
0 0.33116883116883117 0.7838983050847458 0.0025974025974025974 0.002824858757062147
0 0.7792207792207793 0.7740112994350282 0.01038961038961039 0.005649717514124294
0 0.7298701298701299 0.7711864406779662 0.01038961038961039 0.005649717514124294
0 0.2987012987012987 0.7146892655367232 0.08831168831168831 0.05649717514124294
0 0.964935064935065 0.807909604519774 0.07012987012987013 0.2542372881355932
0 0.13636363636363635 0.6991525423728814 0.09610389610389611 0.05367231638418079
0 0.9974025974025974 0.6680790960451978 0.005194805194805195 0.014124293785310734
0 0.8883116883116883 0.6511299435028248 0.01038961038961039 0.00847457627118644
0 0.8207792207792208 0.653954802259887 0.03636363636363636 0.025423728813559324
0 0.9038961038961039 0.632768361581921 0.015584415584415584 0.011299435028248588
0 0.6194805194805195 0.5918079096045198 0.012987012987012988 0.014124293785310734
0 0.687012987012987 0.5833333333333334 0.0025974025974025974 0.002824858757062147
0 0.7220779220779221 0.5833333333333334 0.015584415584415584 0.00847457627118644
0 0.6688311688311688 0.5833333333333334 0.012987012987012988 0.00847457627118644
0 0.7675324675324675 0.5451977401129944 0.02857142857142857 0.005649717514124294
0 0.7350649350649351 0.5437853107344632 0.01038961038961039 0.002824858757062147
0 0.7090909090909091 0.5437853107344632 0.02077922077922078 0.00847457627118644
0 0.638961038961039 0.5536723163841808 0.05714285714285714 0.03389830508474576
0 0.6285714285714286 0.4985875706214689 0.03116883116883117 0.014124293785310734
0 0.9064935064935065 0.4703389830508475 0.02077922077922078 0.014124293785310734
0 0.7441558441558441 0.4477401129943503 0.007792207792207792 0.002824858757062147
0 0.7207792207792207 0.4477401129943503 0.007792207792207792 0.002824858757062147
0 0.7025974025974026 0.4477401129943503 0.0025974025974025974 0.002824858757062147
0 0.6402597402597403 0.442090395480226 0.05454545454545454 0.0480225988700565
0 0.6324675324675325 0.3983050847457627 0.033766233766233764 0.022598870056497175
0 0.0025974025974025974 0.3799435028248588 0.005194805194805195 0.002824858757062147
0 0.6441558441558441 0.3559322033898305 0.005194805194805195 0.005649717514124294
0 0.6233766233766234 0.3545197740112994 0.01038961038961039 0.00847457627118644
0 0.8844155844155844 0.3248587570621469 0.007792207792207792 0.005649717514124294
0 0.8415584415584415 0.3248587570621469 0.005194805194805195 0.005649717514124294
0 0.7909090909090909 0.3234463276836158 0.0025974025974025974 0.002824858757062147
0 0.7545454545454545 0.3220338983050847 0.007792207792207792 0.005649717514124294
0 0.8103896103896104 0.3220338983050847 0.015584415584415584 0.011299435028248588
0 0.7285714285714285 0.3192090395480226 0.012987012987012988 0.011299435028248588
0 0.6922077922077922 0.3177966101694915 0.012987012987012988 0.00847457627118644
0 0.8064935064935065 0.2754237288135593 0.15324675324675324 0.0480225988700565
0 0.5 0.4971751412429379 1.0 0.8813559322033898
0 0.6649350649350649 0.05649717514124294 0.03116883116883117 0.01694915254237288
0 0.7038961038961039 0.04519774011299435 0.03116883116883117 0.03954802259887006
0 0.6766233766233766 0.03248587570621469 0.01818181818181818 0.014124293785310734
0 0.7025974025974026 0.01694915254237288 0.007792207792207792 0.011299435028248588
0 0.6857142857142857 0.00847457627118644 0.01038961038961039 0.01694915254237288
0 0.6402597402597403 0.031073446327683617 0.012987012987012988 0.062146892655367235
0 0.5298701298701298 0.02401129943502825 0.03116883116883117 0.0480225988700565
0 0.4948051948051948 0.005649717514124294 0.012987012987012988 0.011299435028248588
0 0.4727272727272727 0.02401129943502825 0.05714285714285714 0.0480225988700565
0 0.4142857142857143 0.02401129943502825 0.04415584415584416 0.0480225988700565
