0 0.3641509433962264 0.9984126984126984 0.007547169811320755 0.0031746031746031746
0 0.5311320754716982 0.9968253968253968 0.005660377358490566 0.006349206349206349
0 0.5745283018867925 0.9952380952380953 0.005660377358490566 0.009523809523809525
0 0.5518867924528302 0.9888888888888889 0.009433962264150943 0.009523809523809525
0 0.045283018867924525 0.5396825396825397 0.0037735849056603774 0.006349206349206349
0 0.0018867924528301887 0.4777777777777778 0.0037735849056603774 0.009523809523809525
0 0.017924528301886792 0.4301587301587302 0.005660377358490566 0.009523809523809525
0 0.005660377358490566 0.3984126984126984 0.0037735849056603774 0.0031746031746031746
0 0.016981132075471698 0.3968253968253968 0.0037735849056603774 0.006349206349206349
0 0.5811320754716981 0.11587301587301588 0.0037735849056603774 0.0031746031746031746
0 0.5 0.5079365079365079 1.0 0.8253968253968254
0 0.5481132075471699 0.049206349206349205 0.016981132075471698 0.009523809523809525
0 0.55 0.08253968253968254 0.05471698113207547 0.0761904761904762
0 0.44433962264150945 0.07142857142857142 0.020754716981132074 0.05396825396825397
0 0.41037735849056606 0.06984126984126984 0.013207547169811321 0.05714285714285714
0 0.36886792452830186 0.06666666666666667 0.04339622641509434 0.05714285714285714
