0 0.7130325814536341 0.9117647058823529 0.007518796992481203 0.007352941176470588
0 0.6979949874686717 0.9099264705882353 0.007518796992481203 0.003676470588235294
0 0.681704260651629 0.9099264705882353 0.010025062656641603 0.003676470588235294
0 0.6641604010025063 0.9099264705882353 0.010025062656641603 0.003676470588235294
0 0.6491228070175439 0.9099264705882353 0.005012531328320802 0.003676470588235294
0 0.8270676691729323 0.8970588235294118 0.010025062656641603 0.007352941176470588
0 0.8132832080200502 0.8952205882352942 0.007518796992481203 0.003676470588235294
0 0.543859649122807 0.11029411764705882 0.015037593984962405 0.007352941176470588
0 0.5162907268170426 0.11029411764705882 0.015037593984962405 0.007352941176470588
0 0.487468671679198 0.09926470588235294 0.012531328320802004 0.022058823529411766
0 0.5488721804511278 0.0625 0.015037593984962405 0.022058823529411766
0 0.37844611528822053 0.06066176470588235 0.02506265664160401 0.07720588235294118
0 0.3157894736842105 0.06066176470588235 0.040100250626566414 0.07720588235294118
0 0.5175438596491229 0.02022058823529412 0.002506265664160401 0.003676470588235294
0 0.49373433583959897 0.04779411764705882 0.02506265664160401 0.058823529411764705
0 0.2669172932330827 0.058823529411764705 0.042606516290726815 0.08088235294117647
0 0.49373433583959897 0.46139705882352944 0.9874686716791979 0.9227941176470589
