0 0.38706140350877194 0.9957142857142857 0.006578947368421052 0.008571428571428572
0 0.5175438596491229 0.9771428571428571 0.02631578947368421 0.045714285714285714
0 0.5493421052631579 0.9757142857142858 0.03728070175438596 0.04857142857142857
0 0.42543859649122806 0.9757142857142858 0.021929824561403508 0.04857142857142857
0 0.37280701754385964 0.9742857142857143 0.039473684210526314 0.05142857142857143
0 0.3300438596491228 0.9728571428571429 0.019736842105263157 0.054285714285714284
0 0.01425438596491228 0.7085714285714285 0.015350877192982455 0.005714285714285714
0 0.07017543859649122 0.5685714285714286 0.008771929824561403 0.005714285714285714
0 0.0625 0.5528571428571428 0.0021929824561403508 0.002857142857142857
0 0.043859649122807015 0.5557142857142857 0.013157894736842105 0.008571428571428572
0 0.07017543859649122 0.5385714285714286 0.02631578947368421 0.008571428571428572
0 0.09210526315789473 0.5114285714285715 0.0043859649122807015 0.005714285714285714
0 0.0581140350877193 0.5257142857142857 0.046052631578947366 0.04
0 0.04824561403508772 0.48857142857142855 0.0043859649122807015 0.005714285714285714
0 0.039473684210526314 0.48857142857142855 0.008771929824561403 0.005714285714285714
0 0.0581140350877193 0.48 0.041666666666666664 0.017142857142857144
0 0.07346491228070176 0.46285714285714286 0.006578947368421052 0.005714285714285714
0 0.05043859649122807 0.45571428571428574 0.03070175438596491 0.025714285714285714
0 0.07894736842105263 0.40285714285714286 0.0043859649122807015 0.005714285714285714
0 0.06030701754385965 0.4185714285714286 0.05043859649122807 0.037142857142857144
0 0.06469298245614036 0.3242857142857143 0.06359649122807018 0.13428571428571429
0 0.04276315789473684 0.24142857142857144 0.019736842105263157 0.02
0 0.039473684210526314 0.21142857142857144 0.008771929824561403 0.005714285714285714
0 0.049342105263157895 0.18571428571428572 0.03728070175438596 0.011428571428571429
0 0.049342105263157895 0.15857142857142856 0.03289473684210526 0.008571428571428572
0 0.8892543859649122 0.10285714285714286 0.006578947368421052 0.005714285714285714
0 0.7094298245614035 0.08714285714285715 0.010964912280701754 0.008571428571428572
0 0.7510964912280702 0.08428571428571428 0.05482456140350877 0.008571428571428572
0 0.9802631578947368 0.055714285714285716 0.0043859649122807015 0.002857142857142857
0 0.5 0.4714285714285714 1.0 0.8857142857142857
0 0.5054824561403509 0.027142857142857142 0.0021929824561403508 0.002857142857142857
0 0.5230263157894737 0.027142857142857142 0.02412280701754386 0.025714285714285714
0 0.5603070175438597 0.025714285714285714 0.015350877192982455 0.03428571428571429
0 0.543859649122807 0.015714285714285715 0.013157894736842105 0.014285714285714285
0 0.555921052631579 0.002857142857142857 0.006578947368421052 0.005714285714285714
0 0.5394736842105263 0.0014285714285714286 0.0043859649122807015 0.002857142857142857
0 0.506578947368421 0.01 0.0043859649122807015 0.02
0 0.4199561403508772 0.011428571428571429 0.010964912280701754 0.022857142857142857
0 0.37280701754385964 0.01 0.039473684210526314 0.02
0 0.3300438596491228 0.007142857142857143 0.006578947368421052 0.014285714285714285
