0 0.3567708333333333 0.9943342776203966 0.08333333333333333 0.0113314447592068
0 0.048177083333333336 0.9022662889518414 0.0078125 0.0028328611898017
0 0.21875 0.8229461756373938 0.026041666666666668 0.0084985835694051
0 0.0703125 0.8201133144475921 0.026041666666666668 0.0084985835694051
0 0.7447916666666666 0.613314447592068 0.03125 0.0084985835694051
0 0.9700520833333334 0.4915014164305949 0.0026041666666666665 0.0028328611898017
0 0.8098958333333334 0.4801699716713881 0.005208333333333333 0.0084985835694051
0 0.5 0.5339943342776204 1.0 0.9320113314447592
0 0.6848958333333334 0.056657223796033995 0.026041666666666668 0.0169971671388102
0 0.6419270833333334 0.056657223796033995 0.033854166666666664 0.0169971671388102
0 0.6171875 0.05524079320113314 0.005208333333333333 0.014164305949008499
0 0.6822916666666666 0.0339943342776204 0.026041666666666668 0.0169971671388102
0 0.6536458333333334 0.029745042492917848 0.015625 0.014164305949008499
0 0.6796875 0.012747875354107648 0.005208333333333333 0.0084985835694051
0 0.6640625 0.007082152974504249 0.010416666666666666 0.014164305949008499
0 0.6171875 0.019830028328611898 0.010416666666666666 0.039660056657223795
0 0.5078125 0.024079320113314446 0.03125 0.04815864022662889
0 0.4713541666666667 0.0056657223796034 0.015625 0.0113314447592068
0 0.44921875 0.025495750708215296 0.0546875 0.05099150141643059
0 0.3919270833333333 0.025495750708215296 0.044270833333333336 0.05099150141643059
0 0.3763020833333333 0.0028328611898017 0.0078125 0.0056657223796034
