0 0.550251256281407 0.9963369963369964 0.005025125628140704 0.007326007326007326
0 0.6934673366834171 0.9945054945054945 0.01507537688442211 0.01098901098901099
0 0.4836683417085427 0.9945054945054945 0.04271356783919598 0.01098901098901099
0 0.4296482412060301 0.9926739926739927 0.03015075376884422 0.014652014652014652
0 0.7964824120603015 0.9835164835164835 0.020100502512562814 0.03296703296703297
0 0.3731155778894472 0.9835164835164835 0.032663316582914576 0.03296703296703297
0 0.7713567839195979 0.9688644688644689 0.010050251256281407 0.01098901098901099
0 0.6118090452261307 0.9816849816849816 0.06281407035175879 0.03663003663003663
0 0.010050251256281407 0.44505494505494503 0.020100502512562814 0.7948717948717948
0 0.5100502512562815 0.4945054945054945 0.9798994974874372 0.9084249084249084
0 0.714824120603015 0.04212454212454213 0.007537688442211055 0.01098901098901099
0 0.5213567839195979 0.047619047619047616 0.017587939698492462 0.03663003663003663
0 0.7223618090452262 0.027472527472527472 0.002512562814070352 0.003663003663003663
0 0.7525125628140703 0.014652014652014652 0.007537688442211055 0.02197802197802198
0 0.7361809045226131 0.0018315018315018315 0.005025125628140704 0.003663003663003663
0 0.6821608040201005 0.018315018315018316 0.01256281407035176 0.03663003663003663
0 0.6030150753768844 0.06043956043956044 0.45226130653266333 0.12087912087912088
0 0.5615577889447236 0.009157509157509158 0.01256281407035176 0.018315018315018316
0 0.5251256281407035 0.005494505494505495 0.010050251256281407 0.01098901098901099
0 0.44974874371859297 0.01282051282051282 0.01507537688442211 0.02564102564102564
