0 0.6983758700696056 0.9963702359346642 0.009280742459396751 0.007259528130671506
0 0.7157772621809745 0.9900181488203267 0.002320185614849188 0.0018148820326678765
0 0.6879350348027842 0.9827586206896551 0.0069605568445475635 0.0054446460980036296
0 0.6589327146171694 0.9863883847549909 0.013921113689095127 0.016333938294010888
0 0.5498839907192575 0.9882032667876588 0.027842227378190254 0.023593466424682397
0 0.5 0.9863883847549909 0.01160092807424594 0.02722323049001815
0 0.43503480278422274 0.985480943738657 0.03944315545243619 0.029038112522686024
0 0.777262180974478 0.9809437386569873 0.05104408352668213 0.038112522686025406
0 0.5046403712296984 0.9736842105263158 0.2668213457076566 0.05263157894736842
0 0.4617169373549884 0.8765880217785844 0.004640371229698376 0.003629764065335753
0 0.44779582366589327 0.8756805807622504 0.004640371229698376 0.0018148820326678765
0 0.3700696055684455 0.8747731397459165 0.08584686774941995 0.007259528130671506
0 0.7703016241299304 0.8765880217785844 0.060324825986078884 0.018148820326678767
0 0.7134570765661253 0.8747731397459165 0.058004640371229696 0.018148820326678767
0 0.35962877030162416 0.8647912885662432 0.004640371229698376 0.0018148820326678765
0 0.3503480278422274 0.8539019963702359 0.004640371229698376 0.0018148820326678765
0 0.3689095127610209 0.8539019963702359 0.02320185614849188 0.0054446460980036296
0 0.7192575406032483 0.852994555353902 0.06960556844547564 0.018148820326678767
0 0.7180974477958236 0.837568058076225 0.06728538283062645 0.009074410163339383
0 0.7192575406032483 0.8257713248638838 0.05104408352668213 0.007259528130671506
0 0.02088167053364269 0.8185117967332124 0.004640371229698376 0.003629764065335753
0 0.7494199535962877 0.8148820326678766 0.004640371229698376 0.003629764065335753
0 0.7146171693735499 0.8148820326678766 0.037122969837587005 0.007259528130671506
0 0.8422273781902552 0.8049001814882033 0.004640371229698376 0.0018148820326678765
0 0.8283062645011601 0.8049001814882033 0.004640371229698376 0.0018148820326678765
0 0.9385150812064965 0.8049001814882033 0.0069605568445475635 0.0054446460980036296
0 0.9025522041763341 0.8049001814882033 0.027842227378190254 0.0054446460980036296
0 0.8538283062645011 0.8049001814882033 0.009280742459396751 0.0054446460980036296
0 0.8062645011600929 0.8030852994555354 0.0069605568445475635 0.0054446460980036296
0 0.7308584686774942 0.8039927404718693 0.04640371229698376 0.007259528130671506
0 0.027842227378190254 0.8548094373865699 0.05568445475638051 0.1088929219600726
0 0.820185614849188 0.79491833030853 0.002320185614849188 0.003629764065335753
0 0.9361948955916474 0.79491833030853 0.016241299303944315 0.007259528130671506
0 0.9071925754060325 0.79491833030853 0.013921113689095127 0.007259528130671506
0 0.8781902552204176 0.7994555353901996 0.02088167053364269 0.016333938294010888
0 0.8538283062645011 0.794010889292196 0.004640371229698376 0.0054446460980036296
0 0.0034802784222737818 0.7867513611615246 0.0069605568445475635 0.0018148820326678765
0 0.7320185614849188 0.7840290381125227 0.04408352668213457 0.003629764065335753
0 0.9431554524361949 0.7840290381125227 0.01160092807424594 0.007259528130671506
0 0.027842227378190254 0.7758620689655172 0.05568445475638051 0.0054446460980036296
0 0.796983758700696 0.7731397459165155 0.0069605568445475635 0.003629764065335753
0 0.01740139211136891 0.76497277676951 0.03480278422273782 0.0054446460980036296
0 0.8955916473317865 0.7740471869328494 0.12064965197215777 0.02722323049001815
0 0.8167053364269141 0.7667876588021778 0.027842227378190254 0.016333938294010888
0 0.031322505800464036 0.7540834845735027 0.06264501160092807 0.012704174228675136
0 0.031322505800464036 0.7323049001814882 0.06264501160092807 0.012704174228675136
0 0.5997679814385151 0.7495462794918331 0.030162412993039442 0.0544464609800363
0 0.5162412993039444 0.8339382940108893 0.8979118329466357 0.22323049001814882
0 0.031322505800464036 0.7141560798548094 0.06264501160092807 0.009074410163339383
0 0.5962877030162413 0.7096188747731398 0.02320185614849188 0.010889292196007259
0 0.9953596287703016 0.39473684210526316 0.009280742459396751 0.016333938294010888
0 0.08352668213457076 0.28039927404718695 0.009280742459396751 0.0054446460980036296
0 0.9756380510440835 0.1987295825771325 0.048723897911832945 0.06352087114337568
0 0.9211136890951276 0.16152450090744103 0.004640371229698376 0.007259528130671506
0 0.4280742459396752 0.1442831215970962 0.0069605568445475635 0.0054446460980036296
0 0.6960556844547564 0.12704174228675136 0.004640371229698376 0.003629764065335753
0 0.7273781902552204 0.1206896551724138 0.0069605568445475635 0.0054446460980036296
0 0.9907192575406032 0.11252268602540835 0.004640371229698376 0.003629764065335753
0 0.9953596287703016 0.10072595281306715 0.009280742459396751 0.0054446460980036296
0 0.9605568445475638 0.08439201451905626 0.018561484918793503 0.009074410163339383
0 0.9791183294663574 0.0662431941923775 0.04176334106728538 0.02722323049001815
0 0.9907192575406032 0.04809437386569873 0.018561484918793503 0.009074410163339383
0 0.9918793503480279 0.024500907441016333 0.016241299303944315 0.009074410163339383
0 0.9605568445475638 0.021778584392014518 0.009280742459396751 0.003629764065335753
0 0.9709976798143851 0.019056261343012703 0.0069605568445475635 0.0054446460980036296
0 0.9988399071925754 0.016333938294010888 0.002320185614849188 0.003629764065335753
0 0.9802784222737819 0.012704174228675136 0.0069605568445475635 0.003629764065335753
0 0.42691415313225056 0.009074410163339383 0.013921113689095127 0.003629764065335753
0 0.3990719257540603 0.009981851179673321 0.027842227378190254 0.0054446460980036296
0 0.9953596287703016 0.009074410163339383 0.009280742459396751 0.007259528130671506
0 0.29350348027842227 0.015426497277676952 0.16937354988399073 0.019963702359346643
0 0.5 0.38838475499092556 1.0 0.7767695099818511
