0 0.6021798365122616 0.9960159362549801 0.005449591280653951 0.00796812749003984
0 0.6021798365122616 0.9820717131474104 0.005449591280653951 0.01195219123505976
0 0.4904632152588556 0.9840637450199203 0.021798365122615803 0.03187250996015936
0 0.4373297002724796 0.9800796812749004 0.051771117166212535 0.0398406374501992
0 0.38419618528610355 0.9780876494023905 0.01634877384196185 0.043824701195219126
0 0.5068119891008175 0.4900398406374502 0.9863760217983651 0.8366533864541833
0 0.6389645776566758 0.05776892430278884 0.013623978201634877 0.01195219123505976
0 0.6607629427792916 0.055776892430278883 0.02452316076294278 0.02390438247011952
0 0.6267029972752044 0.035856573705179286 0.01634877384196185 0.01593625498007968
0 0.37057220708446864 0.035856573705179286 0.010899182561307902 0.01593625498007968
0 0.6730245231607629 0.029880478087649404 0.010899182561307902 0.0199203187250996
0 0.6021798365122616 0.02390438247011952 0.005449591280653951 0.00796812749003984
0 0.6471389645776566 0.00597609561752988 0.008174386920980926 0.01195219123505976
0 0.49318801089918257 0.021912350597609563 0.010899182561307902 0.043824701195219126
0 0.44550408719346046 0.02390438247011952 0.013623978201634877 0.04780876494023904
0 0.3991825613079019 0.021912350597609563 0.035422343324250684 0.043824701195219126
