0 0.6332082551594747 0.9924406047516199 0.001876172607879925 0.0021598272138228943
0 0.5984990619136961 0.9935205183585313 0.0075046904315197 0.012958963282937365
0 0.6979362101313321 0.980561555075594 0.00375234521575985 0.004319654427645789
0 0.4324577861163227 0.980561555075594 0.005628517823639775 0.008639308855291577
0 0.47654784240150094 0.9870410367170627 0.0225140712945591 0.02591792656587473
0 0.44934333958724204 0.9870410367170627 0.009380863039399626 0.02591792656587473
0 0.5206378986866792 0.9859611231101512 0.016885553470919325 0.028077753779697623
0 0.600375234521576 0.9740820734341252 0.01125703564727955 0.017278617710583154
0 0.6913696060037523 0.9406047516198704 0.009380863039399626 0.0064794816414686825
0 0.6716697936210131 0.9395248380129589 0.00375234521575985 0.004319654427645789
0 0.9971857410881801 0.7991360691144709 0.005628517823639775 0.004319654427645789
0 0.9934333958724203 0.7624190064794817 0.013133208255159476 0.008639308855291577
0 0.9934333958724203 0.7051835853131749 0.013133208255159476 0.0064794816414686825
0 0.5 0.4816414686825054 1.0 0.8941684665226782
0 0.6153846153846154 0.019438444924406047 0.0150093808630394 0.012958963282937365
0 0.5909943714821764 0.0183585313174946 0.01876172607879925 0.01079913606911447
0 0.6632270168855535 0.023758099352051837 0.043151969981238276 0.047516198704103674
0 0.626641651031895 0.0032397408207343412 0.00375234521575985 0.0064794816414686825
0 0.49437148217636023 0.0021598272138228943 0.005628517823639775 0.004319654427645789
0 0.4624765478424015 0.0021598272138228943 0.016885553470919325 0.004319654427645789
0 0.46153846153846156 0.0183585313174946 0.1951219512195122 0.0367170626349892
