0 0.5876288659793815 0.9868421052631579 0.020618556701030927 0.02631578947368421
0 0.46649484536082475 0.9849624060150376 0.030927835051546393 0.03007518796992481
0 0.6134020618556701 0.9755639097744361 0.015463917525773196 0.018796992481203006
0 0.39819587628865977 0.9830827067669173 0.04381443298969072 0.03383458646616541
0 0.3440721649484536 0.9830827067669173 0.03350515463917526 0.03383458646616541
0 0.2860824742268041 0.9755639097744361 0.03608247422680412 0.04887218045112782
0 0.7190721649484536 0.9718045112781954 0.020618556701030927 0.05639097744360902
0 0.6932989690721649 0.9473684210526315 0.010309278350515464 0.007518796992481203
0 0.529639175257732 0.9699248120300752 0.06443298969072164 0.06015037593984962
0 0.5 0.4849624060150376 1.0 0.8872180451127819
0 0.6353092783505154 0.015037593984962405 0.007731958762886598 0.007518796992481203
0 0.43943298969072164 0.020676691729323307 0.01804123711340206 0.03383458646616541
0 0.6688144329896907 0.045112781954887216 0.16752577319587628 0.09022556390977443
0 0.5966494845360825 0.0037593984962406013 0.002577319587628866 0.007518796992481203
0 0.43427835051546393 0.043233082706766915 0.2912371134020619 0.08646616541353383
