0 0.5629562043795621 0.9978991596638656 0.005474452554744526 0.004201680672268907
0 0.39416058394160586 0.9968487394957983 0.0036496350364963502 0.0063025210084033615
0 0.4124087591240876 0.9957983193277311 0.0072992700729927005 0.008403361344537815
0 0.4835766423357664 0.9947478991596639 0.014598540145985401 0.01050420168067227
0 0.4333941605839416 0.9947478991596639 0.009124087591240875 0.01050420168067227
0 0.0018248175182481751 0.8697478991596639 0.0036496350364963502 0.0546218487394958
0 0.31386861313868614 0.8235294117647058 0.0036496350364963502 0.004201680672268907
0 0.0009124087591240876 0.8077731092436975 0.0018248175182481751 0.0021008403361344537
0 0.16697080291970803 0.7972689075630253 0.012773722627737226 0.0021008403361344537
0 0.15054744525547445 0.7972689075630253 0.0018248175182481751 0.0021008403361344537
0 0.1395985401459854 0.7972689075630253 0.009124087591240875 0.0021008403361344537
0 0.12226277372262774 0.7972689075630253 0.01824817518248175 0.0021008403361344537
0 0.10127737226277372 0.7972689075630253 0.016423357664233577 0.0021008403361344537
0 0.08576642335766424 0.7972689075630253 0.0036496350364963502 0.0021008403361344537
0 0.072992700729927 0.7962184873949579 0.0036496350364963502 0.004201680672268907
0 0.06204379562043796 0.7962184873949579 0.0036496350364963502 0.004201680672268907
0 0.048357664233576646 0.7951680672268907 0.009124087591240875 0.0021008403361344537
0 0.03102189781021898 0.7962184873949579 0.01824817518248175 0.004201680672268907
0 0.0018248175182481751 0.782563025210084 0.0036496350364963502 0.0063025210084033615
0 0.0018248175182481751 0.7605042016806722 0.0036496350364963502 0.008403361344537815
0 0.9817518248175182 0.07457983193277311 0.0036496350364963502 0.0021008403361344537
0 0.006386861313868613 0.39915966386554624 0.012773722627737226 0.6890756302521008
0 0.5082116788321168 0.49159663865546216 0.9835766423357665 0.8991596638655462
0 0.5684306569343066 0.031512605042016806 0.016423357664233577 0.008403361344537815
0 0.5921532846715328 0.028361344537815126 0.009124087591240875 0.01050420168067227
0 0.6414233576642335 0.03046218487394958 0.041970802919708027 0.06092436974789916
0 0.4744525547445255 0.0063025210084033615 0.0072992700729927005 0.012605042016806723
0 0.4489051094890511 0.0063025210084033615 0.01824817518248175 0.012605042016806723
0 0.42883211678832117 0.005252100840336135 0.014598540145985401 0.01050420168067227
0 0.39233576642335766 0.0031512605042016808 0.021897810218978103 0.0063025210084033615
0 0.4416058394160584 0.023109243697478993 0.19343065693430658 0.046218487394957986
