0 0.7002518891687658 0.9963235294117647 0.010075566750629723 0.007352941176470588
0 0.6486146095717884 0.96875 0.007556675062972292 0.011029411764705883
0 0.5768261964735516 0.9742647058823529 0.060453400503778336 0.051470588235294115
0 0.5151133501259446 0.9705882352941176 0.027707808564231738 0.058823529411764705
0 0.44710327455919396 0.9705882352941176 0.042821158690176324 0.058823529411764705
0 0.3967254408060453 0.9705882352941176 0.0327455919395466 0.058823529411764705
0 0.6309823677581864 0.96875 0.017632241813602016 0.0625
0 0.6574307304785895 0.9393382352941176 0.005037783375314861 0.011029411764705883
0 0.33753148614609574 0.9632352941176471 0.03526448362720403 0.07352941176470588
0 0.7644836272040302 0.9522058823529411 0.017632241813602016 0.09558823529411764
0 0.46851385390428213 0.01838235294117647 0.010075566750629723 0.007352941176470588
0 0.5692695214105793 0.027573529411764705 0.4534005037783375 0.05514705882352941
0 0.5 0.44485294117647056 1.0 0.8897058823529411
