0 0.5898972602739726 0.9937050359712231 0.005136986301369863 0.012589928057553957
0 0.601027397260274 0.9865107913669064 0.010273972602739725 0.012589928057553957
0 0.476027397260274 0.9901079136690647 0.017123287671232876 0.019784172661870502
0 0.4426369863013699 0.9901079136690647 0.008561643835616438 0.019784172661870502
0 0.4126712328767123 0.9901079136690647 0.017123287671232876 0.019784172661870502
0 0.3886986301369863 0.9856115107913669 0.0136986301369863 0.01079136690647482
0 0.5582191780821918 0.9802158273381295 0.003424657534246575 0.0035971223021582736
0 0.577054794520548 0.9739208633093526 0.00684931506849315 0.00539568345323741
0 0.9948630136986302 0.6267985611510791 0.010273972602739725 0.008992805755395683
0 0.9888698630136986 0.29406474820143885 0.02226027397260274 0.44064748201438847
0 0.9768835616438356 0.04946043165467626 0.0017123287671232876 0.0017985611510791368
0 0.5 0.48381294964028776 1.0 0.9064748201438849
