0 0.4400406504065041 0.9982876712328768 0.0020325203252032522 0.003424657534246575
0 0.40040650406504064 0.9965753424657534 0.02032520325203252 0.00684931506849315
0 0.35264227642276424 0.9965753424657534 0.018292682926829267 0.00684931506849315
0 0.5233739837398373 0.9948630136986302 0.006097560975609756 0.010273972602739725
0 0.5426829268292683 0.988013698630137 0.008130081300813009 0.010273972602739725
0 0.4054878048780488 0.9726027397260274 0.21341463414634146 0.0547945205479452
0 0.6138211382113821 0.9708904109589042 0.044715447154471545 0.05821917808219178
0 0.5 0.4863013698630137 1.0 0.863013698630137
0 0.5955284552845529 0.02054794520547945 0.0040650406504065045 0.00684931506849315
0 0.5558943089430894 0.02226027397260274 0.018292682926829267 0.017123287671232876
0 0.5762195121951219 0.00684931506849315 0.03048780487804878 0.0136986301369863
0 0.4603658536585366 0.00684931506849315 0.006097560975609756 0.0136986301369863
0 0.4349593495934959 0.008561643835616438 0.008130081300813009 0.017123287671232876
0 0.4054878048780488 0.008561643835616438 0.006097560975609756 0.017123287671232876
0 0.3709349593495935 0.008561643835616438 0.018292682926829267 0.017123287671232876
