0 0.5788954635108481 0.9982698961937716 0.005917159763313609 0.0034602076124567475
0 0.45956607495069035 0.9896193771626297 0.01972386587771203 0.020761245674740483
0 0.4230769230769231 0.9896193771626297 0.04142011834319527 0.020761245674740483
0 0.3777120315581854 0.9896193771626297 0.029585798816568046 0.020761245674740483
0 0.5424063116370809 0.9878892733564014 0.015779092702169626 0.02422145328719723
0 0.5749506903353058 0.9835640138408305 0.01775147928994083 0.02249134948096886
0 0.5571992110453649 0.9757785467128027 0.013806706114398421 0.006920415224913495
0 0.5660749506903353 0.01903114186851211 0.015779092702169626 0.01384083044982699
0 0.6676528599605522 0.0008650519031141869 0.013806706114398421 0.0017301038062283738
0 0.5 0.5 1.0 1.0
