0 0.3979591836734694 0.9845360824742269 0.21224489795918366 0.030927835051546393
0 0.6071428571428571 0.9828178694158075 0.04285714285714286 0.03436426116838488
0 0.5 0.5 1.0 0.8900343642611683
0 0.5928571428571429 0.020618556701030927 0.0020408163265306124 0.006872852233676976
0 0.5551020408163265 0.020618556701030927 0.0163265306122449 0.020618556701030927
0 0.5744897959183674 0.006872852233676976 0.030612244897959183 0.013745704467353952
0 0.4602040816326531 0.005154639175257732 0.006122448979591836 0.010309278350515464
0 0.4336734693877551 0.006872852233676976 0.006122448979591836 0.013745704467353952
0 0.40408163265306124 0.005154639175257732 0.00816326530612245 0.010309278350515464
0 0.37244897959183676 0.005154639175257732 0.022448979591836733 0.010309278350515464
