0 0.588126159554731 0.990625 0.0037105751391465678 0.01875
0 0.5445269016697588 0.984375 0.012987012987012988 0.03125
0 0.6159554730983302 0.9765625 0.0074211502782931356 0.046875
0 0.5185528756957328 0.9765625 0.03525046382189239 0.046875
0 0.5231910946196661 0.95625 0.014842300556586271 0.0125
0 0.4202226345083488 0.975 0.02040816326530612 0.05
0 0.3738404452690167 0.971875 0.027829313543599257 0.05625
0 0.3320964749536178 0.971875 0.022263450834879406 0.05625
0 0.38589981447124305 0.95625 0.2077922077922078 0.0875
0 0.5111317254174397 0.4484375 0.9777365491651205 0.896875
