0 0.5444874274661509 0.9966517857142857 0.013539651837524178 0.006696428571428571
0 0.40522243713733075 0.9966517857142857 0.029013539651837523 0.006696428571428571
0 0.3665377176015474 0.9966517857142857 0.009671179883945842 0.006696428571428571
0 0.6276595744680851 0.9821428571428571 0.0019342359767891683 0.004464285714285714
0 0.6054158607350096 0.9787946428571429 0.0038684719535783366 0.002232142857142857
0 0.41102514506769827 0.9821428571428571 0.195357833655706 0.03571428571428571
0 0.03288201160541586 0.7109375 0.02321083172147002 0.006696428571428571
0 0.3994197292069632 0.16071428571428573 0.0019342359767891683 0.004464285714285714
0 0.4158607350096712 0.15959821428571427 0.01160541586073501 0.011160714285714286
0 0.4584139264990329 0.13169642857142858 0.01160541586073501 0.017857142857142856
0 0.48452611218568664 0.12834821428571427 0.009671179883945842 0.020089285714285716
0 0.5502901353965184 0.11830357142857142 0.005802707930367505 0.008928571428571428
0 0.5106382978723404 0.12276785714285714 0.01160541586073501 0.017857142857142856
0 0.5 0.5167410714285714 1.0 0.8772321428571429
0 0.5754352030947776 0.06361607142857142 0.005802707930367505 0.006696428571428571
0 0.5328820116054158 0.06473214285714286 0.025145067698259187 0.026785714285714284
0 0.562862669245648 0.05357142857142857 0.01160541586073501 0.008928571428571428
0 0.5241779497098646 0.03571428571428571 0.007736943907156673 0.03571428571428571
0 0.558027079303675 0.015625 0.005802707930367505 0.004464285714285714
0 0.5415860735009671 0.017857142857142856 0.015473887814313346 0.008928571428571428
0 0.6141199226305609 0.044642857142857144 0.04061895551257253 0.08928571428571429
0 0.4090909090909091 0.044642857142857144 0.20696324951644102 0.08928571428571429
