0 0.45454545454545453 0.988562091503268 0.007736943907156673 0.02287581699346405
0 0.3713733075435203 0.9836601307189542 0.015473887814313346 0.032679738562091505
0 0.558027079303675 0.9803921568627451 0.009671179883945842 0.0392156862745098
0 0.32108317214700194 0.9803921568627451 0.015473887814313346 0.0392156862745098
0 0.28916827852998067 0.9787581699346405 0.013539651837524178 0.042483660130718956
0 0.3355899419729207 0.9575163398692811 0.19922630560928434 0.08496732026143791
0 0.9806576402321083 0.3055555555555556 0.03868471953578337 0.029411764705882353
0 0.9825918762088974 0.23366013071895425 0.03481624758220503 0.02287581699346405
0 0.9864603481624759 0.19281045751633988 0.027079303675048357 0.0196078431372549
0 0.9835589941972921 0.12418300653594772 0.03288201160541586 0.0915032679738562
0 0.5096711798839458 0.46895424836601307 0.9806576402321083 0.8725490196078431
0 0.34235976789168276 0.014705882352941176 0.19342359767891681 0.029411764705882353
