0 0.6984304932735426 0.9982517482517482 0.006726457399103139 0.0034965034965034965
0 0.6681614349775785 0.9982517482517482 0.004484304932735426 0.0034965034965034965
0 0.5179372197309418 0.9982517482517482 0.008968609865470852 0.0034965034965034965
0 0.4641255605381166 0.9973776223776224 0.013452914798206279 0.005244755244755245
0 0.7881165919282511 0.9895104895104895 0.04708520179372197 0.02097902097902098
0 0.5190582959641256 0.9842657342657343 0.2623318385650224 0.03146853146853147
0 0.3195067264573991 0.9466783216783217 0.002242152466367713 0.0017482517482517483
0 0.2757847533632287 0.9449300699300699 0.004484304932735426 0.0017482517482517483
0 0.297085201793722 0.9449300699300699 0.02466367713004484 0.005244755244755245
0 0.004484304932735426 0.9353146853146853 0.008968609865470852 0.0034965034965034965
0 0.781390134529148 0.9335664335664335 0.006726457399103139 0.0034965034965034965
0 0.011210762331838564 0.9256993006993007 0.02242152466367713 0.005244755244755245
0 0.01233183856502242 0.9143356643356644 0.02466367713004484 0.006993006993006993
0 0.0033632286995515697 0.9047202797202797 0.006726457399103139 0.0017482517482517483
0 0.007847533632286996 0.8933566433566433 0.01569506726457399 0.0034965034965034965
0 0.004484304932735426 0.8715034965034965 0.008968609865470852 0.0017482517482517483
0 0.6199551569506726 0.8592657342657343 0.002242152466367713 0.0017482517482517483
0 0.07399103139013453 0.8601398601398601 0.008968609865470852 0.0034965034965034965
0 0.624439461883408 0.8487762237762237 0.02466367713004484 0.0017482517482517483
0 0.5852017937219731 0.8487762237762237 0.004484304932735426 0.0017482517482517483
0 0.05829596412556054 0.7963286713286714 0.004484304932735426 0.0017482517482517483
0 0.11995515695067265 0.8653846153846154 0.10986547085201794 0.14685314685314685
0 0.05829596412556054 0.7814685314685315 0.008968609865470852 0.0034965034965034965
0 0.08071748878923767 0.7701048951048951 0.004484304932735426 0.0017482517482517483
0 0.05717488789237668 0.7701048951048951 0.002242152466367713 0.0017482517482517483
0 0.08071748878923767 0.7596153846153846 0.004484304932735426 0.0017482517482517483
0 0.05717488789237668 0.7596153846153846 0.002242152466367713 0.0017482517482517483
0 0.2522421524663677 0.7482517482517482 0.006726457399103139 0.0034965034965034965
0 0.08408071748878924 0.7377622377622378 0.006726457399103139 0.0034965034965034965
0 0.08408071748878924 0.7176573426573427 0.011210762331838564 0.005244755244755245
0 0.19394618834080718 0.6966783216783217 0.002242152466367713 0.0017482517482517483
0 0.04820627802690583 0.6748251748251748 0.006726457399103139 0.0034965034965034965
0 0.19506726457399104 0.6652097902097902 0.004484304932735426 0.0017482517482517483
0 0.1905829596412556 0.6433566433566433 0.008968609865470852 0.0034965034965034965
0 0.06278026905829596 0.6328671328671329 0.004484304932735426 0.0034965034965034965
0 0.5582959641255605 0.791958041958042 0.7937219730941704 0.3321678321678322
0 0.05044843049327354 0.6197552447552448 0.02914798206278027 0.008741258741258742
0 0.30493273542600896 0.7001748251748252 0.45739910313901344 0.17307692307692307
0 0.9955156950672646 0.6005244755244755 0.008968609865470852 0.015734265734265736
0 0.452914798206278 0.4396853146853147 0.03587443946188341 0.026223776223776224
0 0.9910313901345291 0.44667832167832167 0.017937219730941704 0.05419580419580419
0 0.08744394618834081 0.41083916083916083 0.02242152466367713 0.02097902097902098
0 0.5022421524663677 0.3173076923076923 0.013452914798206279 0.008741258741258742
0 0.9786995515695067 0.25961538461538464 0.042600896860986545 0.012237762237762238
0 0.7757847533632287 0.20716783216783216 0.008968609865470852 0.012237762237762238
0 0.8026905829596412 0.1993006993006993 0.008968609865470852 0.013986013986013986
0 0.7690582959641256 0.19493006993006992 0.004484304932735426 0.005244755244755245
0 0.9630044843049327 0.13374125874125875 0.002242152466367713 0.0017482517482517483
0 0.47533632286995514 0.36451048951048953 0.9192825112107623 0.48776223776223776
0 0.8071748878923767 0.10227272727272728 0.02242152466367713 0.008741258741258742
0 0.7567264573991032 0.08828671328671328 0.10986547085201794 0.02972027972027972
0 0.5919282511210763 0.07954545454545454 0.20179372197309417 0.012237762237762238
0 0.9618834080717489 0.019230769230769232 0.04035874439461883 0.01048951048951049
0 0.12331838565022421 0.02972027972027972 0.07174887892376682 0.05944055944055944
