0 0.6714628297362111 0.9929824561403509 0.03836930455635491 0.014035087719298246
0 0.5 0.9859649122807017 0.03117505995203837 0.028070175438596492
0 0.6402877697841727 0.9754385964912281 0.009592326139088728 0.014035087719298246
0 0.6103117505995204 0.9842105263157894 0.011990407673860911 0.031578947368421054
0 0.4448441247002398 0.9842105263157894 0.05995203836930456 0.031578947368421054
0 0.381294964028777 0.9824561403508771 0.03836930455635491 0.03508771929824561
0 0.7314148681055156 0.9666666666666667 0.0671462829736211 0.06666666666666667
0 0.44844124700239807 0.9596491228070175 0.2829736211031175 0.08070175438596491
0 0.5 0.48771929824561405 1.0 0.8070175438596491
0 0.6714628297362111 0.04035087719298246 0.014388489208633094 0.010526315789473684
0 0.6738609112709832 0.014035087719298246 0.014388489208633094 0.028070175438596492
0 0.6414868105515588 0.02456140350877193 0.03117505995203837 0.04912280701754386
0 0.60431654676259 0.02280701754385965 0.014388489208633094 0.0456140350877193
0 0.4904076738609113 0.014035087719298246 0.011990407673860911 0.028070175438596492
0 0.460431654676259 0.014035087719298246 0.014388489208633094 0.028070175438596492
0 0.4196642685851319 0.012280701754385965 0.014388489208633094 0.02456140350877193
0 0.37889688249400477 0.012280701754385965 0.04316546762589928 0.02456140350877193
