0 0.4546191247974068 0.993421052631579 0.014586709886547812 0.013157894736842105
0 0.41572123176661263 0.993421052631579 0.017828200972447326 0.013157894736842105
0 0.3841166936790924 0.993421052631579 0.012965964343598054 0.013157894736842105
0 0.5210696920583469 0.9890350877192983 0.004862236628849271 0.008771929824561403
0 0.5364667747163695 0.9824561403508771 0.006482982171799027 0.0043859649122807015
0 0.35899513776337116 0.981359649122807 0.03727714748784441 0.03728070175438596
0 0.4319286871961102 0.9649122807017544 0.011345218800648298 0.008771929824561403
0 0.03484602917341977 0.9078947368421053 0.027552674230145867 0.0043859649122807015
0 0.9692058346839546 0.8497807017543859 0.0032414910858995136 0.0021929824561403508
0 0.9700162074554295 0.8388157894736842 0.004862236628849271 0.0021929824561403508
0 0.023500810372771474 0.8366228070175439 0.017828200972447326 0.006578947368421052
0 0.9675850891410048 0.8289473684210527 0.0032414910858995136 0.0043859649122807015
0 0.07374392220421394 0.8245614035087719 0.014586709886547812 0.008771929824561403
0 0.9716369529983793 0.8168859649122807 0.0016207455429497568 0.0021929824561403508
0 0.986223662884927 0.7774122807017544 0.027552674230145867 0.006578947368421052
0 0.3427876823338736 0.7620614035087719 0.0016207455429497568 0.0021929824561403508
0 0.02674230145867099 0.756578947368421 0.014586709886547812 0.0043859649122807015
0 0.8403565640194489 0.768640350877193 0.1053484602917342 0.041666666666666664
0 0.37763371150729336 0.7478070175438597 0.03889789303079417 0.013157894736842105
0 0.023500810372771474 0.743421052631579 0.011345218800648298 0.0043859649122807015
0 0.8314424635332253 0.7401315789473685 0.006482982171799027 0.0021929824561403508
0 0.7179902755267423 0.7368421052631579 0.022690437601296597 0.021929824561403508
0 0.9084278768233387 0.7291666666666666 0.02106969205834684 0.019736842105263157
0 0.9027552674230146 0.7127192982456141 0.019448946515397084 0.02631578947368421
0 0.2633711507293355 0.7105263157894737 0.07941653160453808 0.05701754385964912
0 0.49027552674230146 0.5120614035087719 0.06320907617504051 0.03728070175438596
0 0.3889789303079417 0.48903508771929827 0.006482982171799027 0.0043859649122807015
0 0.7123176661264181 0.49780701754385964 0.07293354943273905 0.05701754385964912
0 0.7042139384116693 0.4605263157894737 0.004862236628849271 0.0043859649122807015
0 0.5307941653160454 0.46381578947368424 0.02106969205834684 0.03289473684210526
0 0.5186385737439222 0.4506578947368421 0.006482982171799027 0.010964912280701754
0 0.008103727714748784 0.42214912280701755 0.0032414910858995136 0.0021929824561403508
0 0.5648298217179902 0.4155701754385965 0.0016207455429497568 0.0021929824561403508
0 0.5794165316045381 0.42872807017543857 0.04700162074554295 0.03728070175438596
0 0.993517017828201 0.3925438596491228 0.006482982171799027 0.0043859649122807015
0 0.009724473257698542 0.38706140350877194 0.0032414910858995136 0.0021929824561403508
0 0.993517017828201 0.38048245614035087 0.006482982171799027 0.006578947368421052
0 0.9918962722852512 0.36951754385964913 0.006482982171799027 0.006578947368421052
0 0.5 0.48464912280701755 1.0 0.9035087719298246
0 0.5372771474878444 0.021929824561403508 0.014586709886547812 0.008771929824561403
0 0.5243111831442464 0.017543859649122806 0.0016207455429497568 0.0043859649122807015
0 0.5243111831442464 0.005482456140350877 0.0016207455429497568 0.0021929824561403508
0 0.6021069692058347 0.020833333333333332 0.03403565640194489 0.041666666666666664
0 0.559967585089141 0.0043859649122807015 0.011345218800648298 0.008771929824561403
0 0.4586709886547812 0.006578947368421052 0.006482982171799027 0.013157894736842105
0 0.42706645056726095 0.007675438596491228 0.03403565640194489 0.015350877192982455
0 0.3897893030794165 0.006578947368421052 0.008103727714748784 0.013157894736842105
0 0.42949756888168555 0.020833333333333332 0.17179902755267423 0.041666666666666664
