0 0.4230769230769231 0.9968152866242038 0.004709576138147566 0.006369426751592357
0 0.4937205651491366 0.9957537154989384 0.01098901098901099 0.008492569002123142
0 0.4474097331240188 0.9957537154989384 0.0031397174254317113 0.008492569002123142
0 0.956828885400314 0.7377919320594479 0.0015698587127158557 0.0021231422505307855
0 0.989010989010989 0.7356687898089171 0.0031397174254317113 0.0021231422505307855
0 0.9905808477237049 0.6666666666666666 0.018838304552590265 0.004246284501061571
0 0.9631083202511774 0.6528662420382165 0.01726844583987441 0.006369426751592357
0 0.5 0.4989384288747346 1.0 0.8704883227176221
0 0.533751962323391 0.012738853503184714 0.0031397174254317113 0.008492569002123142
0 0.44191522762951335 0.018046709129511677 0.007849293563579277 0.01910828025477707
0 0.6185243328100472 0.028662420382165606 0.012558869701726845 0.05732484076433121
0 0.5989010989010989 0.028662420382165606 0.007849293563579277 0.05732484076433121
0 0.5682888540031397 0.01167728237791932 0.006279434850863423 0.02335456475583864
0 0.4638932496075353 0.013800424628450107 0.004709576138147566 0.027600849256900213
0 0.41993720565149134 0.013800424628450107 0.01098901098901099 0.027600849256900213
0 0.39481946624803765 0.013800424628450107 0.004709576138147566 0.027600849256900213
0 0.434850863422292 0.027600849256900213 0.1695447409733124 0.055201698513800426
