0 0.430622009569378 0.9771929824561404 0.004784688995215311 0.0035087719298245615
0 0.5191387559808612 0.9859649122807017 0.08133971291866028 0.028070175438596492
0 0.45933014354066987 0.9754385964912281 0.03349282296650718 0.007017543859649123
0 0.2679425837320574 0.9842105263157894 0.2679425837320574 0.031578947368421054
0 0.004784688995215311 0.7578947368421053 0.009569377990430622 0.007017543859649123
0 0.008373205741626795 0.6754385964912281 0.0023923444976076554 0.0035087719298245615
0 0.007177033492822967 0.5842105263157895 0.014354066985645933 0.010526315789473684
0 0.8696172248803827 0.5684210526315789 0.0023923444976076554 0.007017543859649123
0 0.9940191387559809 0.543859649122807 0.011961722488038277 0.007017543859649123
0 0.9820574162679426 0.44035087719298244 0.0023923444976076554 0.0035087719298245615
0 0.9988038277511961 0.43859649122807015 0.0023923444976076554 0.007017543859649123
0 0.32177033492822965 0.38421052631578945 0.02631578947368421 0.010526315789473684
0 0.45454545454545453 0.37894736842105264 0.04784688995215311 0.014035087719298246
0 0.9712918660287081 0.35964912280701755 0.05741626794258373 0.017543859649122806
0 0.8851674641148325 0.36140350877192984 0.06698564593301436 0.03508771929824561
0 0.4366028708133971 0.3368421052631579 0.01674641148325359 0.007017543859649123
0 0.9688995215311005 0.2824561403508772 0.004784688995215311 0.0035087719298245615
0 0.9820574162679426 0.2771929824561403 0.0023923444976076554 0.007017543859649123
0 0.9509569377990431 0.2807017543859649 0.011961722488038277 0.014035087719298246
0 0.9712918660287081 0.21578947368421053 0.05741626794258373 0.08771929824561403
0 0.527511961722488 0.15263157894736842 0.03110047846889952 0.017543859649122806
0 0.5299043062200957 0.1280701754385965 0.02631578947368421 0.017543859649122806
0 0.5382775119617225 0.09473684210526316 0.009569377990430622 0.014035087719298246
0 0.49521531100478466 0.11578947368421053 0.06698564593301436 0.0912280701754386
0 0.4964114832535885 0.07368421052631578 0.011961722488038277 0.014035087719298246
0 0.5 0.49122807017543857 1.0 0.9122807017543859
