0 0.39 0.9961389961389961 0.005714285714285714 0.007722007722007722
0 0.5607142857142857 0.9874517374517374 0.012857142857142857 0.009652509652509652
0 0.38785714285714284 0.9826254826254827 0.007142857142857143 0.011583011583011582
0 0.415 0.9845559845559846 0.01 0.03088803088803089
0 0.5914285714285714 0.971042471042471 0.005714285714285714 0.007722007722007722
0 0.44285714285714284 0.9835907335907336 0.008571428571428572 0.032818532818532815
0 0.48642857142857143 0.9826254826254827 0.012857142857142857 0.03474903474903475
0 0.39714285714285713 0.9459459459459459 0.005714285714285714 0.003861003861003861
0 0.4407142857142857 0.944015444015444 0.004285714285714286 0.003861003861003861
0 0.75 0.7760617760617761 0.002857142857142857 0.007722007722007722
0 0.7685714285714286 0.7596525096525096 0.005714285714285714 0.005791505791505791
0 0.7478571428571429 0.7606177606177607 0.004285714285714286 0.007722007722007722
0 0.8021428571428572 0.7567567567567568 0.027142857142857142 0.007722007722007722
0 0.9014285714285715 0.7548262548262549 0.054285714285714284 0.007722007722007722
0 0.7664285714285715 0.747104247104247 0.004285714285714286 0.003861003861003861
0 0.8 0.7461389961389961 0.025714285714285714 0.005791505791505791
0 0.905 0.7422779922779923 0.06428571428571428 0.005791505791505791
0 0.765 0.7355212355212355 0.004285714285714286 0.003861003861003861
0 0.7971428571428572 0.7345559845559846 0.022857142857142857 0.005791505791505791
0 0.9135714285714286 0.7287644787644788 0.06714285714285714 0.005791505791505791
0 0.9128571428571428 0.7162162162162162 0.06857142857142857 0.007722007722007722
0 0.6907142857142857 0.7123552123552124 0.01 0.003861003861003861
0 0.7664285714285715 0.7084942084942085 0.007142857142857143 0.003861003861003861
0 0.9021428571428571 0.7046332046332047 0.08714285714285715 0.007722007722007722
0 0.7714285714285715 0.696911196911197 0.022857142857142857 0.007722007722007722
0 0.8971428571428571 0.6920849420849421 0.10285714285714286 0.009652509652509652
0 0.7792857142857142 0.6853281853281853 0.01 0.003861003861003861
0 0.9171428571428571 0.6805019305019305 0.005714285714285714 0.0019305019305019305
0 0.9035714285714286 0.6805019305019305 0.01 0.0019305019305019305
0 0.7914285714285715 0.6737451737451737 0.017142857142857144 0.003861003861003861
0 0.7721428571428571 0.6737451737451737 0.015714285714285715 0.003861003861003861
0 0.7614285714285715 0.6621621621621622 0.014285714285714285 0.003861003861003861
0 0.7957142857142857 0.6611969111969112 0.04857142857142857 0.005791505791505791
0 0.7642857142857142 0.6496138996138996 0.008571428571428572 0.0019305019305019305
0 0.7478571428571429 0.6486486486486487 0.015714285714285715 0.007722007722007722
0 0.9485714285714286 0.6283783783783784 0.002857142857142857 0.0019305019305019305
0 0.9192857142857143 0.6187258687258688 0.004285714285714286 0.0019305019305019305
0 0.9064285714285715 0.6187258687258688 0.015714285714285715 0.0019305019305019305
0 0.9385714285714286 0.6177606177606177 0.02857142857142857 0.003861003861003861
0 0.03785714285714286 0.3658301158301158 0.01 0.021235521235521235
0 0.04071428571428572 0.3465250965250965 0.01 0.005791505791505791
0 0.48928571428571427 0.28378378378378377 0.004285714285714286 0.003861003861003861
0 0.6121428571428571 0.28185328185328185 0.23857142857142857 0.007722007722007722
0 0.48714285714285716 0.27606177606177607 0.011428571428571429 0.003861003861003861
0 0.26857142857142857 0.27702702702702703 0.3914285714285714 0.017374517374517374
0 0.5 0.4826254826254826 1.0 0.8648648648648649
0 0.015 0.0444015444015444 0.01 0.019305019305019305
0 0.5785714285714286 0.015444015444015444 0.002857142857142857 0.003861003861003861
0 0.5514285714285714 0.009652509652509652 0.005714285714285714 0.007722007722007722
0 0.4785714285714286 0.003861003861003861 0.005714285714285714 0.007722007722007722
0 0.4328571428571429 0.004826254826254826 0.005714285714285714 0.009652509652509652
0 0.4114285714285714 0.003861003861003861 0.005714285714285714 0.007722007722007722
