0 0.5970744680851063 0.9630350194552529 0.06648936170212766 0.07392996108949416
0 0.3125 0.9241245136186771 0.013297872340425532 0.011673151750972763
0 0.43351063829787234 0.9494163424124513 0.026595744680851064 0.07003891050583658
0 0.386968085106383 0.9513618677042801 0.018617021276595744 0.07392996108949416
0 0.33111702127659576 0.9494163424124513 0.05585106382978723 0.07003891050583658
0 0.5824468085106383 0.9085603112840467 0.005319148936170213 0.0038910505836575876
0 0.5518617021276596 0.953307392996109 0.018617021276595744 0.0933852140077821
0 0.5997340425531915 0.9066147859922179 0.007978723404255319 0.007782101167315175
0 0.16356382978723405 0.6595330739299611 0.007978723404255319 0.0038910505836575876
0 0.22872340425531915 0.6303501945525292 0.005319148936170213 0.007782101167315175
0 0.1875 0.6439688715953308 0.02925531914893617 0.03501945525291829
0 0.2247340425531915 0.6167315175097277 0.007978723404255319 0.011673151750972763
0 0.08111702127659574 0.5719844357976653 0.018617021276595744 0.007782101167315175
0 0.5 0.4474708171206226 1.0 0.8249027237354085
0 0.35771276595744683 0.009727626459143969 0.27393617021276595 0.019455252918287938
