0 0.5011990407673861 0.9964788732394366 0.014388489208633094 0.007042253521126761
0 0.486810551558753 0.9964788732394366 0.004796163069544364 0.007042253521126761
0 0.45323741007194246 0.9964788732394366 0.004796163069544364 0.007042253521126761
0 0.5935251798561151 0.9947183098591549 0.002398081534772182 0.01056338028169014
0 0.3513189448441247 0.9929577464788732 0.016786570743405275 0.014084507042253521
0 0.2997601918465228 0.9876760563380281 0.04316546762589928 0.02464788732394366
0 0.2434052757793765 0.9859154929577465 0.03117505995203837 0.028169014084507043
0 0.3069544364508393 0.9630281690140845 0.2589928057553957 0.07394366197183098
0 0.001199040767386091 0.8362676056338029 0.002398081534772182 0.0035211267605633804
0 0.005995203836930456 0.545774647887324 0.011990407673860911 0.014084507042253521
0 0.9556354916067147 0.4630281690140845 0.08872901678657075 0.6373239436619719
0 0.0683453237410072 0.12852112676056338 0.002398081534772182 0.0035211267605633804
0 0.4748201438848921 0.11971830985915492 0.03357314148681055 0.007042253521126761
0 0.45323741007194246 0.11795774647887323 0.004796163069544364 0.0035211267605633804
0 0.44964028776978415 0.5299295774647887 0.8848920863309353 0.8274647887323944
0 0.5143884892086331 0.08626760563380281 0.016786570743405275 0.02464788732394366
0 0.4940047961630695 0.07570422535211267 0.009592326139088728 0.01056338028169014
0 0.47961630695443647 0.058098591549295774 0.009592326139088728 0.017605633802816902
0 0.49640287769784175 0.03345070422535211 0.014388489208633094 0.02464788732394366
0 0.5671462829736211 0.06514084507042253 0.06474820143884892 0.13028169014084506
0 0.5107913669064749 0.01232394366197183 0.019184652278177457 0.02464788732394366
0 0.4856115107913669 0.00528169014084507 0.011990407673860911 0.01056338028169014
0 0.46522781774580335 0.04929577464788732 0.04316546762589928 0.09859154929577464
0 0.3537170263788969 0.03873239436619718 0.03117505995203837 0.07746478873239436
0 0.302158273381295 0.03873239436619718 0.05755395683453238 0.07746478873239436
0 0.24100719424460432 0.035211267605633804 0.03117505995203837 0.07042253521126761
0 0.3057553956834532 0.05985915492957746 0.26618705035971224 0.11971830985915492
