0 0.6069277108433735 0.9988207547169812 0.0030120481927710845 0.0023584905660377358
0 0.6054216867469879 0.9834905660377359 0.09036144578313253 0.0330188679245283
0 0.49849397590361444 0.972877358490566 0.4608433734939759 0.054245283018867926
0 0.8659638554216867 0.660377358490566 0.07530120481927711 0.018867924528301886
0 0.7996987951807228 0.6580188679245284 0.02108433734939759 0.014150943396226415
0 0.7605421686746988 0.6556603773584906 0.045180722891566265 0.018867924528301886
0 0.5 0.5023584905660378 1.0 0.8537735849056604
0 0.9066265060240963 0.08608490566037735 0.18674698795180722 0.030660377358490566
0 0.6204819277108434 0.0695754716981132 0.006024096385542169 0.0023584905660377358
0 0.6219879518072289 0.03419811320754717 0.009036144578313253 0.01179245283018868
0 0.43373493975903615 0.04716981132075472 0.030120481927710843 0.03773584905660377
0 0.3207831325301205 0.04834905660377359 0.045180722891566265 0.04009433962264151
0 0.3810240963855422 0.04716981132075472 0.0572289156626506 0.04245283018867924
0 0.5783132530120482 0.027122641509433963 0.012048192771084338 0.007075471698113208
0 0.5737951807228916 0.04834905660377359 0.07530120481927711 0.049528301886792456
