0 0.6175595238095238 0.9988344988344988 0.002976190476190476 0.002331002331002331
0 0.5654761904761905 0.9953379953379954 0.047619047619047616 0.009324009324009324
0 0.47619047619047616 0.9836829836829837 0.4523809523809524 0.03263403263403263
0 0.5 0.5174825174825175 1.0 0.8671328671328671
0 0.5431547619047619 0.07575757575757576 0.044642857142857144 0.016317016317016316
0 0.5877976190476191 0.05827505827505827 0.008928571428571428 0.009324009324009324
0 0.4166666666666667 0.053613053613053616 0.02976190476190476 0.04195804195804196
0 0.30357142857142855 0.054778554778554776 0.041666666666666664 0.04428904428904429
0 0.3630952380952381 0.053613053613053616 0.05952380952380952 0.046620046620046623
0 0.5565476190476191 0.027972027972027972 0.005952380952380952 0.004662004662004662
0 0.5505952380952381 0.045454545454545456 0.06547619047619048 0.039627039627039624
