0 0.3721518987341772 0.9703703703703703 0.030379746835443037 0.05925925925925926
0 0.32531645569620254 0.9703703703703703 0.017721518987341773 0.05925925925925926
0 0.2708860759493671 0.9703703703703703 0.05569620253164557 0.05925925925925926
0 0.5101265822784811 0.9685185185185186 0.06329113924050633 0.06296296296296296
0 0.5151898734177215 0.9388888888888889 0.007594936708860759 0.011111111111111112
0 0.5 0.4648148148148148 1.0 0.7962962962962963
0 0.6151898734177215 0.024074074074074074 0.05063291139240506 0.04814814814814815
0 0.5582278481012658 0.012962962962962963 0.02278481012658228 0.025925925925925925
0 0.5240506329113924 0.012962962962962963 0.020253164556962026 0.025925925925925925
0 0.49240506329113926 0.011111111111111112 0.007594936708860759 0.022222222222222223
0 0.3367088607594937 0.022222222222222223 0.27341772151898736 0.044444444444444446
