0 0.7416267942583732 0.9859649122807017 0.014354066985645933 0.014035087719298246
0 0.7631578947368421 0.9859649122807017 0.023923444976076555 0.028070175438596492
0 0.5586124401913876 0.9824561403508771 0.02631578947368421 0.03508771929824561
0 0.7332535885167464 0.968421052631579 0.007177033492822967 0.014035087719298246
0 0.7547846889952153 0.9508771929824561 0.03588516746411483 0.042105263157894736
0 0.5921052631578947 0.9649122807017544 0.03110047846889952 0.07017543859649122
0 0.4772727272727273 0.9649122807017544 0.050239234449760764 0.07017543859649122
0 0.5394736842105263 0.9631578947368421 0.05980861244019139 0.07368421052631578
0 0.7069377990430622 0.9596491228070175 0.03588516746411483 0.08070175438596491
0 0.7344497607655502 0.9228070175438596 0.028708133971291867 0.021052631578947368
0 0.6244019138755981 0.9403508771929825 0.44019138755980863 0.11929824561403508
0 0.9820574162679426 0.8280701754385965 0.007177033492822967 0.007017543859649123
0 0.9976076555023924 0.7894736842105263 0.004784688995215311 0.007017543859649123
0 0.9856459330143541 0.49122807017543857 0.028708133971291867 0.007017543859649123
0 0.028708133971291867 0.6228070175438597 0.05741626794258373 0.4456140350877193
0 0.023923444976076555 0.37719298245614036 0.04784688995215311 0.031578947368421054
0 0.022727272727272728 0.3368421052631579 0.045454545454545456 0.028070175438596492
0 0.9940191387559809 0.3140350877192982 0.0023923444976076554 0.0035087719298245615
0 0.9820574162679426 0.3 0.03588516746411483 0.031578947368421054
0 0.9820574162679426 0.15789473684210525 0.03588516746411483 0.014035087719298246
0 0.9916267942583732 0.11929824561403508 0.007177033492822967 0.007017543859649123
0 0.9748803827751196 0.11228070175438597 0.007177033492822967 0.014035087719298246
0 0.02631578947368421 0.18421052631578946 0.05263157894736842 0.256140350877193
0 0.5191387559808612 0.45087719298245615 0.8995215311004785 0.8105263157894737
