0 0.4613861386138614 0.9866666666666667 0.19801980198019803 0.02666666666666667
0 0.6633663366336634 0.9783333333333334 0.04356435643564356 0.043333333333333335
0 0.013861386138613862 0.8316666666666667 0.027722772277227723 0.15
0 0.7831683168316832 0.5633333333333334 0.0019801980198019802 0.006666666666666667
0 0.009900990099009901 0.525 0.019801980198019802 0.18333333333333332
0 0.9574257425742574 0.515 0.06534653465346535 0.21
0 0.9217821782178218 0.31 0.08118811881188119 0.16
0 0.011881188118811881 0.16 0.023762376237623763 0.12
0 0.9475247524752475 0.135 0.041584158415841586 0.11666666666666667
0 0.504950495049505 0.5116666666666667 0.9386138613861386 0.8966666666666666
0 0.6207920792079208 0.02 0.02574257425742574 0.04
0 0.504950495049505 0.016666666666666666 0.015841584158415842 0.03333333333333333
0 0.4782178217821782 0.018333333333333333 0.013861386138613862 0.03666666666666667
0 0.4524752475247525 0.018333333333333333 0.013861386138613862 0.03666666666666667
0 0.4287128712871287 0.018333333333333333 0.013861386138613862 0.03666666666666667
