0 0.6300813008130082 0.9948805460750854 0.0040650406504065045 0.010238907849829351
0 0.5955284552845529 0.9880546075085325 0.052845528455284556 0.023890784982935155
0 0.45934959349593496 0.9812286689419796 0.2073170731707317 0.03754266211604096
0 0.6636178861788617 0.9692832764505119 0.046747967479674794 0.06143344709897611
0 0.834349593495935 0.7286689419795221 0.006097560975609756 0.010238907849829351
0 0.8282520325203252 0.7133105802047781 0.0020325203252032522 0.006825938566552901
0 0.8028455284552846 0.6962457337883959 0.0040650406504065045 0.006825938566552901
0 0.8302845528455285 0.6911262798634812 0.006097560975609756 0.010238907849829351
0 0.8282520325203252 0.6774744027303754 0.0020325203252032522 0.0034129692832764505
0 0.8089430894308943 0.6774744027303754 0.008130081300813009 0.010238907849829351
0 0.7896341463414634 0.6757679180887372 0.006097560975609756 0.006825938566552901
0 0.9420731707317073 0.6791808873720137 0.022357723577235773 0.027303754266211604
0 0.7835365853658537 0.6621160409556314 0.0020325203252032522 0.006825938566552901
0 0.9441056910569106 0.6501706484641638 0.014227642276422764 0.010238907849829351
0 0.9451219512195121 0.6348122866894198 0.0040650406504065045 0.006825938566552901
0 0.9136178861788617 0.5426621160409556 0.006097560975609756 0.013651877133105802
0 0.7886178861788617 0.5290102389078498 0.024390243902439025 0.06825938566552901
0 0.7855691056910569 0.44368600682593856 0.022357723577235773 0.027303754266211604
0 0.9298780487804879 0.42150170648464164 0.01016260162601626 0.010238907849829351
0 0.014227642276422764 0.6416382252559727 0.028455284552845527 0.5119453924914675
0 0.9634146341463414 0.5017064846416383 0.07317073170731707 0.23890784982935154
0 0.009146341463414634 0.3720136518771331 0.0020325203252032522 0.006825938566552901
0 0.009146341463414634 0.3464163822525597 0.006097560975609756 0.023890784982935155
0 0.008130081300813009 0.30887372013651876 0.0040650406504065045 0.010238907849829351
0 0.9217479674796748 0.2935153583617747 0.09146341463414634 0.16382252559726962
0 0.9613821138211383 0.19795221843003413 0.008130081300813009 0.006825938566552901
0 0.9898373983739838 0.11092150170648464 0.02032520325203252 0.010238907849829351
0 0.891260162601626 0.11092150170648464 0.006097560975609756 0.010238907849829351
0 0.9115853658536586 0.11092150170648464 0.006097560975609756 0.017064846416382253
0 0.012195121951219513 0.15870307167235495 0.024390243902439025 0.13310580204778158
0 0.948170731707317 0.12116040955631399 0.042682926829268296 0.11945392491467577
0 0.7754065040650406 0.09556313993174062 0.026422764227642278 0.07508532423208192
0 0.5121951219512195 0.5 0.959349593495935 0.8907849829351536
0 0.6036585365853658 0.03754266211604096 0.008130081300813009 0.006825938566552901
0 0.6351626016260162 0.034129692832764506 0.006097560975609756 0.006825938566552901
0 0.6239837398373984 0.020477815699658702 0.036585365853658534 0.040955631399317405
0 0.5833333333333334 0.020477815699658702 0.008130081300813009 0.040955631399317405
0 0.5050813008130082 0.01877133105802048 0.014227642276422764 0.03754266211604096
0 0.4654471544715447 0.020477815699658702 0.04065040650406504 0.040955631399317405
0 0.42378048780487804 0.020477815699658702 0.03048780487804878 0.040955631399317405
