0 0.13760683760683762 0.9972766884531591 0.008547008547008548 0.0054466230936819175
0 0.17863247863247864 0.9934640522875817 0.011965811965811967 0.013071895424836602
0 0.12478632478632479 0.9847494553376906 0.006837606837606838 0.006535947712418301
0 0.05726495726495726 0.9787581699346405 0.005128205128205128 0.0054466230936819175
0 0.1094017094017094 0.9705882352941176 0.010256410256410256 0.006535947712418301
0 0.05811965811965812 0.9749455337690632 0.11623931623931624 0.05010893246187364
0 0.09401709401709402 0.9564270152505446 0.02735042735042735 0.02178649237472767
0 0.8965811965811966 0.9449891067538126 0.07008547008547009 0.007625272331154684
0 0.635042735042735 0.9656862745098039 0.7299145299145299 0.06862745098039216
0 0.4008547008547009 0.9297385620915033 0.005128205128205128 0.0010893246187363835
0 0.5384615384615384 0.9281045751633987 0.26666666666666666 0.004357298474945534
0 0.4393162393162393 0.923202614379085 0.013675213675213675 0.0010893246187363835
0 0.5333333333333333 0.9221132897603486 0.003418803418803419 0.0010893246187363835
0 0.5230769230769231 0.9221132897603486 0.010256410256410256 0.0010893246187363835
0 0.46324786324786327 0.9226579520697168 0.023931623931623933 0.002178649237472767
0 0.6410256410256411 0.9215686274509803 0.06837606837606838 0.002178649237472767
0 0.576068376068376 0.9215686274509803 0.044444444444444446 0.002178649237472767
0 0.5444444444444444 0.9150326797385621 0.26495726495726496 0.004357298474945534
0 0.5606837606837607 0.9014161220043573 0.26324786324786326 0.0054466230936819175
0 0.6512820512820513 0.8937908496732027 0.010256410256410256 0.0010893246187363835
0 0.629059829059829 0.8937908496732027 0.020512820512820513 0.0010893246187363835
0 0.5726495726495726 0.8867102396514162 0.24957264957264957 0.006535947712418301
0 0.6598290598290598 0.8785403050108932 0.003418803418803419 0.0010893246187363835
0 0.5709401709401709 0.8790849673202614 0.15042735042735042 0.002178649237472767
0 0.039316239316239315 0.8758169934640523 0.013675213675213675 0.002178649237472767
0 0.005982905982905983 0.8758169934640523 0.011965811965811967 0.002178649237472767
0 0.5837606837606838 0.8720043572984749 0.22735042735042735 0.0054466230936819175
0 0.5803418803418804 0.8654684095860566 0.005128205128205128 0.0010893246187363835
0 0.5547008547008547 0.8654684095860566 0.008547008547008548 0.0010893246187363835
0 0.5376068376068376 0.8654684095860566 0.011965811965811967 0.0010893246187363835
0 0.6555555555555556 0.8643790849673203 0.015384615384615385 0.0010893246187363835
0 0.629059829059829 0.8649237472766884 0.02735042735042735 0.002178649237472767
0 0.5991452991452991 0.8649237472766884 0.02564102564102564 0.002178649237472767
0 0.05811965811965812 0.8622004357298475 0.010256410256410256 0.0010893246187363835
0 0.023931623931623933 0.8622004357298475 0.017094017094017096 0.0010893246187363835
0 0.009401709401709401 0.8622004357298475 0.005128205128205128 0.0010893246187363835
0 0.5914529914529915 0.8589324618736384 0.20170940170940171 0.0054466230936819175
0 0.535042735042735 0.8534858387799564 0.003418803418803419 0.0010893246187363835
0 0.6581196581196581 0.8523965141612201 0.020512820512820513 0.0010893246187363835
0 0.5948717948717949 0.8529411764705882 0.08888888888888889 0.004357298474945534
0 0.33076923076923076 0.8366013071895425 0.008547008547008548 0.002178649237472767
0 0.7341880341880341 0.8333333333333334 0.0017094017094017094 0.004357298474945534
0 0.2076923076923077 0.835511982570806 0.018803418803418803 0.008714596949891068
0 0.16153846153846155 0.8316993464052288 0.0017094017094017094 0.0010893246187363835
0 0.3487179487179487 0.8262527233115469 0.006837606837606838 0.0032679738562091504
0 0.23076923076923078 0.8273420479302832 0.023931623931623933 0.016339869281045753
0 0.1675213675213675 0.8262527233115469 0.037606837606837605 0.014161220043572984
0 0.9803418803418803 0.8044662309368191 0.039316239316239315 0.05337690631808279
0 0.9777777777777777 0.7734204793028322 0.013675213675213675 0.002178649237472767
0 0.9786324786324786 0.7674291938997821 0.018803418803418803 0.0032679738562091504
0 0.6085470085470085 0.8028322440087146 0.18461538461538463 0.07625272331154684
0 0.9786324786324786 0.7608932461873639 0.018803418803418803 0.0032679738562091504
0 0.6641025641025641 0.7603485838779956 0.05299145299145299 0.004357298474945534
0 0.9786324786324786 0.7543572984749455 0.018803418803418803 0.0032679738562091504
0 0.6709401709401709 0.7543572984749455 0.04957264957264957 0.0054466230936819175
0 0.9794871794871794 0.7472766884531591 0.017094017094017096 0.004357298474945534
0 0.7487179487179487 0.7412854030501089 0.003418803418803419 0.0010893246187363835
0 0.7008547008547008 0.7445533769063181 0.08547008547008547 0.00980392156862745
0 0.6829059829059829 0.735838779956427 0.005128205128205128 0.0010893246187363835
0 0.941025641025641 0.7293028322440087 0.005128205128205128 0.0010893246187363835
0 0.9256410256410257 0.7293028322440087 0.0017094017094017094 0.0010893246187363835
0 0.9145299145299145 0.7293028322440087 0.010256410256410256 0.0010893246187363835
0 0.9025641025641026 0.7298474945533769 0.006837606837606838 0.002178649237472767
0 0.8914529914529915 0.7293028322440087 0.005128205128205128 0.0010893246187363835
0 0.8794871794871795 0.7298474945533769 0.005128205128205128 0.002178649237472767
0 0.8666666666666667 0.7298474945533769 0.006837606837606838 0.002178649237472767
0 0.8564102564102564 0.7298474945533769 0.010256410256410256 0.002178649237472767
0 0.8350427350427351 0.7320261437908496 0.3094017094017094 0.010893246187363835
0 0.25811965811965815 0.7096949891067538 0.003418803418803419 0.0010893246187363835
0 0.8452991452991453 0.7058823529411765 0.29914529914529914 0.0392156862745098
0 0.7760683760683761 0.6160130718954249 0.020512820512820513 0.007625272331154684
0 0.7094017094017094 0.5816993464052288 0.03418803418803419 0.02178649237472767
0 0.8076923076923077 0.5822440087145969 0.06324786324786325 0.042483660130718956
0 0.6948717948717948 0.568082788671024 0.011965811965811967 0.016339869281045753
0 0.6393162393162393 0.5495642701525054 0.003418803418803419 0.0010893246187363835
0 0.11282051282051282 0.5697167755991286 0.023931623931623933 0.04357298474945534
0 0.23931623931623933 0.545751633986928 0.041025641025641026 0.015250544662309368
0 0.6504273504273504 0.5403050108932462 0.022222222222222223 0.006535947712418301
0 0.3017094017094017 0.5375816993464052 0.02564102564102564 0.014161220043572984
0 0.6897435897435897 0.5288671023965141 0.0017094017094017094 0.0010893246187363835
0 0.33076923076923076 0.5266884531590414 0.0017094017094017094 0.0010893246187363835
0 0.2829059829059829 0.5386710239651417 0.035897435897435895 0.027233115468409588
0 0.6247863247863248 0.5245098039215687 0.0017094017094017094 0.0010893246187363835
0 0.9598290598290599 0.525599128540305 0.011965811965811967 0.0054466230936819175
0 0.21367521367521367 0.5288671023965141 0.017094017094017096 0.014161220043572984
0 0.7401709401709402 0.5386710239651417 0.07863247863247863 0.05337690631808279
0 0.9341880341880342 0.514161220043573 0.022222222222222223 0.013071895424836602
0 0.7735042735042735 0.5087145969498911 0.005128205128205128 0.002178649237472767
0 0.8367521367521368 0.5092592592592593 0.008547008547008548 0.0054466230936819175
0 0.8777777777777778 0.5005446623093682 0.011965811965811967 0.00980392156862745
0 0.8777777777777778 0.5904139433551199 0.24444444444444444 0.19172113289760348
0 0.9017094017094017 0.5049019607843137 0.02905982905982906 0.020697167755991286
0 0.8222222222222222 0.5 0.08205128205128205 0.017429193899782137
0 0.8196581196581196 0.4874727668845316 0.005128205128205128 0.0010893246187363835
0 0.36666666666666664 0.48856209150326796 0.008547008547008548 0.0032679738562091504
0 0.24102564102564103 0.5010893246187363 0.06153846153846154 0.02832244008714597
0 0.788034188034188 0.4874727668845316 0.020512820512820513 0.0032679738562091504
0 0.28547008547008546 0.5092592592592593 0.1094017094017094 0.046840958605664486
0 0.32393162393162395 0.659041394335512 0.6478632478632479 0.3660130718954248
0 0.07948717948717948 0.4749455337690632 0.018803418803418803 0.002178649237472767
0 0.03418803418803419 0.47549019607843135 0.06153846153846154 0.0054466230936819175
0 0.2982905982905983 0.4684095860566449 0.018803418803418803 0.002178649237472767
0 0.21794871794871795 0.4678649237472767 0.022222222222222223 0.0010893246187363835
0 0.08547008547008547 0.4684095860566449 0.023931623931623933 0.002178649237472767
0 0.05299145299145299 0.4684095860566449 0.013675213675213675 0.002178649237472767
0 0.03418803418803419 0.4684095860566449 0.010256410256410256 0.002178649237472767
0 0.015384615384615385 0.4684095860566449 0.010256410256410256 0.002178649237472767
0 0.5256410256410257 0.46296296296296297 0.03247863247863248 0.004357298474945534
0 0.294017094017094 0.46187363834422657 0.006837606837606838 0.002178649237472767
0 0.4641025641025641 0.46187363834422657 0.02905982905982906 0.004357298474945534
0 0.4042735042735043 0.4613289760348584 0.06324786324786325 0.0054466230936819175
0 0.3564102564102564 0.4613289760348584 0.022222222222222223 0.0054466230936819175
0 0.1658119658119658 0.46078431372549017 0.18461538461538463 0.004357298474945534
0 0.038461538461538464 0.46078431372549017 0.06324786324786325 0.004357298474945534
0 0.11196581196581197 0.4542483660130719 0.046153846153846156 0.002178649237472767
0 0.05641025641025641 0.4542483660130719 0.020512820512820513 0.002178649237472767
0 0.9555555555555556 0.4482570806100218 0.010256410256410256 0.0010893246187363835
0 0.042735042735042736 0.4482570806100218 0.07179487179487179 0.0054466230936819175
0 0.45726495726495725 0.44498910675381265 0.008547008547008548 0.0010893246187363835
0 0.3888888888888889 0.44880174291938996 0.13504273504273503 0.008714596949891068
0 0.5324786324786325 0.4455337690631808 0.05641025641025641 0.004357298474945534
0 0.28547008547008546 0.4444444444444444 0.006837606837606838 0.002178649237472767
0 0.24871794871794872 0.44389978213507625 0.005128205128205128 0.0010893246187363835
0 0.23675213675213674 0.44389978213507625 0.015384615384615385 0.0032679738562091504
0 0.18888888888888888 0.4466230936819172 0.21367521367521367 0.010893246187363835
0 0.05299145299145299 0.44281045751633985 0.05811965811965812 0.0032679738562091504
0 0.9478632478632478 0.4411764705882353 0.015384615384615385 0.002178649237472767
0 0.40683760683760684 0.4384531590413943 0.003418803418803419 0.0010893246187363835
0 0.3623931623931624 0.4384531590413943 0.006837606837606838 0.0010893246187363835
0 0.5290598290598291 0.43899782135076254 0.04957264957264957 0.004357298474945534
0 0.45897435897435895 0.4384531590413943 0.06324786324786325 0.0032679738562091504
0 0.33418803418803417 0.4384531590413943 0.015384615384615385 0.0032679738562091504
0 0.941025641025641 0.434640522875817 0.03247863247863248 0.002178649237472767
0 0.20341880341880342 0.43681917211328974 0.22905982905982905 0.006535947712418301
0 0.04871794871794872 0.4357298474945534 0.07692307692307693 0.004357298474945534
0 0.5367521367521367 0.4324618736383442 0.017094017094017096 0.004357298474945534
0 0.5102564102564102 0.43191721132897604 0.011965811965811967 0.0032679738562091504
0 0.4094017094017094 0.43137254901960786 0.005128205128205128 0.002178649237472767
0 0.4700854700854701 0.43137254901960786 0.05811965811965812 0.004357298474945534
0 0.935042735042735 0.4275599128540305 0.041025641025641026 0.0032679738562091504
0 0.9316239316239316 0.4210239651416122 0.07521367521367521 0.0054466230936819175
0 0.4324786324786325 0.417755991285403 0.02735042735042735 0.0054466230936819175
0 0.4 0.417755991285403 0.03076923076923077 0.0054466230936819175
0 0.9205128205128205 0.4133986928104575 0.07692307692307693 0.0032679738562091504
0 0.25726495726495724 0.4226579520697168 0.49743589743589745 0.02178649237472767
0 0.48717948717948717 0.41013071895424835 0.010256410256410256 0.0010893246187363835
0 0.46923076923076923 0.4106753812636166 0.008547008547008548 0.002178649237472767
0 0.9153846153846154 0.4068627450980392 0.10085470085470086 0.0054466230936819175
0 0.05555555555555555 0.4068627450980392 0.0905982905982906 0.0054466230936819175
0 0.4282051282051282 0.3959694989106754 0.005128205128205128 0.0010893246187363835
0 0.7931623931623931 0.39161220043572986 0.006837606837606838 0.0032679738562091504
0 0.5034188034188034 0.24836601307189543 0.9931623931623932 0.42483660130718953
0 0.12136752136752137 0.006535947712418301 0.041025641025641026 0.013071895424836602
