0 0.7701711491442543 0.992831541218638 0.009779951100244499 0.014336917562724014
0 0.7163814180929096 0.989247311827957 0.009779951100244499 0.021505376344086023
0 0.5599022004889975 0.989247311827957 0.029339853300733496 0.021505376344086023
0 0.7408312958435208 0.9874551971326165 0.019559902200488997 0.025089605734767026
0 0.7555012224938875 0.96415770609319 0.039119804400977995 0.043010752688172046
0 0.5941320293398533 0.9713261648745519 0.029339853300733496 0.05734767025089606
0 0.7029339853300733 0.9659498207885304 0.022004889975550123 0.06810035842293907
0 0.7359413202933985 0.9372759856630825 0.029339853300733496 0.017921146953405017
0 0.6259168704156479 0.946236559139785 0.4400977995110024 0.10752688172043011
0 0.9877750611246944 0.47491039426523296 0.02444987775061125 0.010752688172043012
0 0.9792176039119804 0.460573476702509 0.017114914425427872 0.010752688172043012
0 0.030562347188264057 0.6182795698924731 0.061124694376528114 0.4767025089605735
0 0.02567237163814181 0.3548387096774194 0.05134474327628362 0.02867383512544803
0 0.028117359413202935 0.2060931899641577 0.05623471882640587 0.25448028673835127
0 0.5366748166259169 0.46774193548387094 0.9266503667481663 0.8064516129032258
0 0.726161369193154 0.021505376344086023 0.014669926650366748 0.014336917562724014
0 0.6833740831295844 0.014336917562724014 0.06601466992665037 0.02867383512544803
