0 0.4191033138401559 0.978978978978979 0.3820662768031189 0.042042042042042045
0 0.005847953216374269 0.9076576576576577 0.003898635477582846 0.0045045045045045045
0 0.023391812865497075 0.8956456456456456 0.007797270955165692 0.0075075075075075074
0 0.015594541910331383 0.8903903903903904 0.003898635477582846 0.003003003003003003
0 0.009746588693957114 0.8851351351351351 0.007797270955165692 0.0045045045045045045
0 0.9775828460038987 0.9144144144144144 0.04483430799220273 0.06906906906906907
0 0.021442495126705652 0.8783783783783784 0.003898635477582846 0.003003003003003003
0 0.014619883040935672 0.8723723723723724 0.009746588693957114 0.009009009009009009
0 0.0029239766081871343 0.8716216216216216 0.005847953216374269 0.0075075075075075074
0 0.9990253411306043 0.6291291291291291 0.001949317738791423 0.003003003003003003
0 0.8167641325536062 0.28903903903903905 0.003898635477582846 0.0015015015015015015
0 0.8050682261208577 0.28903903903903905 0.003898635477582846 0.0015015015015015015
0 0.8333333333333334 0.21246246246246248 0.001949317738791423 0.0015015015015015015
0 0.8713450292397661 0.21246246246246248 0.05458089668615984 0.0045045045045045045
0 0.7797270955165692 0.21096096096096095 0.007797270955165692 0.0015015015015015015
0 0.9961013645224172 0.20045045045045046 0.007797270955165692 0.0075075075075075074
0 0.6764132553606238 0.16741741741741742 0.003898635477582846 0.0015015015015015015
0 0.6549707602339181 0.16666666666666666 0.011695906432748537 0.009009009009009009
0 0.6120857699805068 0.1569069069069069 0.003898635477582846 0.0045045045045045045
0 0.9727095516569201 0.17567567567567569 0.05458089668615984 0.06006006006006006
0 0.6247563352826511 0.14564564564564564 0.021442495126705652 0.009009009009009009
0 0.6296296296296297 0.12987987987987987 0.007797270955165692 0.010510510510510511
0 0.5984405458089669 0.11186186186186187 0.003898635477582846 0.0045045045045045045
0 0.9668615984405458 0.11261261261261261 0.06627680311890838 0.04804804804804805
0 0.44639376218323584 0.03453453453453453 0.015594541910331383 0.009009009009009009
0 0.47173489278752434 0.01876876876876877 0.011695906432748537 0.0075075075075075074
0 0.4571150097465887 0.010510510510510511 0.005847953216374269 0.006006006006006006
0 0.4444444444444444 0.028528528528528527 0.05847953216374269 0.042042042042042045
0 0.4415204678362573 0.009009009009009009 0.01364522417153996 0.006006006006006006
0 0.34307992202729043 0.02027027027027027 0.01949317738791423 0.03153153153153153
0 0.25925925925925924 0.015015015015015015 0.01949317738791423 0.03003003003003003
0 0.4727095516569201 0.4804804804804805 0.9454191033138402 0.960960960960961
