0 0.9836829836829837 0.9635258358662614 0.03263403263403263 0.0729483282674772
0 0.5815850815850816 0.9331306990881459 0.006993006993006993 0.0121580547112462
0 0.37995337995337997 0.9361702127659575 0.009324009324009324 0.0243161094224924
0 0.4568764568764569 0.9331306990881459 0.009324009324009324 0.0243161094224924
0 0.37995337995337997 0.9118541033434651 0.013986013986013986 0.0060790273556231
0 0.4172494172494173 0.9103343465045592 0.04195804195804196 0.00911854103343465
0 0.4592074592074592 0.9452887537993921 0.9184149184149184 0.1094224924012158
0 0.8298368298368298 0.8115501519756839 0.07459207459207459 0.0243161094224924
0 0.5198135198135199 0.8237082066869301 0.22843822843822845 0.1033434650455927
0 0.13636363636363635 0.8024316109422492 0.2727272727272727 0.0972644376899696
0 0.017482517482517484 0.756838905775076 0.02564102564102564 0.0121580547112462
0 0.7692307692307693 0.6200607902735562 0.03263403263403263 0.0121580547112462
0 0.46736596736596736 0.6139817629179332 0.016317016317016316 0.0060790273556231
0 0.44522144522144524 0.6139817629179332 0.018648018648018648 0.0060790273556231
0 0.42773892773892774 0.6124620060790273 0.006993006993006993 0.00303951367781155
0 0.8216783216783217 0.5911854103343465 0.1794871794871795 0.02127659574468085
0 0.45454545454545453 0.5805471124620061 0.07459207459207459 0.0121580547112462
0 0.17365967365967366 0.5729483282674772 0.006993006993006993 0.00303951367781155
0 0.6177156177156177 0.5653495440729484 0.027972027972027972 0.0060790273556231
0 0.8251748251748252 0.5683890577507599 0.1864801864801865 0.0182370820668693
0 0.458041958041958 0.5623100303951368 0.07226107226107226 0.0121580547112462
0 0.9114219114219114 0.547112462006079 0.004662004662004662 0.0060790273556231
0 0.8717948717948718 0.547112462006079 0.03263403263403263 0.0121580547112462
0 0.7867132867132867 0.5395136778115501 0.10955710955710955 0.015197568389057751
0 0.6165501165501166 0.5379939209726444 0.030303030303030304 0.0121580547112462
0 0.4533799533799534 0.5334346504559271 0.09090909090909091 0.015197568389057751
0 0.914918414918415 0.5197568389057751 0.006993006993006993 0.0060790273556231
0 0.872960372960373 0.5167173252279635 0.016317016317016316 0.0121580547112462
0 0.7808857808857809 0.513677811550152 0.0979020979020979 0.0121580547112462
0 0.5664335664335665 0.5091185410334347 0.009324009324009324 0.00303951367781155
0 0.6107226107226107 0.5091185410334347 0.037296037296037296 0.00911854103343465
0 0.49417249417249415 0.506079027355623 0.013986013986013986 0.00303951367781155
0 0.44638694638694637 0.506079027355623 0.04895104895104895 0.00911854103343465
0 0.914918414918415 0.4696048632218845 0.002331002331002331 0.00303951367781155
0 0.8648018648018648 0.4696048632218845 0.03263403263403263 0.00911854103343465
0 0.7843822843822844 0.47112462006079026 0.10955710955710955 0.0121580547112462
0 0.6153846153846154 0.4696048632218845 0.03263403263403263 0.00911854103343465
0 0.5699300699300699 0.4696048632218845 0.030303030303030304 0.00911854103343465
0 0.5034965034965035 0.46808510638297873 0.009324009324009324 0.0060790273556231
0 0.4417249417249417 0.46808510638297873 0.03496503496503497 0.0060790273556231
0 0.5932400932400932 0.44376899696048633 0.08158508158508158 0.0121580547112462
0 0.5104895104895105 0.44072948328267475 0.018648018648018648 0.0060790273556231
0 0.8251748251748252 0.44224924012158057 0.1958041958041958 0.015197568389057751
0 0.4358974358974359 0.44072948328267475 0.05128205128205128 0.0121580547112462
0 0.3484848484848485 0.439209726443769 0.016317016317016316 0.00911854103343465
0 0.6142191142191142 0.41033434650455924 0.03496503496503497 0.0121580547112462
0 0.5710955710955711 0.41033434650455924 0.027972027972027972 0.0121580547112462
0 0.4405594405594406 0.4088145896656535 0.037296037296037296 0.00911854103343465
0 0.34498834498834496 0.40577507598784196 0.009324009324009324 0.00303951367781155
0 0.8275058275058275 0.41185410334346506 0.1958041958041958 0.02127659574468085
0 0.37995337995337997 0.3723404255319149 0.023310023310023312 0.00303951367781155
0 0.1993006993006993 0.36930091185410335 0.02564102564102564 0.00911854103343465
0 0.9918414918414918 0.3343465045592705 0.016317016317016316 0.0729483282674772
0 0.8461538461538461 0.2750759878419453 0.009324009324009324 0.00911854103343465
0 0.6608391608391608 0.23100303951367782 0.011655011655011656 0.0121580547112462
0 0.2902097902097902 0.22340425531914893 0.039627039627039624 0.00911854103343465
0 0.4662004662004662 0.3009118541033435 0.9324009324009324 0.182370820668693
0 0.7610722610722611 0.20516717325227962 0.09557109557109557 0.015197568389057751
0 0.3473193473193473 0.1945288753799392 0.023310023310023312 0.0060790273556231
0 0.5209790209790209 0.19908814589665655 0.2913752913752914 0.02127659574468085
0 0.1993006993006993 0.1899696048632219 0.016317016317016316 0.00303951367781155
0 0.2692307692307692 0.19148936170212766 0.08624708624708624 0.0121580547112462
0 0.782051282051282 0.18085106382978725 0.002331002331002331 0.00303951367781155
0 0.1282051282051282 0.18693009118541035 0.11188811188811189 0.015197568389057751
0 0.3927738927738928 0.16869300911854104 0.006993006993006993 0.00303951367781155
0 0.4324009324009324 0.16869300911854104 0.05827505827505827 0.00911854103343465
0 0.9195804195804196 0.15501519756838905 0.006993006993006993 0.0060790273556231
0 0.7727272727272727 0.1534954407294833 0.0675990675990676 0.00911854103343465
0 0.5606060606060606 0.1474164133738602 0.3333333333333333 0.015197568389057751
0 0.9207459207459208 0.1276595744680851 0.018648018648018648 0.0121580547112462
0 0.5885780885780886 0.12158054711246201 0.4405594405594406 0.0182370820668693
0 0.2878787878787879 0.11398176291793313 0.016317016317016316 0.00303951367781155
0 0.9172494172494172 0.09878419452887538 0.006993006993006993 0.00303951367781155
0 0.5792540792540792 0.09422492401215805 0.44522144522144524 0.0182370820668693
0 0.703962703962704 0.07142857142857142 0.004662004662004662 0.00303951367781155
0 0.6806526806526807 0.07142857142857142 0.009324009324009324 0.00303951367781155
0 0.5734265734265734 0.06990881458966565 0.013986013986013986 0.0060790273556231
0 0.5466200466200466 0.06990881458966565 0.02564102564102564 0.0060790273556231
0 0.513986013986014 0.06838905775075987 0.006993006993006993 0.00303951367781155
0 0.486013986013986 0.06534954407294832 0.011655011655011656 0.00303951367781155
0 0.4114219114219114 0.06534954407294832 0.11421911421911422 0.00911854103343465
0 0.3811188811188811 0.03951367781155015 0.08158508158508158 0.0060790273556231
0 0.710955710955711 0.025835866261398176 0.4522144522144522 0.05167173252279635
