0 0.5697969543147208 0.9981343283582089 0.0025380710659898475 0.0037313432835820895
0 0.5177664974619289 0.9944029850746269 0.01015228426395939 0.011194029850746268
0 0.549492385786802 0.9925373134328358 0.012690355329949238 0.014925373134328358
0 0.5 0.5018656716417911 1.0 0.8246268656716418
0 0.6383248730964467 0.05223880597014925 0.0532994923857868 0.1044776119402985
0 0.550761421319797 0.041044776119402986 0.09137055837563451 0.08208955223880597
0 0.40609137055837563 0.026119402985074626 0.02030456852791878 0.05223880597014925
0 0.3413705583756345 0.026119402985074626 0.04314720812182741 0.05223880597014925
0 0.2918781725888325 0.024253731343283583 0.04060913705583756 0.048507462686567165
0 0.3553299492385787 0.048507462686567165 0.27918781725888325 0.09701492537313433
