0 0.674074074074074 0.9873646209386282 0.019753086419753086 0.02527075812274368
0 0.6148148148148148 0.9693140794223827 0.009876543209876543 0.018050541516245487
0 0.5012345679012346 0.9783393501805054 0.024691358024691357 0.04332129963898917
0 0.4444444444444444 0.9747292418772563 0.03950617283950617 0.05054151624548736
0 0.3888888888888889 0.9747292418772563 0.037037037037037035 0.05054151624548736
0 0.7555555555555555 0.9638989169675091 0.019753086419753086 0.07220216606498195
0 0.7234567901234568 0.9638989169675091 0.009876543209876543 0.07220216606498195
0 0.454320987654321 0.9530685920577617 0.2716049382716049 0.09386281588447654
0 0.7493827160493827 0.8592057761732852 0.012345679012345678 0.021660649819494584
0 0.7049382716049383 0.8574007220216606 0.01728395061728395 0.018050541516245487
0 0.6283950617283951 0.05776173285198556 0.027160493827160494 0.01444043321299639
0 0.671604938271605 0.05595667870036101 0.019753086419753086 0.018050541516245487
0 0.6753086419753086 0.03429602888086643 0.007407407407407408 0.010830324909747292
0 0.5 0.43862815884476536 1.0 0.8772563176895307
0 0.6481481481481481 0.009025270758122744 0.012345679012345678 0.018050541516245487
0 0.6185185185185185 0.030685920577617327 0.04197530864197531 0.061371841155234655
0 0.4901234567901235 0.021660649819494584 0.012345679012345678 0.04332129963898917
0 0.4345679012345679 0.021660649819494584 0.05925925925925926 0.04332129963898917
0 0.37407407407407406 0.019855595667870037 0.04197530864197531 0.039711191335740074
0 0.4703703703703704 0.04512635379061372 0.3333333333333333 0.09025270758122744
