0 0.5015822784810127 0.875 0.9968354430379747 0.12179487179487179
0 0.3346518987341772 0.7970085470085471 0.1439873417721519 0.017094017094017096
0 0.33781645569620256 0.7692307692307693 0.13449367088607594 0.017094017094017096
0 0.40110759493670883 0.7329059829059829 0.007911392405063292 0.008547008547008548
0 0.9659810126582279 0.7275641025641025 0.014240506329113924 0.00641025641025641
0 0.33069620253164556 0.7307692307692307 0.12025316455696203 0.017094017094017096
0 0.9683544303797469 0.7061965811965812 0.015822784810126583 0.00641025641025641
0 0.40110759493670883 0.7072649572649573 0.007911392405063292 0.01282051282051282
0 0.928006329113924 0.6955128205128205 0.004746835443037975 0.002136752136752137
0 0.3299050632911392 0.7051282051282052 0.11867088607594936 0.021367521367521368
0 0.9643987341772152 0.6944444444444444 0.02689873417721519 0.008547008547008548
0 0.942246835443038 0.6677350427350427 0.0015822784810126582 0.002136752136752137
0 0.3401898734177215 0.6773504273504274 0.13924050632911392 0.021367521367521368
0 0.9580696202531646 0.6720085470085471 0.04272151898734177 0.023504273504273504
0 0.4200949367088608 0.6538461538461539 0.007911392405063292 0.004273504273504274
0 0.8560126582278481 0.6538461538461539 0.14240506329113925 0.008547008547008548
0 0.33781645569620256 0.6485042735042735 0.13449367088607594 0.019230769230769232
0 0.5348101265822784 0.6004273504273504 0.0031645569620253164 0.004273504273504274
0 0.46281645569620256 0.6014957264957265 0.08702531645569621 0.010683760683760684
0 0.011075949367088608 0.594017094017094 0.012658227848101266 0.03418803418803419
0 0.8251582278481012 0.5876068376068376 0.02689873417721519 0.029914529914529916
0 0.8599683544303798 0.5865384615384616 0.030063291139240507 0.03205128205128205
0 0.6598101265822784 0.5790598290598291 0.028481012658227847 0.038461538461538464
0 0.7761075949367089 0.5801282051282052 0.061708860759493674 0.049145299145299144
0 0.8939873417721519 0.5758547008547008 0.03164556962025317 0.049145299145299144
0 0.7254746835443038 0.5758547008547008 0.030063291139240507 0.049145299145299144
0 0.6930379746835443 0.5747863247863247 0.028481012658227847 0.05128205128205128
0 0.6875 0.5459401709401709 0.0015822784810126582 0.002136752136752137
0 0.8892405063291139 0.5876068376068376 0.07911392405063292 0.08974358974358974
0 0.627373417721519 0.5705128205128205 0.02689873417721519 0.05555555555555555
0 0.6574367088607594 0.5448717948717948 0.011075949367088608 0.008547008547008548
0 0.005537974683544304 0.5373931623931624 0.004746835443037975 0.00641025641025641
0 0.05775316455696203 0.5705128205128205 0.011075949367088608 0.10256410256410256
0 0.013449367088607595 0.5224358974358975 0.0015822784810126582 0.00641025641025641
0 0.5087025316455697 0.5267094017094017 0.20094936708860758 0.15598290598290598
0 0.9454113924050633 0.44764957264957267 0.004746835443037975 0.023504273504273504
0 0.3987341772151899 0.42948717948717946 0.00949367088607595 0.029914529914529916
0 0.932753164556962 0.41025641025641024 0.011075949367088608 0.038461538461538464
0 0.3370253164556962 0.48824786324786323 0.1360759493670886 0.28846153846153844
0 0.32832278481012656 0.31837606837606836 0.10284810126582279 0.042735042735042736
0 0.3291139240506329 0.2916666666666667 0.015822784810126583 0.00641025641025641
0 0.3235759493670886 0.2831196581196581 0.10917721518987342 0.023504273504273504
0 0.3251582278481013 0.25747863247863245 0.11234177215189874 0.023504273504273504
0 0.9295886075949367 0.2297008547008547 0.004746835443037975 0.002136752136752137
0 0.7238924050632911 0.20192307692307693 0.004746835443037975 0.002136752136752137
0 0.39082278481012656 0.1997863247863248 0.00949367088607595 0.00641025641025641
0 0.6661392405063291 0.20085470085470086 0.056962025316455694 0.01282051282051282
0 0.6416139240506329 0.18696581196581197 0.004746835443037975 0.002136752136752137
0 0.055379746835443035 0.1527777777777778 0.0031645569620253164 0.014957264957264958
0 0.055379746835443035 0.10897435897435898 0.0031645569620253164 0.04700854700854701
0 0.6329113924050633 0.34615384615384615 0.7341772151898734 0.6239316239316239
0 0.055379746835443035 0.05128205128205128 0.0031645569620253164 0.03418803418803419
0 0.6329113924050633 0.004273504273504274 0.00949367088607595 0.008547008547008548
0 0.6131329113924051 0.004273504273504274 0.004746835443037975 0.008547008547008548
0 0.4509493670886076 0.007478632478632479 0.16772151898734178 0.014957264957264958
