0 0.0762987012987013 0.942836468885673 0.02922077922077922 0.004341534008683068
0 0.924512987012987 0.9341534008683068 0.07305194805194805 0.004341534008683068
0 0.008928571428571428 0.9319826338639653 0.017857142857142856 0.005788712011577424
0 0.45211038961038963 0.9413892908827786 0.28084415584415584 0.027496382054992764
0 0.9943181818181818 0.9298118668596237 0.011363636363636364 0.010130246020260492
0 0.29707792207792205 0.8878437047756874 0.003246753246753247 0.001447178002894356
0 0.37012987012987014 0.8878437047756874 0.012987012987012988 0.010130246020260492
0 0.3530844155844156 0.8842257597684515 0.008116883116883116 0.008683068017366137
0 0.3693181818181818 0.8755426917510853 0.0016233766233766235 0.002894356005788712
0 0.3336038961038961 0.8827785817655571 0.008116883116883116 0.017366136034732273
0 0.3157467532467532 0.8813314037626628 0.008116883116883116 0.017366136034732273
0 0.351461038961039 0.8704775687409552 0.008116883116883116 0.00723589001447178
0 0.29707792207792205 0.8668596237337193 0.006493506493506494 0.008683068017366137
0 0.351461038961039 0.8581765557163531 0.008116883116883116 0.005788712011577424
0 0.3717532467532468 0.8480463096960926 0.003246753246753247 0.005788712011577424
0 0.4342532467532468 0.8690303907380608 0.07305194805194805 0.053545586107091175
0 0.3327922077922078 0.8465991316931982 0.00974025974025974 0.008683068017366137
0 0.19074675324675325 0.8654124457308249 0.05357142857142857 0.04630969609261939
0 0.31493506493506496 0.8458755426917511 0.00974025974025974 0.010130246020260492
0 0.34983766233766234 0.8357452966714906 0.00487012987012987 0.00723589001447178
0 0.2962662337662338 0.8357452966714906 0.008116883116883116 0.013024602026049204
0 0.0633116883116883 0.8285094066570188 0.01948051948051948 0.010130246020260492
0 0.351461038961039 0.8176555716353111 0.00487012987012987 0.005788712011577424
0 0.3327922077922078 0.821273516642547 0.00974025974025974 0.015918958031837915
0 0.31493506493506496 0.821273516642547 0.00974025974025974 0.015918958031837915
0 0.29545454545454547 0.8176555716353111 0.006493506493506494 0.011577424023154847
0 0.18993506493506493 0.8219971056439942 0.048701298701298704 0.023154848046309694
0 0.011363636363636364 0.8379160636758322 0.022727272727272728 0.07814761215629522
0 0.17613636363636365 0.8002894356005789 0.021103896103896104 0.008683068017366137
0 0.19642857142857142 0.8010130246020261 0.012987012987012988 0.013024602026049204
0 0.08441558441558442 0.7952243125904487 0.006493506493506494 0.00723589001447178
0 0.43344155844155846 0.8133140376266281 0.07467532467532467 0.04630969609261939
0 0.8920454545454546 0.7749638205499276 0.008116883116883116 0.004341534008683068
0 0.9204545454545454 0.7756874095513748 0.03571428571428571 0.011577424023154847
0 0.9561688311688312 0.7720694645441389 0.022727272727272728 0.00723589001447178
0 0.922077922077922 0.76410998552822 0.006493506493506494 0.002894356005788712
0 0.18831168831168832 0.7706222865412445 0.03571428571428571 0.015918958031837915
0 0.8920454545454546 0.7597684515195369 0.00487012987012987 0.002894356005788712
0 0.950487012987013 0.756150506512301 0.0016233766233766235 0.001447178002894356
0 0.9180194805194806 0.7583212735166426 0.027597402597402596 0.005788712011577424
0 0.18831168831168832 0.7547033285094067 0.048701298701298704 0.010130246020260492
0 0.9204545454545454 0.7489146164978292 0.003246753246753247 0.001447178002894356
0 0.9172077922077922 0.743849493487699 0.016233766233766232 0.002894356005788712
0 0.43262987012987014 0.7590448625180898 0.07305194805194805 0.041968162083936326
0 0.18262987012987014 0.73589001447178 0.037337662337662336 0.013024602026049204
0 0.9561688311688312 0.7178002894356006 0.006493506493506494 0.002894356005788712
0 0.913961038961039 0.7178002894356006 0.025974025974025976 0.011577424023154847
0 0.4586038961038961 0.7170767004341534 0.021103896103896104 0.02170767004341534
0 0.413961038961039 0.7141823444283647 0.03571428571428571 0.01881331403762663
0 0.1858766233766234 0.7047756874095513 0.008116883116883116 0.011577424023154847
0 0.9196428571428571 0.7011577424023154 0.03409090909090909 0.015918958031837915
0 0.400974025974026 0.6968162083936325 0.00974025974025974 0.013024602026049204
0 0.3125 0.6924746743849494 0.00487012987012987 0.004341534008683068
0 0.924512987012987 0.6895803183791607 0.0016233766233766235 0.001447178002894356
0 0.4431818181818182 0.6931982633863966 0.045454545454545456 0.017366136034732273
0 0.33116883116883117 0.6765557163531114 0.006493506493506494 0.010130246020260492
0 0.18668831168831168 0.6765557163531114 0.048701298701298704 0.024602026049204053
0 0.3125 0.670767004341534 0.008116883116883116 0.01881331403762663
0 0.33035714285714285 0.6591895803183792 0.008116883116883116 0.00723589001447178
0 0.31412337662337664 0.6519536903039074 0.008116883116883116 0.010130246020260492
0 0.3116883116883117 0.6389290882778582 0.00974025974025974 0.010130246020260492
0 0.008928571428571428 0.613603473227207 0.017857142857142856 0.12445730824891461
0 0.9431818181818182 0.5282199710564399 0.003246753246753247 0.002894356005788712
0 0.007305194805194805 0.5253256150506512 0.00487012987012987 0.002894356005788712
0 0.5194805194805194 0.4963820549927641 0.006493506493506494 0.005788712011577424
0 0.9310064935064936 0.48263386396526775 0.021103896103896104 0.004341534008683068
0 0.5194805194805194 0.48191027496382055 0.006493506493506494 0.005788712011577424
0 0.004058441558441558 0.4761215629522431 0.008116883116883116 0.002894356005788712
0 0.9342532467532467 0.47395079594790157 0.017857142857142856 0.004341534008683068
0 0.5186688311688312 0.4717800289435601 0.00487012987012987 0.002894356005788712
0 0.9310064935064936 0.45803183791606367 0.01461038961038961 0.004341534008683068
0 0.5194805194805194 0.4544138929088278 0.003246753246753247 0.002894356005788712
0 0.9675324675324676 0.44934876989869754 0.006493506493506494 0.001447178002894356
0 0.9415584415584416 0.44283646888567296 0.006493506493506494 0.002894356005788712
0 0.9659090909090909 0.43342981186685964 0.012987012987012988 0.004341534008683068
0 0.9415584415584416 0.43342981186685964 0.012987012987012988 0.004341534008683068
0 0.006493506493506494 0.3429811866859624 0.012987012987012988 0.16208393632416787
0 0.008928571428571428 0.24819102749638206 0.00487012987012987 0.001447178002894356
0 0.3392857142857143 0.24819102749638206 0.08766233766233766 0.010130246020260492
0 0.19805194805194806 0.24819102749638206 0.048701298701298704 0.010130246020260492
0 0.43912337662337664 0.2460202604920405 0.0762987012987013 0.011577424023154847
0 0.01461038961038961 0.23227206946454415 0.016233766233766232 0.004341534008683068
0 0.2012987012987013 0.23227206946454415 0.05519480519480519 0.010130246020260492
0 0.34334415584415584 0.2301013024602026 0.08928571428571429 0.008683068017366137
0 0.4163961038961039 0.2301013024602026 0.027597402597402596 0.011577424023154847
0 0.08035714285714286 0.2170767004341534 0.017857142857142856 0.005788712011577424
0 0.01948051948051948 0.21635311143270622 0.022727272727272728 0.004341534008683068
0 0.2077922077922078 0.21562952243125905 0.05194805194805195 0.008683068017366137
0 0.3465909090909091 0.2134587554269175 0.08928571428571429 0.00723589001447178
0 0.021915584415584416 0.20043415340086831 0.037337662337662336 0.00723589001447178
0 0.21103896103896103 0.19971056439942114 0.05194805194805195 0.008683068017366137
0 0.09740259740259741 0.19898697539797394 0.04220779220779221 0.00723589001447178
0 0.3522727272727273 0.19681620839363242 0.09090909090909091 0.008683068017366137
0 0.33685064935064934 0.18234442836468887 0.00487012987012987 0.002894356005788712
0 0.10227272727272728 0.18162083936324167 0.003246753246753247 0.001447178002894356
0 0.02922077922077922 0.18306801736613604 0.03571428571428571 0.00723589001447178
0 0.21428571428571427 0.18234442836468887 0.03896103896103896 0.008683068017366137
0 0.32061688311688313 0.18017366136034732 0.008116883116883116 0.00723589001447178
0 0.5048701298701299 0.1772793053545586 0.012987012987012988 0.004341534008683068
0 0.3912337662337662 0.17945007235890015 0.012987012987012988 0.008683068017366137
0 0.424512987012987 0.17872648335745298 0.021103896103896104 0.010130246020260492
0 0.4642857142857143 0.17800289435600578 0.05519480519480519 0.011577424023154847
0 0.044642857142857144 0.1671490593342981 0.017857142857142856 0.004341534008683068
0 0.12256493506493507 0.16570188133140376 0.01461038961038961 0.004341534008683068
0 0.22402597402597402 0.1649782923299566 0.05194805194805195 0.008683068017366137
0 0.349025974025974 0.16208393632416787 0.06818181818181818 0.008683068017366137
0 0.044642857142857144 0.15846599131693198 0.0016233766233766235 0.001447178002894356
0 0.8936688311688312 0.14544138929088277 0.00487012987012987 0.001447178002894356
0 0.885551948051948 0.14544138929088277 0.0016233766233766235 0.001447178002894356
0 0.39285714285714285 0.14544138929088277 0.00974025974025974 0.001447178002894356
0 0.2297077922077922 0.14833574529667148 0.05032467532467533 0.00723589001447178
0 0.35633116883116883 0.14544138929088277 0.037337662337662336 0.00723589001447178
0 0.4902597402597403 0.4565846599131693 0.9805194805194806 0.9131693198263386
