0 0.4303435114503817 0.9951923076923077 0.0057251908396946565 0.009615384615384616
0 0.40076335877862596 0.9951923076923077 0.007633587786259542 0.009615384615384616
0 0.37213740458015265 0.9951923076923077 0.022900763358778626 0.009615384615384616
0 0.583969465648855 0.9935897435897436 0.007633587786259542 0.01282051282051282
0 0.4551526717557252 0.9935897435897436 0.013358778625954198 0.01282051282051282
0 0.5400763358778626 0.9855769230769231 0.007633587786259542 0.009615384615384616
0 0.5591603053435115 0.9759615384615384 0.007633587786259542 0.009615384615384616
0 0.5200381679389313 0.10737179487179487 0.02480916030534351 0.009615384615384616
0 0.5572519083969466 0.09935897435897435 0.015267175572519083 0.019230769230769232
0 0.5 0.5064102564102564 1.0 0.8397435897435898
0 0.5391221374045801 0.08974358974358974 0.0057251908396946565 0.01282051282051282
0 0.5553435114503816 0.057692307692307696 0.003816793893129771 0.00641025641025641
0 0.5104961832061069 0.04006410256410257 0.0057251908396946565 0.009615384615384616
0 0.4303435114503817 0.0625 0.01717557251908397 0.060897435897435896
0 0.5305343511450382 0.03205128205128205 0.007633587786259542 0.00641025641025641
0 0.3969465648854962 0.0625 0.011450381679389313 0.0673076923076923
0 0.3549618320610687 0.060897435897435896 0.04198473282442748 0.0641025641025641
