0 0.5904977375565611 0.9973913043478261 0.007541478129713424 0.0052173913043478265
0 0.5678733031674208 0.9947826086956522 0.004524886877828055 0.010434782608695653
0 0.6432880844645551 0.9930434782608696 0.0015082956259426848 0.01391304347826087
0 0.36877828054298645 0.9869565217391304 0.013574660633484163 0.02608695652173913
0 0.48868778280542985 0.9843478260869565 0.015082956259426848 0.03130434782608696
0 0.3936651583710407 0.9721739130434782 0.006033182503770739 0.006956521739130435
0 0.4358974358974359 0.9834782608695652 0.00904977375565611 0.03304347826086956
0 0.4072398190045249 0.9834782608695652 0.021116138763197588 0.03304347826086956
0 0.5686274509803921 0.9669565217391304 0.0030165912518853697 0.0034782608695652175
0 0.6161387631975868 0.9686956521739131 0.010558069381598794 0.010434782608695653
0 0.5882352941176471 0.9608695652173913 0.0030165912518853697 0.0017391304347826088
0 0.6576168929110106 0.9686956521739131 0.03619909502262444 0.06260869565217392
0 0.4555052790346908 0.9686956521739131 0.19909502262443438 0.06260869565217392
0 0.5565610859728507 0.9217391304347826 0.3559577677224736 0.017391304347826087
0 0.6470588235294118 0.9104347826086957 0.030165912518853696 0.0052173913043478265
0 0.7986425339366516 0.908695652173913 0.2458521870286576 0.01217391304347826
0 0.832579185520362 0.8973913043478261 0.01809954751131222 0.0034782608695652175
0 0.8129713423831071 0.8982608695652174 0.01809954751131222 0.0052173913043478265
0 0.5761689291101055 0.8947826086956522 0.0030165912518853697 0.0017391304347826088
0 0.8831070889894419 0.8956521739130435 0.07390648567119155 0.006956521739130435
0 0.751131221719457 0.888695652173913 0.34087481146304677 0.017391304347826087
0 0.5580693815987934 0.8808695652173913 0.0030165912518853697 0.0017391304347826088
0 0.4306184012066365 0.88 0.010558069381598794 0.0034782608695652175
0 0.38310708898944196 0.8791304347826087 0.0030165912518853697 0.0017391304347826088
0 0.03092006033182504 0.8756521739130435 0.004524886877828055 0.0017391304347826088
0 0.21568627450980393 0.8730434782608696 0.09351432880844646 0.006956521739130435
0 0.8657616892911011 0.8730434782608696 0.11161387631975868 0.010434782608695653
0 0.021116138763197588 0.8660869565217392 0.027149321266968326 0.0034782608695652175
0 0.17647058823529413 0.8626086956521739 0.012066365007541479 0.0034782608695652175
0 0.1191553544494721 0.8634782608695653 0.07541478129713423 0.0052173913043478265
0 0.3076923076923077 0.86 0.012066365007541479 0.0017391304347826088
0 0.3695324283559578 0.8591304347826086 0.015082956259426848 0.0034782608695652175
0 0.33559577677224733 0.8591304347826086 0.013574660633484163 0.0034782608695652175
0 0.7420814479638009 0.8686956521739131 0.3559577677224736 0.02608695652173913
0 0.0196078431372549 0.8539130434782609 0.0392156862745098 0.006956521739130435
0 0.8589743589743589 0.8486956521739131 0.13423831070889894 0.01391304347826087
0 0.667420814479638 0.8426086956521739 0.004524886877828055 0.0017391304347826088
0 0.020361990950226245 0.8408695652173913 0.04072398190045249 0.008695652173913044
0 0.7609351432880844 0.8339130434782609 0.007541478129713424 0.0017391304347826088
0 0.744343891402715 0.8347826086956521 0.0196078431372549 0.0034782608695652175
0 0.801659125188537 0.8304347826086956 0.0015082956259426848 0.0017391304347826088
0 0.7918552036199095 0.8304347826086956 0.0030165912518853697 0.0017391304347826088
0 0.0196078431372549 0.828695652173913 0.0392156862745098 0.008695652173913044
0 0.8672699849170438 0.8234782608695652 0.11161387631975868 0.01217391304347826
0 0.0196078431372549 0.8156521739130435 0.0392156862745098 0.006956521739130435
0 0.0196078431372549 0.802608695652174 0.0392156862745098 0.008695652173913044
0 0.01885369532428356 0.7904347826086957 0.03770739064856712 0.0052173913043478265
0 0.25414781297134237 0.6269565217391304 0.0015082956259426848 0.0017391304347826088
0 0.2398190045248869 0.6278260869565218 0.0030165912518853697 0.0034782608695652175
0 0.22549019607843138 0.6260869565217392 0.004524886877828055 0.0034782608695652175
0 0.2692307692307692 0.6252173913043478 0.004524886877828055 0.0052173913043478265
0 0.2096530920060332 0.6252173913043478 0.0030165912518853697 0.0052173913043478265
0 0.24132730015082957 0.6026086956521739 0.012066365007541479 0.008695652173913044
0 0.25565610859728505 0.6017391304347826 0.010558069381598794 0.010434782608695653
0 0.27526395173454 0.6 0.0196078431372549 0.010434782608695653
0 0.18401206636500755 0.5756521739130435 0.006033182503770739 0.020869565217391306
0 0.24057315233785823 0.5643478260869565 0.09803921568627451 0.08521739130434783
0 0.3092006033182504 0.5234782608695652 0.00904977375565611 0.010434782608695653
0 0.361236802413273 0.48695652173913045 0.004524886877828055 0.006956521739130435
0 0.9984917043740573 0.47391304347826085 0.0030165912518853697 0.008695652173913044
0 0.9630467571644042 0.45130434782608697 0.010558069381598794 0.0052173913043478265
0 0.03544494720965309 0.6139130434782609 0.07088989441930618 0.3408695652173913
0 0.9615384615384616 0.4391304347826087 0.0015082956259426848 0.0017391304347826088
0 0.9457013574660633 0.4391304347826087 0.0030165912518853697 0.0017391304347826088
0 0.9230769230769231 0.44 0.015082956259426848 0.0034782608695652175
0 0.8793363499245852 0.43826086956521737 0.06334841628959276 0.006956521739130435
0 0.6078431372549019 0.4356521739130435 0.030165912518853696 0.0052173913043478265
0 0.18929110105580693 0.4234782608695652 0.004524886877828055 0.0017391304347826088
0 0.1779788838612368 0.4234782608695652 0.0030165912518853697 0.0017391304347826088
0 0.13197586726998492 0.4260869565217391 0.04072398190045249 0.006956521739130435
0 0.16063348416289594 0.42434782608695654 0.010558069381598794 0.006956521739130435
0 0.23227752639517346 0.4226086956521739 0.030165912518853696 0.006956521739130435
0 0.02865761689291101 0.4260869565217391 0.05429864253393665 0.01391304347826087
0 0.6621417797888386 0.6521739130434783 0.6757164404223228 0.4765217391304348
0 0.9343891402714932 0.41391304347826086 0.007541478129713424 0.0034782608695652175
0 0.9260935143288085 0.41391304347826086 0.006033182503770739 0.0034782608695652175
0 0.9034690799396682 0.41304347826086957 0.0030165912518853697 0.0017391304347826088
0 0.8921568627450981 0.41304347826086957 0.0015082956259426848 0.0017391304347826088
0 0.8808446455505279 0.41304347826086957 0.006033182503770739 0.0017391304347826088
0 0.8680241327300151 0.41304347826086957 0.004524886877828055 0.0017391304347826088
0 0.8582202111613876 0.41391304347826086 0.0030165912518853697 0.0034782608695652175
0 0.10105580693815988 0.4043478260869565 0.012066365007541479 0.0017391304347826088
0 0.029411764705882353 0.4052173913043478 0.05279034690799397 0.006956521739130435
0 0.2066365007541478 0.4017391304347826 0.19004524886877827 0.006956521739130435
0 0.7021116138763197 0.4 0.5113122171945701 0.017391304347826087
0 0.9238310708898945 0.38869565217391305 0.0015082956259426848 0.0017391304347826088
0 0.20135746606334842 0.3834782608695652 0.22171945701357465 0.01217391304347826
0 0.02865761689291101 0.38521739130434784 0.05731523378582202 0.01565217391304348
0 0.6953242835595776 0.3773913043478261 0.5158371040723982 0.017391304347826087
0 0.9479638009049773 0.3660869565217391 0.007541478129713424 0.0017391304347826088
0 0.8966817496229261 0.3660869565217391 0.007541478129713424 0.0017391304347826088
0 0.8778280542986425 0.36695652173913046 0.024132730015082957 0.0034782608695652175
0 0.9223227752639518 0.3652173913043478 0.04072398190045249 0.0034782608695652175
0 0.2888386123680241 0.36 0.02564102564102564 0.006956521739130435
0 0.18401206636500755 0.36086956521739133 0.17194570135746606 0.008695652173913044
0 0.03092006033182504 0.3617391304347826 0.05580693815987934 0.01391304347826087
0 0.033936651583710405 0.34956521739130436 0.043740573152337855 0.006956521739130435
0 0.19834087481146304 0.3347826086956522 0.2096530920060332 0.008695652173913044
0 0.03167420814479638 0.3373913043478261 0.05731523378582202 0.01391304347826087
0 0.03544494720965309 0.32521739130434785 0.043740573152337855 0.006956521739130435
0 0.5203619909502263 0.32 0.006033182503770739 0.0034782608695652175
0 0.32428355957767724 0.3095652173913043 0.006033182503770739 0.0034782608695652175
0 0.36877828054298645 0.30869565217391304 0.013574660633484163 0.0052173913043478265
0 0.1975867269984917 0.31043478260869567 0.2081447963800905 0.008695652173913044
0 0.2948717948717949 0.2982608695652174 0.0015082956259426848 0.0017391304347826088
0 0.521870286576169 0.2965217391304348 0.0030165912518853697 0.0017391304347826088
0 0.9441930618401206 0.29304347826086957 0.0030165912518853697 0.0017391304347826088
0 0.9027149321266968 0.29304347826086957 0.004524886877828055 0.0017391304347826088
0 0.8785822021116139 0.29304347826086957 0.0015082956259426848 0.0017391304347826088
0 0.8687782805429864 0.29304347826086957 0.0030165912518853697 0.0017391304347826088
0 0.8567119155354449 0.29304347826086957 0.0030165912518853697 0.0017391304347826088
0 0.8001508295625943 0.29304347826086957 0.0015082956259426848 0.0017391304347826088
0 0.22624434389140272 0.28695652173913044 0.00904977375565611 0.0034782608695652175
0 0.4343891402714932 0.2852173913043478 0.0030165912518853697 0.0034782608695652175
0 0.15761689291101055 0.28782608695652173 0.12217194570135746 0.008695652173913044
0 0.9600301659125189 0.2826086956521739 0.010558069381598794 0.0017391304347826088
0 0.34464555052790347 0.2852173913043478 0.0196078431372549 0.006956521739130435
0 0.30693815987933637 0.2852173913043478 0.010558069381598794 0.006956521739130435
0 0.26772247360482654 0.28608695652173916 0.06184012066365008 0.008695652173913044
0 0.1425339366515837 0.2617391304347826 0.016591251885369532 0.01565217391304348
0 0.16063348416289594 0.24956521739130436 0.010558069381598794 0.008695652173913044
0 0.23604826546003016 0.23217391304347826 0.004524886877828055 0.0017391304347826088
0 0.18250377073906485 0.2408695652173913 0.030165912518853696 0.019130434782608695
0 0.22171945701357465 0.23130434782608697 0.00904977375565611 0.006956521739130435
0 0.20512820512820512 0.23304347826086957 0.012066365007541479 0.010434782608695653
0 0.20135746606334842 0.2417391304347826 0.19457013574660634 0.06956521739130435
0 0.4004524886877828 0.18782608695652173 0.0015082956259426848 0.0034782608695652175
0 0.3733031674208145 0.18 0.0015082956259426848 0.0017391304347826088
0 0.2993966817496229 0.18434782608695652 0.007541478129713424 0.017391304347826087
0 0.3114630467571644 0.1817391304347826 0.004524886877828055 0.019130434782608695
0 0.36048265460030166 0.06 0.006033182503770739 0.0052173913043478265
0 0.3174962292609351 0.06 0.007541478129713424 0.0052173913043478265
0 0.3453996983408748 0.058260869565217394 0.006033182503770739 0.0052173913043478265
0 0.3295625942684766 0.06086956521739131 0.010558069381598794 0.010434782608695653
0 0.26772247360482654 0.058260869565217394 0.07692307692307693 0.008695652173913044
0 0.21568627450980393 0.05391304347826087 0.00904977375565611 0.006956521739130435
0 0.19909502262443438 0.05304347826086957 0.012066365007541479 0.01217391304347826
0 0.18552036199095023 0.036521739130434785 0.006033182503770739 0.006956521739130435
0 0.1568627450980392 0.034782608695652174 0.006033182503770739 0.0034782608695652175
0 0.17119155354449472 0.034782608695652174 0.004524886877828055 0.006956521739130435
0 0.09351432880844646 0.02434782608695652 0.0030165912518853697 0.010434782608695653
0 0.7156862745098039 0.1817391304347826 0.5686274509803921 0.3634782608695652
0 0.361236802413273 0.0026086956521739132 0.007541478129713424 0.0052173913043478265
0 0.34841628959276016 0.0026086956521739132 0.00904977375565611 0.0052173913043478265
0 0.3333333333333333 0.0034782608695652175 0.00904977375565611 0.006956521739130435
0 0.14630467571644043 0.029565217391304348 0.09049773755656108 0.059130434782608696
0 0.04147812971342383 0.16 0.07390648567119155 0.32
