0 0.5513219284603421 0.9990610328638497 0.007776049766718507 0.0018779342723004694
0 0.5373250388802489 0.9990610328638497 0.01088646967340591 0.0018779342723004694
0 0.5979782270606532 0.9938967136150235 0.03576982892690513 0.012206572769953052
0 0.42923794712286156 0.9938967136150235 0.16796267496111975 0.012206572769953052
0 0.6314152410575428 0.9751173708920188 0.012441679626749611 0.0028169014084507044
0 0.6088646967340591 0.9746478873239437 0.013996889580093312 0.0018779342723004694
0 0.5349922239502333 0.9666666666666667 0.1150855365474339 0.01971830985915493
0 0.995334370139969 0.9483568075117371 0.00933125972006221 0.03004694835680751
0 0.9992223950233281 0.9215962441314554 0.0015552099533437014 0.0028169014084507044
0 0.854587869362364 0.8863849765258216 0.04821150855365474 0.03004694835680751
0 0.8087091757387247 0.8619718309859155 0.06220839813374806 0.04131455399061033
0 0.5326594090202177 0.8356807511737089 0.013996889580093312 0.003755868544600939
0 0.14774494556765164 0.8286384976525821 0.05909797822706065 0.0028169014084507044
0 0.18040435458786935 0.8230046948356807 0.003110419906687403 0.0009389671361502347
0 0.11119751166407466 0.8173708920187793 0.0015552099533437014 0.0009389671361502347
0 0.1547433903576983 0.8169014084507042 0.004665629860031105 0.0018779342723004694
0 0.7706065318818041 0.8338028169014085 0.05754276827371695 0.03755868544600939
0 0.6228615863141524 0.8117370892018779 0.02021772939346812 0.0028169014084507044
0 0.08709175738724728 0.819718309859155 0.09642301710730948 0.020657276995305163
0 0.5746500777604977 0.8089201877934272 0.038880248833592534 0.008450704225352112
0 0.05287713841368585 0.8046948356807512 0.006220839813374806 0.0018779342723004694
0 0.5692068429237948 0.8014084507042254 0.015552099533437015 0.0028169014084507044
0 0.052099533437014 0.7990610328638498 0.007776049766718507 0.0018779342723004694
0 0.6360808709175739 0.7948356807511737 0.01866251944012442 0.0028169014084507044
0 0.9961119751166407 0.792018779342723 0.007776049766718507 0.004694835680751174
0 0.578538102643857 0.7892018779342723 0.01866251944012442 0.0028169014084507044
0 0.05054432348367029 0.7873239436619718 0.0015552099533437014 0.0009389671361502347
0 0.5738724727838258 0.7835680751173709 0.003110419906687403 0.0009389671361502347
0 0.0552099533437014 0.7821596244131456 0.013996889580093312 0.0018779342723004694
0 0.9984447900466563 0.7807511737089202 0.003110419906687403 0.0009389671361502347
0 0.5769828926905132 0.7765258215962442 0.015552099533437015 0.003755868544600939
0 0.9984447900466563 0.7746478873239436 0.003110419906687403 0.0018779342723004694
0 0.5940902021772939 0.7713615023474178 0.003110419906687403 0.0009389671361502347
0 0.5723172628304821 0.7718309859154929 0.015552099533437015 0.003755868544600939
0 0.9984447900466563 0.7690140845070422 0.003110419906687403 0.0018779342723004694
0 0.5738724727838258 0.7647887323943662 0.015552099533437015 0.0028169014084507044
0 0.9984447900466563 0.7624413145539906 0.003110419906687403 0.0018779342723004694
0 0.23405909797822705 0.7610328638497652 0.0015552099533437014 0.0009389671361502347
0 0.6959564541213064 0.7708920187793428 0.041990668740279936 0.028169014084507043
0 0.9727838258164853 0.7572769953051643 0.026438569206842923 0.0028169014084507044
0 0.25038880248833595 0.755868544600939 0.00933125972006221 0.0018779342723004694
0 0.6679626749611197 0.752112676056338 0.038880248833592534 0.018779342723004695
0 0.6329704510108864 0.7384976525821596 0.049766718506998445 0.03286384976525822
0 0.5933125972006221 0.6971830985915493 0.07309486780715396 0.04976525821596244
0 0.5583203732503889 0.6704225352112676 0.03110419906687403 0.015023474178403756
0 0.07853810264385692 0.6713615023474179 0.013996889580093312 0.02629107981220657
0 0.5303265940902022 0.6502347417840375 0.024883359253499222 0.01784037558685446
0 0.12441679626749612 0.6356807511737089 0.003110419906687403 0.003755868544600939
0 0.5163297045101088 0.6389671361502347 0.027993779160186624 0.01596244131455399
0 0.9548989113530326 0.6295774647887324 0.003110419906687403 0.0009389671361502347
0 0.059875583203732506 0.6248826291079812 0.01088646967340591 0.01784037558685446
0 0.4860031104199067 0.6164319248826291 0.029548989113530325 0.01596244131455399
0 0.30870917573872475 0.5751173708920188 0.004665629860031105 0.004694835680751174
0 0.18040435458786935 0.547887323943662 0.006220839813374806 0.008450704225352112
0 0.37947122861586313 0.5093896713615024 0.003110419906687403 0.0028169014084507044
0 0.1905132192846034 0.5220657276995305 0.013996889580093312 0.03755868544600939
0 0.37558320373250387 0.4990610328638498 0.0015552099533437014 0.0009389671361502347
0 0.20139968895800933 0.46056338028169014 0.007776049766718507 0.004694835680751174
0 0.7651632970451011 0.44553990610328637 0.003110419906687403 0.0028169014084507044
0 0.223950233281493 0.44553990610328637 0.006220839813374806 0.0028169014084507044
0 0.23561430793157076 0.44178403755868545 0.007776049766718507 0.0028169014084507044
0 0.2698289269051322 0.431924882629108 0.004665629860031105 0.0018779342723004694
0 0.23405909797822705 0.43145539906103286 0.026438569206842923 0.008450704225352112
0 0.28304821150855364 0.428169014084507 0.012441679626749611 0.003755868544600939
0 0.2363919129082426 0.423943661971831 0.01866251944012442 0.006572769953051643
0 0.3141524105754277 0.4192488262910798 0.006220839813374806 0.0028169014084507044
0 0.23561430793157076 0.41784037558685444 0.017107309486780714 0.005633802816901409
0 0.2853810264385692 0.4164319248826291 0.026438569206842923 0.008450704225352112
0 0.2363919129082426 0.4098591549295775 0.02177293934681182 0.008450704225352112
0 0.28771384136858474 0.4089201877934272 0.03732503888024884 0.012206572769953052
0 0.276049766718507 0.4056338028169014 0.013996889580093312 0.005633802816901409
0 0.3118195956454121 0.40187793427230045 0.004665629860031105 0.0018779342723004694
0 0.2379471228615863 0.4028169014084507 0.015552099533437015 0.005633802816901409
0 0.27216174183514774 0.4 0.003110419906687403 0.0018779342723004694
0 0.27916018662519443 0.3976525821596244 0.007776049766718507 0.0028169014084507044
0 0.374805598755832 0.39530516431924884 0.015552099533437015 0.005633802816901409
0 0.2379471228615863 0.3957746478873239 0.024883359253499222 0.008450704225352112
0 0.26127527216174184 0.38873239436619716 0.006220839813374806 0.0018779342723004694
0 0.40279937791601866 0.3863849765258216 0.003110419906687403 0.0028169014084507044
0 0.23872472783825816 0.38873239436619716 0.02021772939346812 0.007511737089201878
0 0.3499222395023328 0.3971830985915493 0.08398133748055987 0.02629107981220657
0 0.27916018662519443 0.3835680751173709 0.02021772939346812 0.006572769953051643
0 0.36702954898911355 0.3854460093896714 0.05287713841368585 0.01596244131455399
0 0.26360808709175737 0.37464788732394366 0.004665629860031105 0.0018779342723004694
0 0.4704510108864697 0.3713615023474178 0.004665629860031105 0.0009389671361502347
0 0.9758942457231726 0.36807511737089205 0.004665629860031105 0.0018779342723004694
0 0.40279937791601866 0.3676056338028169 0.00933125972006221 0.004694835680751174
0 0.8654743390357699 0.36384976525821594 0.0015552099533437014 0.0009389671361502347
0 0.34914463452566097 0.3619718309859155 0.007776049766718507 0.0028169014084507044
0 0.9261275272161742 0.36056338028169016 0.0015552099533437014 0.0018779342723004694
0 0.8538102643856921 0.3619718309859155 0.01866251944012442 0.004694835680751174
0 0.8374805598755832 0.3591549295774648 0.004665629860031105 0.0028169014084507044
0 0.43001555209953346 0.3591549295774648 0.007776049766718507 0.0028169014084507044
0 0.40435458786936235 0.360093896713615 0.015552099533437015 0.006572769953051643
0 0.828149300155521 0.35774647887323946 0.007776049766718507 0.003755868544600939
0 0.3654743390357698 0.3568075117370892 0.006220839813374806 0.0018779342723004694
0 0.9782270606531882 0.355868544600939 0.00933125972006221 0.0018779342723004694
0 0.8188180404354588 0.355868544600939 0.007776049766718507 0.003755868544600939
0 0.8048211508553654 0.35352112676056335 0.013996889580093312 0.0028169014084507044
0 0.5 0.6652582159624413 1.0 0.6262910798122066
0 0.9548989113530326 0.35258215962441314 0.012441679626749611 0.0028169014084507044
0 0.4548989113530327 0.352112676056338 0.007776049766718507 0.003755868544600939
0 0.40279937791601866 0.3530516431924883 0.015552099533437015 0.005633802816901409
0 0.37947122861586313 0.35258215962441314 0.012441679626749611 0.004694835680751174
0 0.9385692068429238 0.3492957746478873 0.004665629860031105 0.0018779342723004694
0 0.432348367029549 0.3516431924882629 0.012441679626749611 0.006572769953051643
0 0.9603421461897356 0.34694835680751174 0.0015552099533437014 0.0009389671361502347
0 0.854587869362364 0.3488262910798122 0.03265940902021773 0.006572769953051643
0 0.9494556765163297 0.34507042253521125 0.0015552099533437014 0.0009389671361502347
0 0.8289269051321928 0.34460093896713617 0.006220839813374806 0.0018779342723004694
0 0.45178849144634525 0.34460093896713617 0.0015552099533437014 0.0018779342723004694
0 0.4307931570762053 0.34413145539906104 0.015552099533437015 0.004694835680751174
0 0.8553654743390358 0.3427230046948357 0.015552099533437015 0.003755868544600939
0 0.8172628304821151 0.3427230046948357 0.013996889580093312 0.003755868544600939
0 0.3724727838258165 0.34178403755868547 0.01088646967340591 0.003755868544600939
0 0.4004665629860031 0.33943661971830985 0.0015552099533437014 0.0009389671361502347
0 0.44712286158631415 0.33849765258215964 0.004665629860031105 0.0028169014084507044
0 0.9541213063763608 0.3295774647887324 0.01088646967340591 0.0018779342723004694
0 0.8561430793157077 0.3295774647887324 0.004665629860031105 0.0018779342723004694
0 0.18662519440124417 0.3305164319248826 0.006220839813374806 0.003755868544600939
0 0.8390357698289269 0.3333333333333333 0.06998444790046657 0.013145539906103286
0 0.838258164852255 0.32629107981220656 0.003110419906687403 0.0009389671361502347
0 0.7986003110419907 0.32629107981220656 0.0015552099533437014 0.0009389671361502347
0 0.8312597200622084 0.3248826291079812 0.007776049766718507 0.0018779342723004694
0 0.4214618973561431 0.33661971830985915 0.06220839813374806 0.027230046948356807
0 0.41601866251944014 0.32253521126760565 0.004665629860031105 0.0028169014084507044
0 0.2115085536547434 0.3220657276995305 0.003110419906687403 0.0018779342723004694
0 0.8475894245723172 0.32253521126760565 0.04665629860031104 0.008450704225352112
0 0.41368584758942456 0.31690140845070425 0.024883359253499222 0.008450704225352112
0 0.22161741835147744 0.3131455399061033 0.01088646967340591 0.012206572769953052
0 0.8678071539657853 0.3023474178403756 0.003110419906687403 0.0018779342723004694
0 0.9517884914463453 0.30422535211267604 0.027993779160186624 0.007511737089201878
0 0.8328149300155521 0.3089201877934272 0.09175738724727839 0.016901408450704224
0 0.8569206842923794 0.3 0.00933125972006221 0.0028169014084507044
0 0.838258164852255 0.2976525821596244 0.015552099533437015 0.005633802816901409
0 0.9494556765163297 0.2924882629107981 0.03265940902021773 0.008450704225352112
0 0.854587869362364 0.2863849765258216 0.04510108864696734 0.009389671361502348
0 0.39035769828926903 0.27887323943661974 0.006220839813374806 0.0018779342723004694
0 0.3701399688958009 0.2755868544600939 0.027993779160186624 0.006572769953051643
0 0.3452566096423017 0.27136150234741785 0.015552099533437015 0.003755868544600939
0 0.3297045101088647 0.26854460093896715 0.006220839813374806 0.0018779342723004694
0 0.3926905132192846 0.2671361502347418 0.007776049766718507 0.0028169014084507044
0 0.36858475894245724 0.2624413145539906 0.03732503888024884 0.008450704225352112
0 0.34603421461897355 0.2586854460093897 0.004665629860031105 0.0009389671361502347
0 0.8250388802488335 0.25727699530516435 0.004665629860031105 0.0018779342723004694
0 0.2822706065318818 0.26009389671361505 0.05754276827371695 0.011267605633802818
0 0.28149300155520995 0.25305164319248824 0.003110419906687403 0.0009389671361502347
0 0.24727838258164853 0.2535211267605634 0.006220839813374806 0.0018779342723004694
0 0.9525660964230172 0.268075117370892 0.041990668740279936 0.04037558685446009
0 0.8079315707620529 0.24929577464788732 0.007776049766718507 0.0028169014084507044
0 0.26127527216174184 0.24976525821596243 0.015552099533437015 0.003755868544600939
0 0.22628304821150855 0.24929577464788732 0.01088646967340591 0.0028169014084507044
0 0.8615863141524106 0.2643192488262911 0.07465007776049767 0.03474178403755868
0 0.24727838258164853 0.24741784037558687 0.003110419906687403 0.0009389671361502347
0 0.35536547433903576 0.24694835680751173 0.03576982892690513 0.007511737089201878
0 0.26360808709175737 0.24413145539906103 0.004665629860031105 0.0018779342723004694
0 0.8538102643856921 0.24835680751173708 0.04354587869362364 0.014084507042253521
0 0.19440124416796267 0.24366197183098592 0.03421461897356143 0.006572769953051643
0 0.2223950233281493 0.24272300469483568 0.027993779160186624 0.006572769953051643
0 0.8810264385692068 0.23990610328638498 0.007776049766718507 0.0028169014084507044
0 0.27216174183514774 0.2906103286384977 0.28615863141524106 0.10422535211267606
0 0.8398133748055988 0.2460093896713615 0.06531881804043546 0.020657276995305163
0 0.19206842923794712 0.2375586854460094 0.013996889580093312 0.003755868544600939
0 0.223950233281493 0.23661971830985915 0.01866251944012442 0.003755868544600939
0 0.3265940902021773 0.2352112676056338 0.006220839813374806 0.0028169014084507044
0 0.9727838258164853 0.23661971830985915 0.004665629860031105 0.007511737089201878
0 0.14541213063763608 0.2347417840375587 0.026438569206842923 0.005633802816901409
0 0.8833592534992224 0.2323943661971831 0.012441679626749611 0.004694835680751174
0 0.2986003110419907 0.23661971830985915 0.06842923794712286 0.013145539906103286
0 0.3297045101088647 0.2300469483568075 0.00933125972006221 0.0018779342723004694
0 0.22939346811819597 0.23051643192488264 0.007776049766718507 0.0028169014084507044
0 0.2115085536547434 0.22769953051643194 0.003110419906687403 0.0009389671361502347
0 0.16174183514774496 0.22535211267605634 0.006220839813374806 0.0018779342723004694
0 0.045878693623639194 0.26291079812206575 0.041990668740279936 0.07887323943661972
0 0.8538102643856921 0.2347417840375587 0.07776049766718507 0.024413145539906103
0 0.3608087091757387 0.2244131455399061 0.015552099533437015 0.003755868544600939
0 0.3001555209953344 0.2248826291079812 0.02177293934681182 0.004694835680751174
0 0.15163297045101087 0.22347417840375586 0.004665629860031105 0.0018779342723004694
0 0.8032659409020217 0.22253521126760564 0.004665629860031105 0.0018779342723004694
0 0.14152410575427682 0.2215962441314554 0.003110419906687403 0.0018779342723004694
0 0.12986003110419908 0.21971830985915494 0.0015552099533437014 0.0018779342723004694
0 0.27060653188180406 0.22535211267605634 0.08087091757387248 0.015023474178403756
0 0.12052877138413685 0.21830985915492956 0.0015552099533437014 0.0009389671361502347
0 0.8219284603421462 0.21690140845070421 0.01088646967340591 0.003755868544600939
0 0.2177293934681182 0.215962441314554 0.006220839813374806 0.0018779342723004694
0 0.04510108864696734 0.2164319248826291 0.00933125972006221 0.0028169014084507044
0 0.27993779160186627 0.21549295774647886 0.006220839813374806 0.0028169014084507044
0 0.26360808709175737 0.21830985915492956 0.04510108864696734 0.008450704225352112
0 0.2713841368584759 0.2140845070422535 0.007776049766718507 0.0018779342723004694
0 0.03343701399688958 0.2140845070422535 0.004665629860031105 0.0018779342723004694
0 0.24883359253499224 0.21032863849765257 0.015552099533437015 0.003755868544600939
0 0.19206842923794712 0.2112676056338028 0.038880248833592534 0.007511737089201878
0 0.19129082426127528 0.2056338028169014 0.01866251944012442 0.003755868544600939
0 0.1578538102643857 0.2051643192488263 0.02332814930015552 0.004694835680751174
0 0.18429237947122862 0.215962441314554 0.15396578538102643 0.028169014084507043
0 0.015552099533437015 0.2220657276995305 0.03110419906687403 0.04037558685446009
0 0.09564541213063764 0.20046948356807512 0.007776049766718507 0.0028169014084507044
0 0.19440124416796267 0.2 0.012441679626749611 0.003755868544600939
0 0.13063763608087092 0.20046948356807512 0.024883359253499222 0.004694835680751174
0 0.8452566096423018 0.19812206572769953 0.004665629860031105 0.0018779342723004694
0 0.8055987558320373 0.19765258215962442 0.003110419906687403 0.0009389671361502347
0 0.8499222395023328 0.19671361502347418 0.0015552099533437014 0.0009389671361502347
0 0.8639191290824261 0.20375586854460093 0.06376360808709176 0.020657276995305163
0 0.3343701399688958 0.19389671361502347 0.003110419906687403 0.0009389671361502347
0 0.15863141524105753 0.19389671361502347 0.015552099533437015 0.0028169014084507044
0 0.027993779160186624 0.2 0.05598755832037325 0.015023474178403756
0 0.8188180404354588 0.19342723004694837 0.013996889580093312 0.003755868544600939
0 0.14307931570762053 0.19671361502347418 0.06531881804043546 0.012206572769953052
0 0.041990668740279936 0.19154929577464788 0.03110419906687403 0.005633802816901409
0 0.08009331259720062 0.18591549295774648 0.007776049766718507 0.0018779342723004694
0 0.8398133748055988 0.1863849765258216 0.024883359253499222 0.008450704225352112
0 0.3569206842923795 0.18544600938967137 0.03576982892690513 0.008450704225352112
0 0.08942457231726283 0.18169014084507043 0.0015552099533437014 0.0009389671361502347
0 0.8623639191290824 0.18028169014084508 0.004665629860031105 0.0018779342723004694
0 0.8818040435458787 0.17464788732394365 0.003110419906687403 0.0018779342723004694
0 0.8172628304821151 0.1727699530516432 0.004665629860031105 0.0018779342723004694
0 0.8499222395023328 0.1704225352112676 0.0015552099533437014 0.0009389671361502347
0 0.8600311041990669 0.1676056338028169 0.006220839813374806 0.0028169014084507044
0 0.838258164852255 0.16666666666666666 0.027993779160186624 0.008450704225352112
0 0.8709175738724728 0.1572769953051643 0.027993779160186624 0.008450704225352112
0 0.1734059097978227 0.18544600938967137 0.3468118195956454 0.07417840375586854
0 0.9020217729393468 0.14835680751173708 0.024883359253499222 0.007511737089201878
0 0.7115085536547434 0.13286384976525822 0.0015552099533437014 0.0009389671361502347
0 0.7146189735614308 0.10140845070422536 0.004665629860031105 0.003755868544600939
0 0.7247278382581649 0.09718309859154929 0.003110419906687403 0.0028169014084507044
0 0.7255054432348367 0.08591549295774648 0.0015552099533437014 0.0009389671361502347
0 0.7146189735614308 0.038497652582159626 0.004665629860031105 0.0018779342723004694
0 0.20762052877138415 0.11455399061032864 0.4152410575427683 0.15774647887323945
0 0.8374805598755832 0.10845070422535211 0.27838258164852253 0.1511737089201878
0 0.5163297045101088 0.01643192488262911 0.006220839813374806 0.0009389671361502347
0 0.5909797822706065 0.011737089201877934 0.00933125972006221 0.023474178403755867
0 0.5699844479004665 0.011737089201877934 0.004665629860031105 0.023474178403755867
0 0.4121306376360809 0.004694835680751174 0.006220839813374806 0.009389671361502348
0 0.3911353032659409 0.004694835680751174 0.004665629860031105 0.009389671361502348
0 0.3678071539657854 0.004225352112676056 0.0015552099533437014 0.008450704225352112
0 0.4082426127527216 0.011737089201877934 0.16640746500777606 0.023474178403755867
