0 0.5515625 0.9981132075471698 0.028125 0.0037735849056603774
0 0.60703125 0.9933962264150943 0.0359375 0.013207547169811321
0 0.43671875 0.9929245283018868 0.1671875 0.014150943396226415
0 0.721875 0.9731132075471698 0.009375 0.002830188679245283
0 0.934375 0.9669811320754716 0.05 0.013207547169811321
0 0.87890625 0.944811320754717 0.0078125 0.0047169811320754715
0 0.1640625 0.8924528301886793 0.003125 0.0018867924528301887
0 0.17109375 0.8721698113207547 0.0046875 0.002830188679245283
0 0.153125 0.8773584905660378 0.028125 0.01509433962264151
0 0.83671875 0.8872641509433963 0.0609375 0.040566037735849055
0 0.13359375 0.869811320754717 0.0109375 0.005660377358490566
0 0.1875 0.8400943396226415 0.00625 0.002830188679245283
0 0.96953125 0.8372641509433962 0.0046875 0.0009433962264150943
0 0.16640625 0.839622641509434 0.0328125 0.005660377358490566
0 0.80390625 0.8547169811320755 0.0578125 0.03773584905660377
0 0.2828125 0.8349056603773585 0.003125 0.0018867924528301887
0 0.26953125 0.8349056603773585 0.0078125 0.0018867924528301887
0 0.23984375 0.8344339622641509 0.0390625 0.002830188679245283
0 0.75859375 0.8316037735849057 0.0078125 0.002830188679245283
0 0.69765625 0.8311320754716981 0.0046875 0.0018867924528301887
0 0.70234375 0.9023584905660378 0.4015625 0.14622641509433962
0 0.22421875 0.8292452830188679 0.0203125 0.0018867924528301887
0 0.16484375 0.8283018867924529 0.0078125 0.0018867924528301887
0 0.62265625 0.8202830188679245 0.0015625 0.0009433962264150943
0 0.78046875 0.8283018867924529 0.0390625 0.020754716981132074
0 0.19296875 0.8174528301886792 0.0140625 0.002830188679245283
0 0.08203125 0.8221698113207547 0.0671875 0.014150943396226415
0 0.0765625 0.8099056603773584 0.046875 0.002830188679245283
0 0.62265625 0.8075471698113208 0.0109375 0.0018867924528301887
0 0.2859375 0.8061320754716981 0.003125 0.0009433962264150943
0 0.26796875 0.8061320754716981 0.0171875 0.002830188679245283
0 0.0734375 0.8042452830188679 0.0375 0.002830188679245283
0 0.515625 0.8023584905660377 0.009375 0.0009433962264150943
0 0.50078125 0.8023584905660377 0.0109375 0.0009433962264150943
0 0.271875 0.8009433962264151 0.040625 0.0037735849056603774
0 0.234375 0.8004716981132075 0.03125 0.0047169811320754715
0 0.0625 0.7985849056603773 0.015625 0.002830188679245283
0 0.625 0.7966981132075471 0.009375 0.0009433962264150943
0 0.5390625 0.7966981132075471 0.003125 0.0009433962264150943
0 0.52421875 0.7966981132075471 0.0046875 0.0009433962264150943
0 0.26171875 0.7957547169811321 0.0140625 0.002830188679245283
0 0.2234375 0.7900943396226415 0.00625 0.0009433962264150943
0 0.2625 0.7900943396226415 0.025 0.002830188679245283
0 0.0578125 0.7872641509433962 0.003125 0.0009433962264150943
0 0.49375 0.785377358490566 0.00625 0.0009433962264150943
0 0.56015625 0.7849056603773585 0.0046875 0.0018867924528301887
0 0.5515625 0.7849056603773585 0.00625 0.0018867924528301887
0 0.7375 0.7929245283018868 0.040625 0.01981132075471698
0 0.5296875 0.784433962264151 0.0125 0.002830188679245283
0 0.490625 0.7882075471698113 0.10625 0.010377358490566037
0 0.540625 0.7797169811320754 0.059375 0.0047169811320754715
0 0.48984375 0.7787735849056604 0.0203125 0.002830188679245283
0 0.45546875 0.779245283018868 0.0390625 0.0037735849056603774
0 0.52109375 0.7735849056603774 0.0078125 0.0018867924528301887
0 0.5078125 0.7735849056603774 0.00625 0.0018867924528301887
0 0.44609375 0.7731132075471698 0.0203125 0.002830188679245283
0 0.728125 0.7754716981132076 0.009375 0.009433962264150943
0 0.70078125 0.7726415094339623 0.0171875 0.0037735849056603774
0 0.56171875 0.7731132075471698 0.0453125 0.0047169811320754715
0 0.51953125 0.7669811320754717 0.0078125 0.0018867924528301887
0 0.45078125 0.7669811320754717 0.0078125 0.0018867924528301887
0 0.68828125 0.7660377358490567 0.0015625 0.0018867924528301887
0 0.528125 0.7613207547169811 0.025 0.0018867924528301887
0 0.72109375 0.7641509433962265 0.0265625 0.009433962264150943
0 0.27109375 0.7613207547169811 0.0265625 0.0037735849056603774
0 0.98359375 0.7636792452830189 0.0328125 0.010377358490566037
0 0.26953125 0.7556603773584906 0.0109375 0.0018867924528301887
0 0.528125 0.755188679245283 0.021875 0.002830188679245283
0 0.6921875 0.7580188679245283 0.015625 0.010377358490566037
0 0.046875 0.7471698113207547 0.009375 0.005660377358490566
0 0.44453125 0.7452830188679245 0.0109375 0.009433962264150943
0 0.6828125 0.7433962264150943 0.05 0.01509433962264151
0 0.4 0.7349056603773585 0.00625 0.0037735849056603774
0 0.09296875 0.6995283018867925 0.0078125 0.0047169811320754715
0 0.64765625 0.7066037735849057 0.0703125 0.0509433962264151
0 0.61640625 0.6778301886792453 0.0328125 0.012264150943396227
0 0.0171875 0.6726415094339623 0.003125 0.0037735849056603774
0 0.32109375 0.6617924528301887 0.0015625 0.0009433962264150943
0 0.121875 0.6608490566037736 0.00625 0.0047169811320754715
0 0.4609375 0.6872641509433962 0.1 0.0669811320754717
0 0.59296875 0.6556603773584906 0.0296875 0.016981132075471698
0 0.1484375 0.655188679245283 0.03125 0.016037735849056604
0 0.08203125 0.6528301886792452 0.0109375 0.011320754716981131
0 0.1078125 0.6566037735849056 0.015625 0.024528301886792454
0 0.03125 0.6660377358490566 0.05 0.04339622641509434
0 0.5796875 0.6438679245283019 0.03125 0.014150943396226415
0 0.053125 0.6636792452830189 0.05625 0.05377358490566038
0 0.1859375 0.6325471698113208 0.0375 0.02547169811320755
0 0.034375 0.6165094339622641 0.00625 0.0047169811320754715
0 0.55390625 0.6183962264150943 0.0328125 0.014150943396226415
0 0.371875 0.6023584905660377 0.00625 0.006603773584905661
0 0.1703125 0.595754716981132 0.0125 0.008490566037735849
0 0.61015625 0.7070754716981132 0.3609375 0.24245283018867925
0 0.44453125 0.5816037735849057 0.0078125 0.006603773584905661
0 0.46640625 0.5773584905660377 0.0140625 0.01509433962264151
0 0.340625 0.5660377358490566 0.009375 0.0037735849056603774
0 0.45 0.5660377358490566 0.015625 0.005660377358490566
0 0.39453125 0.5636792452830188 0.0265625 0.031132075471698113
0 0.43125 0.5452830188679245 0.00625 0.005660377358490566
0 0.3171875 0.5457547169811321 0.021875 0.017924528301886792
0 0.2265625 0.754245283018868 0.453125 0.44056603773584907
0 0.4171875 0.5334905660377358 0.003125 0.002830188679245283
0 0.41328125 0.5287735849056604 0.0046875 0.002830188679245283
0 0.41875 0.5207547169811321 0.0125 0.024528301886792454
0 0.3890625 0.525 0.040625 0.03679245283018868
0 0.3984375 0.49575471698113205 0.00625 0.006603773584905661
0 0.3109375 0.4721698113207547 0.003125 0.002830188679245283
0 0.25234375 0.4556603773584906 0.0078125 0.01509433962264151
0 0.42578125 0.3915094339622642 0.0046875 0.0018867924528301887
0 0.43828125 0.3877358490566038 0.0046875 0.0018867924528301887
0 0.40625 0.3867924528301887 0.00625 0.0018867924528301887
0 0.40390625 0.38113207547169814 0.0078125 0.0037735849056603774
0 0.95625 0.37924528301886795 0.0125 0.0018867924528301887
0 0.86640625 0.36556603773584906 0.0265625 0.0047169811320754715
0 0.98828125 0.3589622641509434 0.0015625 0.0009433962264150943
0 0.45078125 0.3599056603773585 0.0078125 0.002830188679245283
0 0.4515625 0.36981132075471695 0.059375 0.024528301886792454
0 0.8265625 0.3594339622641509 0.05 0.009433962264150943
0 0.69921875 0.6627358490566038 0.6015625 0.6179245283018868
0 0.3921875 0.35566037735849054 0.009375 0.0037735849056603774
0 0.4671875 0.355188679245283 0.0125 0.0047169811320754715
0 0.4375 0.3490566037735849 0.003125 0.0018867924528301887
0 0.5015625 0.35141509433962265 0.025 0.008490566037735849
0 0.83125 0.3471698113207547 0.00625 0.0018867924528301887
0 0.446875 0.3466981132075472 0.009375 0.002830188679245283
0 0.81171875 0.3438679245283019 0.0015625 0.0009433962264150943
0 0.45234375 0.35283018867924526 0.0546875 0.018867924528301886
0 0.3859375 0.3443396226415094 0.009375 0.0037735849056603774
0 0.22578125 0.34858490566037736 0.0203125 0.014150943396226415
0 0.87890625 0.34150943396226413 0.0140625 0.0037735849056603774
0 0.2171875 0.34150943396226413 0.00625 0.005660377358490566
0 0.85859375 0.33867924528301885 0.0140625 0.0037735849056603774
0 0.43515625 0.33584905660377357 0.0046875 0.0018867924528301887
0 0.19296875 0.33443396226415095 0.0015625 0.002830188679245283
0 0.4484375 0.33867924528301885 0.04375 0.01509433962264151
0 0.4515625 0.3311320754716981 0.00625 0.0018867924528301887
0 0.88125 0.3297169811320755 0.003125 0.0009433962264150943
0 0.209375 0.3273584905660377 0.00625 0.0037735849056603774
0 0.4421875 0.3273584905660377 0.028125 0.009433962264150943
0 0.4984375 0.3240566037735849 0.01875 0.006603773584905661
0 0.3765625 0.32122641509433963 0.003125 0.0009433962264150943
0 0.165625 0.32216981132075473 0.00625 0.008490566037735849
0 0.88046875 0.3179245283018868 0.0203125 0.0037735849056603774
0 0.44140625 0.31556603773584907 0.0265625 0.008490566037735849
0 0.85078125 0.3127358490566038 0.0265625 0.0047169811320754715
0 0.44296875 0.3080188679245283 0.0015625 0.0009433962264150943
0 0.9703125 0.30849056603773584 0.021875 0.005660377358490566
0 0.4375 0.30330188679245285 0.025 0.008490566037735849
0 0.29765625 0.3136792452830189 0.0265625 0.029245283018867925
0 0.978125 0.2985849056603774 0.003125 0.0009433962264150943
0 0.96484375 0.2957547169811321 0.0046875 0.0009433962264150943
0 0.22578125 0.2966981132075472 0.0171875 0.012264150943396227
0 0.1953125 0.3099056603773585 0.009375 0.04245283018867924
0 0.8765625 0.2910377358490566 0.034375 0.006603773584905661
0 0.3046875 0.2966981132075472 0.025 0.01981132075471698
0 0.428125 0.28867924528301886 0.021875 0.005660377358490566
0 0.84765625 0.2858490566037736 0.0140625 0.0037735849056603774
0 0.37109375 0.2976415094339623 0.1109375 0.04245283018867924
0 0.3640625 0.2778301886792453 0.015625 0.0047169811320754715
0 0.43046875 0.27641509433962264 0.0359375 0.007547169811320755
0 0.87421875 0.2783018867924528 0.0671875 0.013207547169811321
0 0.26953125 0.27264150943396226 0.0046875 0.0037735849056603774
0 0.42578125 0.26933962264150946 0.0015625 0.0009433962264150943
0 0.3546875 0.2627358490566038 0.009375 0.002830188679245283
0 0.96875 0.2759433962264151 0.034375 0.031132075471698113
0 0.0609375 0.280188679245283 0.028125 0.04150943396226415
0 0.215625 0.26132075471698113 0.00625 0.005660377358490566
0 0.4234375 0.2622641509433962 0.046875 0.009433962264150943
0 0.42421875 0.25613207547169814 0.0109375 0.002830188679245283
0 0.8421875 0.2537735849056604 0.00625 0.0018867924528301887
0 0.88203125 0.264622641509434 0.0546875 0.02547169811320755
0 0.3578125 0.2504716981132076 0.003125 0.0009433962264150943
0 0.840625 0.24764150943396226 0.003125 0.0009433962264150943
0 0.425 0.2504716981132076 0.03125 0.006603773584905661
0 0.17421875 0.2589622641509434 0.0328125 0.02358490566037736
0 0.4328125 0.24575471698113208 0.003125 0.0009433962264150943
0 0.16328125 0.24150943396226415 0.0046875 0.0018867924528301887
0 0.03046875 0.24716981132075472 0.0203125 0.016981132075471698
0 0.05 0.23915094339622642 0.00625 0.002830188679245283
0 0.42109375 0.23867924528301887 0.0359375 0.007547169811320755
0 0.884375 0.2339622641509434 0.00625 0.0018867924528301887
0 0.9 0.22924528301886793 0.003125 0.0018867924528301887
0 0.15703125 0.22830188679245284 0.0046875 0.0018867924528301887
0 0.35078125 0.22641509433962265 0.0046875 0.0018867924528301887
0 0.02578125 0.225 0.0015625 0.0009433962264150943
0 0.340625 0.2240566037735849 0.003125 0.0009433962264150943
0 0.41796875 0.225 0.0234375 0.006603773584905661
0 0.18125 0.2188679245283019 0.00625 0.0018867924528301887
0 0.15234375 0.21415094339622642 0.0328125 0.007547169811320755
0 0.4078125 0.21037735849056605 0.01875 0.005660377358490566
0 0.121875 0.2089622641509434 0.015625 0.002830188679245283
0 0.81640625 0.2018867924528302 0.0046875 0.0018867924528301887
0 0.2078125 0.20141509433962265 0.003125 0.0009433962264150943
0 0.153125 0.20471698113207548 0.034375 0.011320754716981131
0 0.03125 0.2320754716981132 0.0625 0.0660377358490566
0 0.0625 0.19905660377358492 0.003125 0.0018867924528301887
0 0.32890625 0.19764150943396228 0.0015625 0.0009433962264150943
0 0.05390625 0.19764150943396228 0.0046875 0.0009433962264150943
0 0.03984375 0.19528301886792454 0.0078125 0.0018867924528301887
0 0.39921875 0.19622641509433963 0.0234375 0.005660377358490566
0 0.2375 0.1938679245283019 0.015625 0.0047169811320754715
0 0.36015625 0.19009433962264152 0.0046875 0.002830188679245283
0 0.20703125 0.19009433962264152 0.0109375 0.002830188679245283
0 0.01484375 0.19103773584905662 0.0171875 0.006603773584905661
0 0.34296875 0.18679245283018867 0.0140625 0.0037735849056603774
0 0.31796875 0.18254716981132074 0.0078125 0.002830188679245283
0 0.24453125 0.18254716981132074 0.0109375 0.0047169811320754715
0 0.12109375 0.18066037735849055 0.0015625 0.0009433962264150943
0 0.30078125 0.17971698113207546 0.0171875 0.0047169811320754715
0 0.01953125 0.18160377358490565 0.0265625 0.010377358490566037
0 0.2125 0.17641509433962263 0.003125 0.0018867924528301887
0 0.05625 0.17547169811320754 0.009375 0.0018867924528301887
0 0.14453125 0.18584905660377357 0.1203125 0.03018867924528302
0 0.25703125 0.17169811320754716 0.0109375 0.0037735849056603774
0 0.0953125 0.17028301886792452 0.00625 0.002830188679245283
0 0.08515625 0.16839622641509433 0.0015625 0.0009433962264150943
0 0.02109375 0.17169811320754716 0.0171875 0.007547169811320755
0 0.88046875 0.16273584905660377 0.0015625 0.0009433962264150943
0 0.04765625 0.16226415094339622 0.0640625 0.013207547169811321
0 0.8546875 0.11179245283018868 0.259375 0.14622641509433962
0 0.21796875 0.1160377358490566 0.4359375 0.15660377358490565
0 0.52421875 0.01650943396226415 0.0078125 0.002830188679245283
0 0.41875 0.007075471698113208 0.003125 0.002830188679245283
0 0.59921875 0.01179245283018868 0.0078125 0.02358490566037736
0 0.57734375 0.01179245283018868 0.0046875 0.02358490566037736
0 0.39765625 0.0047169811320754715 0.0046875 0.009433962264150943
0 0.41484375 0.01179245283018868 0.1671875 0.02358490566037736
