0 0.4963898916967509 0.9828282828282828 0.021660649819494584 0.03434343434343434
0 0.4259927797833935 0.9828282828282828 0.021660649819494584 0.03434343434343434
0 0.4629963898916967 0.9818181818181818 0.03429602888086643 0.03636363636363636
0 0.5866425992779783 0.9797979797979798 0.05776173285198556 0.04040404040404041
0 0.51985559566787 0.9676767676767677 0.2779783393501805 0.06464646464646465
0 0.9954873646209387 0.5383838383838384 0.009025270758122744 0.006060606060606061
0 0.9972924187725631 0.23232323232323232 0.005415162454873646 0.00404040404040404
0 0.9963898916967509 0.17272727272727273 0.007220216606498195 0.006060606060606061
0 0.5776173285198556 0.049494949494949494 0.007220216606498195 0.006060606060606061
0 0.5 0.4858585858585859 1.0 0.8868686868686869
0 0.592057761732852 0.03737373737373737 0.036101083032490974 0.026262626262626262
0 0.41787003610108303 0.04040404040404041 0.019855595667870037 0.03636363636363636
0 0.45577617328519854 0.03737373737373737 0.03429602888086643 0.03838383838383838
0 0.5875451263537906 0.01717171717171717 0.0018050541516245488 0.00202020202020202
0 0.4891696750902527 0.03434343434343434 0.018050541516245487 0.03636363636363636
0 0.6064981949458483 0.014141414141414142 0.0036101083032490976 0.00404040404040404
0 0.5622743682310469 0.029292929292929294 0.016245487364620937 0.046464646464646465
0 0.5785198555956679 0.006060606060606061 0.023465703971119134 0.012121212121212121
