0 0.10851063829787234 0.9339430894308943 0.00425531914893617 0.006097560975609756
0 0.07340425531914893 0.9247967479674797 0.06170212765957447 0.04878048780487805
0 0.027659574468085105 0.6697154471544715 0.02553191489361702 0.01016260162601626
0 0.05851063829787234 0.6514227642276422 0.002127659574468085 0.0020325203252032522
0 0.019148936170212766 0.6351626016260162 0.03829787234042553 0.046747967479674794
0 0.648936170212766 0.49796747967479676 0.01702127659574468 0.0040650406504065045
0 0.6180851063829788 0.4959349593495935 0.010638297872340425 0.0040650406504065045
0 0.30638297872340425 0.133130081300813 0.00425531914893617 0.0020325203252032522
0 0.5436170212765957 0.008130081300813009 0.006382978723404255 0.0040650406504065045
0 0.5202127659574468 0.008130081300813009 0.010638297872340425 0.0040650406504065045
0 0.5 0.5010162601626016 1.0 0.9979674796747967
