0 0.10396975425330812 0.9936507936507937 0.15500945179584122 0.012698412698412698
0 0.5302457466918714 0.9841269841269841 0.043478260869565216 0.031746031746031744
0 0.5293005671077504 0.9571428571428572 0.003780718336483932 0.0031746031746031746
0 0.5482041587901701 0.9571428571428572 0.015122873345935728 0.022222222222222223
0 0.505671077504726 0.9682539682539683 0.035916824196597356 0.06349206349206349
0 0.4102079395085066 0.9603174603174603 0.022684310018903593 0.05396825396825397
0 0.6039697542533081 0.9634920634920635 0.013232514177693762 0.07301587301587302
0 0.3657844990548204 0.9571428571428572 0.03213610586011342 0.06031746031746032
0 0.3223062381852552 0.9555555555555556 0.024574669187145556 0.05714285714285714
0 0.5756143667296786 0.9619047619047619 0.005671077504725898 0.0761904761904762
0 0.3714555765595463 0.946031746031746 0.21361058601134217 0.10793650793650794
0 0.6030245746691871 0.7888888888888889 0.026465028355387523 0.009523809523809525
0 0.6833648393194707 0.6968253968253968 0.001890359168241966 0.0031746031746031746
0 0.5415879017013232 0.6619047619047619 0.001890359168241966 0.0031746031746031746
0 0.4829867674858223 0.6603174603174603 0.005671077504725898 0.006349206349206349
0 0.43289224952741023 0.6587301587301587 0.007561436672967864 0.009523809523809525
0 0.947069943289225 0.6428571428571429 0.011342155009451797 0.009523809523809525
0 0.6994328922495274 0.6412698412698413 0.003780718336483932 0.006349206349206349
0 0.4877126654064272 0.6412698412698413 0.007561436672967864 0.006349206349206349
0 0.5482041587901701 0.6396825396825396 0.007561436672967864 0.009523809523809525
0 0.946124763705104 0.6079365079365079 0.005671077504725898 0.009523809523809525
0 0.5954631379962193 0.007936507936507936 0.04158790170132325 0.015873015873015872
0 0.5075614366729678 0.0031746031746031746 0.054820415879017016 0.006349206349206349
0 0.5075614366729678 0.4444444444444444 0.9848771266540642 0.8888888888888888
