0 0.41346153846153844 0.9983136593591906 0.00641025641025641 0.003372681281618887
0 0.5961538461538461 0.9957841483979764 0.00641025641025641 0.008431703204047217
0 0.6193910256410257 0.9915682967959528 0.004807692307692308 0.006745362563237774
0 0.6378205128205128 0.9898819561551433 0.016025641025641024 0.02023608768971332
0 0.41907051282051283 0.9747048903878583 0.011217948717948718 0.006745362563237774
0 0.43990384615384615 0.984822934232715 0.02403846153846154 0.03035413153456998
0 0.4719551282051282 0.9839797639123102 0.011217948717948718 0.03204047217537943
0 0.5064102564102564 0.9831365935919055 0.019230769230769232 0.03372681281618887
0 0.6129807692307693 0.9620573355817875 0.0016025641025641025 0.0016863406408094434
0 0.5905448717948718 0.9772344013490725 0.011217948717948718 0.03204047217537943
0 0.9967948717948718 0.7023608768971332 0.00641025641025641 0.00505902192242833
0 0.9871794871794872 0.6795952782462057 0.02564102564102564 0.013490725126475547
0 0.5064102564102564 0.784991568296796 0.9871794871794872 0.2748735244519393
0 0.9735576923076923 0.5269814502529511 0.052884615384615384 0.07251264755480608
0 0.003205128205128205 0.4924114671163575 0.00641025641025641 0.09443507588532883
0 0.0016025641025641025 0.42327150084317033 0.003205128205128205 0.013490725126475547
0 0.9903846153846154 0.37352445193929174 0.019230769230769232 0.025295109612141653
0 0.015224358974358974 0.3490725126475548 0.0016025641025641025 0.006745362563237774
0 0.01282051282051282 0.3305227655986509 0.02564102564102564 0.16526138279932545
0 0.6506410256410257 0.20994940978077573 0.003205128205128205 0.0016863406408094434
0 0.967948717948718 0.15177065767284992 0.05448717948717949 0.050590219224283306
0 0.3485576923076923 0.10370994940978077 0.0016025641025641025 0.0016863406408094434
0 0.7115384615384616 0.09780775716694773 0.00641025641025641 0.006745362563237774
0 0.007211538461538462 0.1475548060708263 0.014423076923076924 0.11973018549747048
0 0.7139423076923077 0.07504215851602024 0.0016025641025641025 0.0016863406408094434
0 0.9022435897435898 0.05986509274873524 0.00641025641025641 0.008431703204047217
0 0.8910256410256411 0.03456998313659359 0.00641025641025641 0.00505902192242833
0 0.9014423076923077 0.03204047217537943 0.004807692307692308 0.006745362563237774
0 0.7235576923076923 0.02951096121416526 0.011217948717948718 0.01854974704890388
0 0.22355769230769232 0.016863406408094434 0.004807692307692308 0.003372681281618887
0 0.9078525641025641 0.016020236087689713 0.0016025641025641025 0.00505902192242833
0 0.9967948717948718 0.016020236087689713 0.00641025641025641 0.008431703204047217
0 0.9863782051282052 0.01854974704890388 0.011217948717948718 0.013490725126475547
0 0.7780448717948718 0.010961214165261383 0.0016025641025641025 0.0016863406408094434
0 0.9038461538461539 0.008431703204047217 0.003205128205128205 0.003372681281618887
0 0.7996794871794872 0.006745362563237774 0.009615384615384616 0.003372681281618887
0 0.9599358974358975 0.01433389544688027 0.02564102564102564 0.025295109612141653
0 0.9959935897435898 0.0042158516020236085 0.008012820512820512 0.008431703204047217
0 0.8886217948717948 0.007588532883642495 0.020833333333333332 0.01517706576728499
0 0.8717948717948718 0.0008431703204047217 0.003205128205128205 0.0016863406408094434
0 0.780448717948718 0.003372681281618887 0.016025641025641024 0.006745362563237774
0 0.5144230769230769 0.3372681281618887 0.9711538461538461 0.6745362563237775
