0 0.1297709923664122 0.9986111111111111 0.02544529262086514 0.002777777777777778
0 0.0648854961832061 0.9958333333333333 0.07888040712468193 0.008333333333333333
0 0.5139949109414759 0.9513888888888888 0.030534351145038167 0.019444444444444445
0 0.5318066157760815 0.9347222222222222 0.010178117048346057 0.008333333333333333
0 0.5 0.9625 0.08396946564885496 0.075
0 0.4872773536895674 0.9263888888888889 0.022900763358778626 0.013888888888888888
0 0.5852417302798982 0.95 0.05597964376590331 0.1
0 0.3155216284987277 0.9375 0.2697201017811705 0.125
0 0.9770992366412213 0.8 0.04580152671755725 0.011111111111111112
0 0.6666666666666666 0.7166666666666667 0.005089058524173028 0.005555555555555556
0 0.03307888040712468 0.41805555555555557 0.020356234096692113 0.008333333333333333
0 0.9020356234096693 0.4166666666666667 0.027989821882951654 0.016666666666666666
0 0.4033078880407125 0.3902777777777778 0.1297709923664122 0.019444444444444445
0 0.9363867684478372 0.3819444444444444 0.02544529262086514 0.013888888888888888
0 0.9033078880407125 0.3819444444444444 0.020356234096692113 0.013888888888888888
0 0.960559796437659 0.38055555555555554 0.01272264631043257 0.016666666666666666
0 0.039440203562340966 0.3541666666666667 0.017811704834605598 0.002777777777777778
0 0.9045801526717557 0.3486111111111111 0.007633587786259542 0.008333333333333333
0 0.031806615776081425 0.3402777777777778 0.007633587786259542 0.002777777777777778
0 0.9656488549618321 0.3625 0.06870229007633588 0.058333333333333334
0 0.13486005089058525 0.325 0.015267175572519083 0.005555555555555556
0 0.062340966921119595 0.325 0.0737913486005089 0.011111111111111112
0 0.9020356234096693 0.31666666666666665 0.01272264631043257 0.011111111111111112
0 0.6755725190839694 0.325 0.4198473282442748 0.027777777777777776
0 0.9656488549618321 0.31527777777777777 0.06870229007633588 0.019444444444444445
0 0.13740458015267176 0.29305555555555557 0.005089058524173028 0.002777777777777778
0 0.11959287531806616 0.29444444444444445 0.015267175572519083 0.005555555555555556
0 0.3384223918575064 0.29444444444444445 0.04580152671755725 0.011111111111111112
0 0.4198473282442748 0.29444444444444445 0.06615776081424936 0.022222222222222223
0 0.061068702290076333 0.29444444444444445 0.07633587786259542 0.03888888888888889
0 0.13486005089058525 0.2625 0.02544529262086514 0.008333333333333333
0 0.06997455470737914 0.2638888888888889 0.089058524173028 0.011111111111111112
0 0.061068702290076333 0.24722222222222223 0.010178117048346057 0.005555555555555556
0 0.039440203562340966 0.24861111111111112 0.027989821882951654 0.008333333333333333
0 0.13994910941475827 0.23055555555555557 0.015267175572519083 0.005555555555555556
0 0.3333333333333333 0.22777777777777777 0.010178117048346057 0.005555555555555556
0 0.07251908396946564 0.23055555555555557 0.09923664122137404 0.011111111111111112
0 0.9580152671755725 0.18194444444444444 0.08396946564885496 0.23055555555555557
0 0.5089058524173028 0.45555555555555555 0.9821882951653944 0.8722222222222222
0 0.4580152671755725 0.005555555555555556 0.04071246819338423 0.011111111111111112
