0 0.5121042830540037 0.9968652037617555 0.0037243947858473 0.006269592476489028
0 0.527001862197393 0.9937304075235109 0.0148975791433892 0.012539184952978056
0 0.4888268156424581 0.9890282131661442 0.03910614525139665 0.0219435736677116
0 0.39385474860335196 0.987460815047022 0.024208566108007448 0.025078369905956112
0 0.35288640595903165 0.9858934169278997 0.03165735567970205 0.02821316614420063
0 0.5791433891992551 0.9843260188087775 0.0223463687150838 0.03134796238244514
0 0.3100558659217877 0.9843260188087775 0.024208566108007448 0.03134796238244514
0 0.5558659217877095 0.9827586206896551 0.01303538175046555 0.034482758620689655
0 0.35567970204841715 0.9655172413793104 0.2085661080074488 0.06896551724137931
0 0.9990689013035382 0.8385579937304075 0.00186219739292365 0.02821316614420063
0 0.9990689013035382 0.8134796238244514 0.00186219739292365 0.003134796238244514
0 0.6517690875232774 0.7836990595611285 0.0037243947858473 0.006269592476489028
0 0.5148975791433892 0.731974921630094 0.00558659217877095 0.009404388714733543
0 0.4590316573556797 0.7241379310344828 0.00931098696461825 0.025078369905956112
0 0.4813780260707635 0.6959247648902821 0.00931098696461825 0.006269592476489028
0 0.46461824953445063 0.6974921630094044 0.00931098696461825 0.009404388714733543
0 0.3407821229050279 0.6959247648902821 0.0074487895716946 0.012539184952978056
0 0.9357541899441341 0.6300940438871473 0.00558659217877095 0.006269592476489028
0 0.9450651769087524 0.5626959247648903 0.00558659217877095 0.009404388714733543
0 0.5046554934823091 0.4890282131661442 0.9906890130353817 0.890282131661442
0 0.5344506517690876 0.029780564263322883 0.0111731843575419 0.003134796238244514
0 0.5232774674115456 0.029780564263322883 0.0037243947858473 0.003134796238244514
0 0.49441340782122906 0.0219435736677116 0.027932960893854747 0.018808777429467086
0 0.5772811918063314 0.029780564263322883 0.0446927374301676 0.05956112852664577
0 0.5325884543761639 0.009404388714733543 0.0111731843575419 0.018808777429467086
0 0.5018621973929237 0.001567398119122257 0.00186219739292365 0.003134796238244514
0 0.4059590316573557 0.001567398119122257 0.0037243947858473 0.003134796238244514
0 0.3687150837988827 0.003134796238244514 0.0186219739292365 0.006269592476489028
0 0.3919925512104283 0.02664576802507837 0.25884543761638734 0.05329153605015674
