0 0.6272563176895307 0.9984802431610942 0.005415162454873646 0.00303951367781155
0 0.5063176895306859 0.986322188449848 0.023465703971119134 0.02735562310030395
0 0.4611913357400722 0.986322188449848 0.030685920577617327 0.02735562310030395
0 0.4232851985559567 0.9848024316109423 0.030685920577617327 0.030395136778115502
0 0.6335740072202166 0.9741641337386018 0.007220216606498195 0.015197568389057751
0 0.6074007220216606 0.9680851063829787 0.005415162454873646 0.00911854103343465
0 0.5884476534296029 0.9817629179331308 0.018050541516245487 0.0364741641337386
0 0.6787003610108303 0.9665653495440729 0.036101083032490974 0.0668693009118541
0 0.4684115523465704 0.9650455927051672 0.20397111913357402 0.06990881458966565
0 0.5830324909747292 0.022796352583586626 0.06498194945848375 0.04559270516717325
0 0.47653429602888087 0.015197568389057751 0.010830324909747292 0.030395136778115502
0 0.5 0.45440729483282677 1.0 0.9088145896656535
