0 0.6163793103448276 0.9984326018808778 0.008620689655172414 0.003134796238244514
0 0.6063218390804598 0.9984326018808778 0.005747126436781609 0.003134796238244514
0 0.4468390804597701 0.9968652037617555 0.008620689655172414 0.006269592476489028
0 0.5574712643678161 0.9952978056426333 0.011494252873563218 0.009404388714733543
0 0.3936781609195402 0.9952978056426333 0.034482758620689655 0.009404388714733543
0 0.33045977011494254 0.9952978056426333 0.028735632183908046 0.009404388714733543
0 0.5890804597701149 0.9921630094043887 0.005747126436781609 0.009404388714733543
0 0.7227011494252874 0.8887147335423198 0.008620689655172414 0.003134796238244514
0 0.34626436781609193 0.8887147335423198 0.0028735632183908046 0.003134796238244514
0 0.4367816091954023 0.8887147335423198 0.16666666666666666 0.01567398119122257
0 0.34339080459770116 0.8730407523510971 0.008620689655172414 0.003134796238244514
0 0.7413793103448276 0.8526645768025078 0.005747126436781609 0.006269592476489028
0 0.3017241379310345 0.8526645768025078 0.08620689655172414 0.012539184952978056
0 0.39798850574712646 0.8338557993730408 0.014367816091954023 0.006269592476489028
0 0.39798850574712646 0.8166144200626959 0.020114942528735632 0.009404388714733543
0 0.492816091954023 0.780564263322884 0.014367816091954023 0.006269592476489028
0 0.4640804597701149 0.7789968652037618 0.020114942528735632 0.009404388714733543
0 0.4295977011494253 0.7774294670846394 0.02586206896551724 0.006269592476489028
0 0.5660919540229885 0.7601880877742947 0.19540229885057472 0.01567398119122257
0 0.48563218390804597 0.7413793103448276 0.028735632183908046 0.009404388714733543
0 0.4367816091954023 0.6849529780564263 0.005747126436781609 0.003134796238244514
0 0.40373563218390807 0.6473354231974922 0.0028735632183908046 0.003134796238244514
0 0.1853448275862069 0.47648902821316613 0.3706896551724138 0.03761755485893417
0 0.5 0.5188087774294671 1.0 0.8557993730407524
0 0.6350574712643678 0.061128526645768025 0.011494252873563218 0.01567398119122257
0 0.6077586206896551 0.05329153605015674 0.02586206896551724 0.03134796238244514
0 0.6408045977011494 0.007836990595611285 0.005747126436781609 0.009404388714733543
0 0.5804597701149425 0.02821316614420063 0.011494252873563218 0.05642633228840126
0 0.46839080459770116 0.029780564263322883 0.028735632183908046 0.05956112852664577
0 0.41522988505747127 0.03134796238244514 0.05459770114942529 0.06269592476489028
0 0.35201149425287354 0.03134796238244514 0.04310344827586207 0.06269592476489028
