0 0.7271341463414634 0.965311004784689 0.0701219512195122 0.06937799043062201
0 0.4878048780487805 0.9593301435406698 0.3902439024390244 0.08133971291866028
0 0.7057926829268293 0.32894736842105265 0.003048780487804878 0.0023923444976076554
0 0.6585365853658537 0.33133971291866027 0.012195121951219513 0.007177033492822967
0 0.7484756097560976 0.3277511961722488 0.009146341463414634 0.004784688995215311
0 0.7240853658536586 0.3277511961722488 0.01524390243902439 0.004784688995215311
0 0.75 0.5167464114832536 0.5 0.39712918660287083
0 0.7301829268292683 0.3050239234449761 0.003048780487804878 0.0023923444976076554
0 0.885670731707317 0.3026315789473684 0.009146341463414634 0.0023923444976076554
0 0.8201219512195121 0.3038277511961722 0.006097560975609756 0.004784688995215311
0 0.9329268292682927 0.3014354066985646 0.054878048780487805 0.009569377990430622
0 0.6966463414634146 0.2583732057416268 0.04573170731707317 0.004784688995215311
0 0.8490853658536586 0.25717703349282295 0.04573170731707317 0.007177033492822967
0 0.9405487804878049 0.25598086124401914 0.11890243902439024 0.014354066985645933
0 0.9984756097560976 0.23086124401913877 0.003048780487804878 0.007177033492822967
0 0.9862804878048781 0.20334928229665072 0.027439024390243903 0.014354066985645933
0 0.7911585365853658 0.15669856459330145 0.009146341463414634 0.011961722488038277
0 0.053353658536585365 0.1507177033492823 0.009146341463414634 0.004784688995215311
0 0.75 0.1339712918660287 0.006097560975609756 0.009569377990430622
0 0.5 0.48444976076555024 1.0 0.868421052631579
0 0.5685975609756098 0.0023923444976076554 0.009146341463414634 0.004784688995215311
0 0.5670731707317073 0.02751196172248804 0.08536585365853659 0.05502392344497608
0 0.4268292682926829 0.02033492822966507 0.03048780487804878 0.04066985645933014
0 0.39176829268292684 0.005980861244019139 0.021341463414634148 0.011961722488038277
0 0.3704268292682927 0.02033492822966507 0.057926829268292686 0.04066985645933014
0 0.3079268292682927 0.017942583732057416 0.03048780487804878 0.03588516746411483
