0 0.6021505376344086 0.9984894259818731 0.0035842293906810036 0.0030211480362537764
0 0.49014336917562723 0.9818731117824774 0.01971326164874552 0.03625377643504532
0 0.4444444444444444 0.9818731117824774 0.02867383512544803 0.03625377643504532
0 0.6164874551971327 0.9667673716012085 0.007168458781362007 0.012084592145015106
0 0.4068100358422939 0.9803625377643505 0.02867383512544803 0.03927492447129909
0 0.5913978494623656 0.9607250755287009 0.0035842293906810036 0.006042296072507553
0 0.5707885304659498 0.9788519637462235 0.016129032258064516 0.04229607250755287
0 0.6738351254480287 0.9652567975830816 0.014336917562724014 0.06948640483383686
0 0.6487455197132617 0.9350453172205438 0.007168458781362007 0.015105740181268883
0 0.45161290322580644 0.9622356495468278 0.2007168458781362 0.0755287009063444
0 0.557347670250896 0.02416918429003021 0.06451612903225806 0.04833836858006042
0 0.4507168458781362 0.01661631419939577 0.008960573476702509 0.03323262839879154
0 0.5 0.4501510574018127 1.0 0.9003021148036254
