0 0.5788113695090439 0.9886792452830189 0.0103359173126615 0.022641509433962263
0 0.627906976744186 0.9735849056603774 0.0103359173126615 0.007547169811320755
0 0.4664082687338501 0.9754716981132076 0.023255813953488372 0.04905660377358491
0 0.4160206718346253 0.9754716981132076 0.0103359173126615 0.04905660377358491
0 0.3423772609819121 0.9566037735849057 0.007751937984496124 0.011320754716981131
0 0.6421188630490956 0.9584905660377359 0.01808785529715762 0.022641509433962263
0 0.5813953488372093 0.960377358490566 0.0103359173126615 0.026415094339622643
0 0.36175710594315247 0.9735849056603774 0.020671834625323 0.052830188679245285
0 0.7209302325581395 0.9547169811320755 0.020671834625323 0.09056603773584905
0 0.6886304909560723 0.9547169811320755 0.012919896640826873 0.09056603773584905
0 0.42118863049095606 0.9490566037735849 0.2739018087855297 0.1018867924528302
0 0.5 0.47358490566037736 1.0 0.8188679245283019
0 0.4082687338501292 0.05471698113207547 0.03617571059431524 0.0037735849056603774
0 0.6472868217054264 0.035849056603773584 0.01808785529715762 0.011320754716981131
0 0.6111111111111112 0.035849056603773584 0.01808785529715762 0.011320754716981131
0 0.3049095607235142 0.022641509433962263 0.00516795865633075 0.007547169811320755
0 0.648578811369509 0.01509433962264151 0.015503875968992248 0.022641509433962263
0 0.7222222222222222 0.02830188679245283 0.012919896640826873 0.05660377358490566
0 0.603359173126615 0.016981132075471698 0.05426356589147287 0.033962264150943396
0 0.49483204134366926 0.03018867924528302 0.12144702842377261 0.06037735849056604
0 0.4702842377260982 0.013207547169811321 0.0103359173126615 0.026415094339622643
0 0.43281653746770027 0.013207547169811321 0.01808785529715762 0.026415094339622643
0 0.3992248062015504 0.013207547169811321 0.012919896640826873 0.026415094339622643
0 0.35917312661498707 0.013207547169811321 0.041343669250646 0.026415094339622643
0 0.31136950904392763 0.0037735849056603774 0.002583979328165375 0.007547169811320755
