0 0.6670081967213115 0.9879725085910653 0.0430327868852459 0.024054982817869417
0 0.45389344262295084 0.9845360824742269 0.2151639344262295 0.030927835051546393
0 0.5 0.520618556701031 1.0 0.8762886597938144
0 0.5543032786885246 0.07388316151202749 0.014344262295081968 0.024054982817869417
0 0.5993852459016393 0.06529209621993128 0.014344262295081968 0.027491408934707903
0 0.4661885245901639 0.048109965635738834 0.018442622950819672 0.054982817869415807
0 0.4262295081967213 0.048109965635738834 0.040983606557377046 0.054982817869415807
0 0.5819672131147541 0.04982817869415808 0.028688524590163935 0.06529209621993128
0 0.5522540983606558 0.03951890034364261 0.010245901639344262 0.044673539518900345
0 0.382172131147541 0.044673539518900345 0.030737704918032786 0.054982817869415807
0 0.5717213114754098 0.018900343642611683 0.012295081967213115 0.010309278350515464
