0 0.5106382978723404 0.9967320261437909 0.0038684719535783366 0.006535947712418301
0 0.4825918762088975 0.988562091503268 0.03288201160541586 0.02287581699346405
0 0.3897485493230174 0.988562091503268 0.025145067698259187 0.02287581699346405
0 0.36363636363636365 0.988562091503268 0.01160541586073501 0.02287581699346405
0 0.3355899419729207 0.9869281045751634 0.013539651837524178 0.026143790849673203
0 0.30174081237911027 0.9852941176470589 0.02321083172147002 0.029411764705882353
0 0.5725338491295938 0.04738562091503268 0.007736943907156673 0.00980392156862745
0 0.5715667311411993 0.017973856209150325 0.009671179883945842 0.03594771241830065
0 0.4941972920696325 0.02287581699346405 0.06769825918762089 0.0457516339869281
0 0.3829787234042553 0.016339869281045753 0.015473887814313346 0.032679738562091505
0 0.35106382978723405 0.017973856209150325 0.017408123791102514 0.03594771241830065
0 0.31431334622823986 0.017973856209150325 0.017408123791102514 0.03594771241830065
0 0.5 0.46405228758169936 1.0 0.9281045751633987
