0 0.5236220472440944 0.9923076923076923 0.013123359580052493 0.015384615384615385
0 0.30971128608923887 0.9865384615384616 0.047244094488188976 0.026923076923076925
0 0.3700787401574803 0.9846153846153847 0.03674540682414698 0.03076923076923077
0 0.2559055118110236 0.9846153846153847 0.04461942257217848 0.03076923076923077
0 0.4816272965879265 0.9807692307692307 0.023622047244094488 0.038461538461538464
0 0.5301837270341208 0.9788461538461538 0.05774278215223097 0.04230769230769231
0 0.009186351706036745 0.9788461538461538 0.01837270341207349 0.04230769230769231
0 0.4921259842519685 0.9365384615384615 0.007874015748031496 0.0038461538461538464
0 0.6023622047244095 0.9634615384615385 0.06036745406824147 0.07307692307692308
0 0.8070866141732284 0.7153846153846154 0.007874015748031496 0.015384615384615385
0 0.8070866141732284 0.7019230769230769 0.0026246719160104987 0.0038461538461538464
0 0.8070866141732284 0.6576923076923077 0.0026246719160104987 0.007692307692307693
0 0.8070866141732284 0.6346153846153846 0.0026246719160104987 0.007692307692307693
0 0.8070866141732284 0.6134615384615385 0.0026246719160104987 0.011538461538461539
0 0.8070866141732284 0.5807692307692308 0.007874015748031496 0.03076923076923077
0 0.699475065616798 0.5615384615384615 0.0026246719160104987 0.007692307692307693
0 0.699475065616798 0.5230769230769231 0.007874015748031496 0.038461538461538464
0 0.7007874015748031 0.49230769230769234 0.005249343832020997 0.015384615384615385
0 0.699475065616798 0.47115384615384615 0.0026246719160104987 0.0038461538461538464
0 0.7007874015748031 0.41346153846153844 0.010498687664041995 0.04230769230769231
0 0.7007874015748031 0.375 0.005249343832020997 0.011538461538461539
0 0.7020997375328084 0.2846153846153846 0.007874015748031496 0.015384615384615385
0 0.5 0.5269230769230769 1.0 0.9461538461538461
0 0.5249343832020997 0.03653846153846154 0.015748031496062992 0.011538461538461539
0 0.5971128608923885 0.03076923076923077 0.023622047244094488 0.06153846153846154
0 0.5603674540682415 0.028846153846153848 0.013123359580052493 0.057692307692307696
0 0.5249343832020997 0.007692307692307693 0.015748031496062992 0.015384615384615385
0 0.47506561679790027 0.021153846153846155 0.05774278215223097 0.04230769230769231
0 0.34120734908136485 0.009615384615384616 0.015748031496062992 0.019230769230769232
0 0.2952755905511811 0.026923076923076925 0.2755905511811024 0.05384615384615385
