0 0.532590051457976 0.9901380670611439 0.022298456260720412 0.01972386587771203
0 0.516295025728988 0.980276134122288 0.003430531732418525 0.0039447731755424065
0 0.4939965694682676 0.9891518737672583 0.010291595197255575 0.021696252465483234
0 0.41680960548885077 0.9891518737672583 0.02058319039451115 0.021696252465483234
0 0.3730703259005146 0.9881656804733728 0.032590051457975985 0.023668639053254437
0 0.33104631217838765 0.9881656804733728 0.02058319039451115 0.023668639053254437
0 0.5934819897084048 0.9812623274161736 0.0137221269296741 0.03747534516765286
0 0.5703259005145798 0.980276134122288 0.008576329331046312 0.03944773175542406
0 0.38078902229845624 0.97534516765286 0.1955403087478559 0.04930966469428008
0 0.6080617495711835 0.9329388560157791 0.012006861063464836 0.0039447731755424065
0 0.7881646655231561 0.8323471400394478 0.12864493996569468 0.023668639053254437
0 0.6998284734133791 0.8284023668639053 0.03430531732418525 0.01972386587771203
0 0.7101200686106347 0.7938856015779092 0.003430531732418525 0.0019723865877712033
0 0.8773584905660378 0.6725838264299803 0.14922813036020582 0.007889546351084813
0 0.7015437392795884 0.5571992110453649 0.0823327615780446 0.021696252465483234
0 0.7830188679245284 0.5522682445759369 0.012006861063464836 0.015779092702169626
0 0.7590051457975986 0.5542406311637081 0.029159519725557463 0.01972386587771203
0 0.8164665523156089 0.5512820512820513 0.024013722126929673 0.01775147928994083
0 0.7735849056603774 0.39250493096646943 0.010291595197255575 0.0039447731755424065
0 0.9974271012006861 0.05917159763313609 0.005145797598627788 0.0039447731755424065
0 0.5 0.48717948717948717 1.0 0.903353057199211
0 0.5686106346483705 0.038461538461538464 0.015437392795883362 0.021696252465483234
0 0.5385934819897084 0.03057199211045365 0.0137221269296741 0.013806706114398421
0 0.5180102915951973 0.011834319526627219 0.003430531732418525 0.0039447731755424065
0 0.5866209262435678 0.02465483234714004 0.017152658662092625 0.04930966469428008
0 0.5017152658662093 0.01873767258382643 0.029159519725557463 0.03747534516765286
0 0.41337907375643224 0.01282051282051282 0.010291595197255575 0.02564102564102564
0 0.3730703259005146 0.01282051282051282 0.029159519725557463 0.02564102564102564
0 0.3379073756432247 0.011834319526627219 0.010291595197255575 0.023668639053254437
0 0.37993138936535165 0.023668639053254437 0.19382504288164665 0.047337278106508875
