0 0.42630597014925375 0.9817204301075269 0.009328358208955223 0.015053763440860216
0 0.376865671641791 0.9838709677419355 0.007462686567164179 0.03225806451612903
0 0.34701492537313433 0.9827956989247312 0.011194029850746268 0.034408602150537634
0 0.3983208955223881 0.7989247311827957 0.0018656716417910447 0.002150537634408602
0 0.291044776119403 0.7989247311827957 0.0037313432835820895 0.002150537634408602
0 0.271455223880597 0.7989247311827957 0.005597014925373134 0.002150537634408602
0 0.2574626865671642 0.7989247311827957 0.007462686567164179 0.002150537634408602
0 0.2416044776119403 0.7989247311827957 0.005597014925373134 0.002150537634408602
0 0.22388059701492538 0.7989247311827957 0.011194029850746268 0.002150537634408602
0 0.2080223880597015 0.7989247311827957 0.009328358208955223 0.002150537634408602
0 0.19029850746268656 0.7989247311827957 0.007462686567164179 0.002150537634408602
0 0.41884328358208955 0.7978494623655914 0.0018656716417910447 0.004301075268817204
0 0.166044776119403 0.7978494623655914 0.026119402985074626 0.004301075268817204
0 0.12779850746268656 0.7978494623655914 0.04291044776119403 0.004301075268817204
0 0.09701492537313433 0.7978494623655914 0.007462686567164179 0.004301075268817204
0 0.435634328358209 0.7967741935483871 0.013059701492537313 0.0064516129032258064
0 0.4216417910447761 0.7860215053763441 0.007462686567164179 0.002150537634408602
0 0.40671641791044777 0.7860215053763441 0.0037313432835820895 0.002150537634408602
0 0.375 0.7860215053763441 0.0037313432835820895 0.002150537634408602
0 0.3423507462686567 0.7860215053763441 0.0018656716417910447 0.002150537634408602
0 0.4375 0.7860215053763441 0.009328358208955223 0.0064516129032258064
0 0.32742537313432835 0.7849462365591398 0.009328358208955223 0.004301075268817204
0 0.10354477611940298 0.7860215053763441 0.016791044776119403 0.0064516129032258064
0 0.27052238805970147 0.7774193548387097 0.35074626865671643 0.023655913978494623
0 0.9972014925373134 0.7010752688172043 0.005597014925373134 0.09032258064516129
0 0.7882462686567164 0.6021505376344086 0.024253731343283583 0.004301075268817204
0 0.4906716417910448 0.6301075268817204 0.9813432835820896 0.26666666666666666
0 0.27238805970149255 0.4935483870967742 0.35447761194029853 0.01935483870967742
0 0.1707089552238806 0.4860215053763441 0.009328358208955223 0.004301075268817204
0 0.15951492537313433 0.4860215053763441 0.009328358208955223 0.004301075268817204
0 0.14738805970149255 0.48494623655913977 0.007462686567164179 0.002150537634408602
0 0.13432835820895522 0.48494623655913977 0.0037313432835820895 0.002150537634408602
0 0.125 0.4838709677419355 0.007462686567164179 0.004301075268817204
0 0.976679104477612 0.3946236559139785 0.009328358208955223 0.0064516129032258064
0 0.9785447761194029 0.36774193548387096 0.005597014925373134 0.004301075268817204
0 0.9785447761194029 0.3419354838709677 0.005597014925373134 0.004301075268817204
0 0.027052238805970148 0.24623655913978496 0.005597014925373134 0.0064516129032258064
0 0.49720149253731344 0.2623655913978495 0.9944029850746269 0.4344086021505376
0 0.582089552238806 0.043010752688172046 0.0037313432835820895 0.017204301075268817
0 0.41138059701492535 0.013978494623655914 0.005597014925373134 0.015053763440860216
0 0.6063432835820896 0.025806451612903226 0.011194029850746268 0.05161290322580645
0 0.4300373134328358 0.0064516129032258064 0.0018656716417910447 0.012903225806451613
0 0.37966417910447764 0.010752688172043012 0.009328358208955223 0.021505376344086023
0 0.353544776119403 0.010752688172043012 0.005597014925373134 0.021505376344086023
0 0.394589552238806 0.025806451612903226 0.1921641791044776 0.05161290322580645
