0 0.04020100502512563 0.9926470588235294 0.035175879396984924 0.014705882352941176
0 0.5150753768844221 0.9889705882352942 0.01507537688442211 0.022058823529411766
0 0.4949748743718593 0.9889705882352942 0.01507537688442211 0.022058823529411766
0 0.542713567839196 0.9742647058823529 0.005025125628140704 0.051470588235294115
0 0.5012562814070352 0.9466911764705882 0.01256281407035176 0.01838235294117647
0 0.47361809045226133 0.9338235294117647 0.007537688442211055 0.007352941176470588
0 0.45979899497487436 0.9650735294117647 0.04522613065326633 0.06985294117647059
0 0.27889447236180903 0.9577205882352942 0.04020100502512563 0.0625
0 0.22487437185929648 0.9540441176470589 0.032663316582914576 0.0625
0 0.5791457286432161 0.9558823529411765 0.022613065326633167 0.08823529411764706
0 0.5402010050251256 0.9172794117647058 0.010050251256281407 0.01838235294117647
0 0.10678391959798995 0.9172794117647058 0.022613065326633167 0.04044117647058824
0 0.27638190954773867 0.9430147058823529 0.2814070351758794 0.11397058823529412
0 0.05402010050251256 0.8474264705882353 0.002512562814070352 0.003676470588235294
0 0.9736180904522613 0.7996323529411765 0.052763819095477386 0.12867647058823528
0 0.9824120603015075 0.7113970588235294 0.035175879396984924 0.01838235294117647
0 0.9849246231155779 0.6893382352941176 0.03015075376884422 0.011029411764705883
0 0.9824120603015075 0.6691176470588235 0.035175879396984924 0.014705882352941176
0 0.9811557788944724 0.6268382352941176 0.03768844221105527 0.011029411764705883
0 0.9824120603015075 0.5827205882352942 0.035175879396984924 0.011029411764705883
0 0.9836683417085427 0.5404411764705882 0.032663316582914576 0.014705882352941176
0 0.9824120603015075 0.4963235294117647 0.035175879396984924 0.014705882352941176
0 0.9836683417085427 0.4540441176470588 0.032663316582914576 0.011029411764705883
0 0.9912060301507538 0.4338235294117647 0.017587939698492462 0.007352941176470588
0 0.9836683417085427 0.4117647058823529 0.032663316582914576 0.014705882352941176
0 0.9836683417085427 0.39338235294117646 0.032663316582914576 0.014705882352941176
0 0.9836683417085427 0.3492647058823529 0.032663316582914576 0.014705882352941176
0 0.9836683417085427 0.31066176470588236 0.032663316582914576 0.01838235294117647
0 0.9811557788944724 0.27205882352941174 0.03768844221105527 0.014705882352941176
0 0.9736180904522613 0.21507352941176472 0.052763819095477386 0.01838235294117647
0 0.8944723618090452 0.21507352941176472 0.09547738693467336 0.025735294117647058
0 0.7839195979899497 0.18198529411764705 0.10050251256281408 0.01838235294117647
0 0.8982412060301508 0.18198529411764705 0.08793969849246232 0.025735294117647058
0 0.9836683417085427 0.17647058823529413 0.032663316582914576 0.022058823529411766
0 0.628140703517588 0.15625 0.005025125628140704 0.003676470588235294
0 0.6620603015075377 0.15441176470588236 0.04773869346733668 0.007352941176470588
0 0.9811557788944724 0.0974264705882353 0.03768844221105527 0.10661764705882353
0 0.6721105527638191 0.07904411764705882 0.5402010050251256 0.15808823529411764
0 0.4685929648241206 0.4375 0.9371859296482412 0.875
