0 0.5248447204968945 0.995945945945946 0.010351966873706004 0.008108108108108109
0 0.39751552795031053 0.995945945945946 0.012422360248447204 0.008108108108108109
0 0.489648033126294 0.9945945945945946 0.035196687370600416 0.010810810810810811
0 0.3581780538302277 0.9945945945945946 0.033126293995859216 0.010810810810810811
0 0.3146997929606625 0.9932432432432432 0.020703933747412008 0.013513513513513514
0 0.9368530020703933 0.7067567567567568 0.010351966873706004 0.008108108108108109
0 0.9958592132505176 0.34054054054054056 0.008281573498964804 0.010810810810810811
0 0.9937888198757764 0.3081081081081081 0.012422360248447204 0.010810810810810811
0 0.984472049689441 0.12702702702702703 0.031055900621118012 0.016216216216216217
0 0.002070393374741201 0.12297297297297298 0.004140786749482402 0.008108108108108109
0 0.4886128364389234 0.031081081081081083 0.020703933747412008 0.01891891891891892
0 0.5 0.5067567567567568 1.0 0.9702702702702702
0 0.520703933747412 0.014864864864864866 0.006211180124223602 0.008108108108108109
0 0.5041407867494824 0.014864864864864866 0.006211180124223602 0.008108108108108109
0 0.4813664596273292 0.016216216216216217 0.026915113871635612 0.032432432432432434
0 0.39233954451345754 0.00945945945945946 0.010351966873706004 0.01891891891891892
0 0.3530020703933747 0.006756756756756757 0.039337474120082816 0.013513513513513514
0 0.3136645962732919 0.004054054054054054 0.010351966873706004 0.008108108108108109
