0 0.5965447154471545 0.9252336448598131 0.01016260162601626 0.012461059190031152
0 0.6290650406504065 0.9306853582554517 0.0508130081300813 0.048286604361370715
0 0.4532520325203252 0.9306853582554517 0.2926829268292683 0.0514018691588785
0 0.9735772357723578 0.8200934579439252 0.012195121951219513 0.004672897196261682
0 0.9969512195121951 0.8021806853582555 0.006097560975609756 0.003115264797507788
0 0.9725609756097561 0.8021806853582555 0.006097560975609756 0.003115264797507788
0 0.9939024390243902 0.7834890965732088 0.012195121951219513 0.006230529595015576
0 0.9949186991869918 0.7764797507788161 0.01016260162601626 0.004672897196261682
0 0.5386178861788617 0.7733644859813084 0.012195121951219513 0.001557632398753894
0 0.0040650406504065045 0.7741433021806854 0.008130081300813009 0.006230529595015576
0 0.6869918699186992 0.7718068535825545 0.024390243902439025 0.004672897196261682
0 0.9969512195121951 0.7686915887850467 0.006097560975609756 0.004672897196261682
0 0.0040650406504065045 0.7679127725856698 0.008130081300813009 0.003115264797507788
0 0.6565040650406504 0.764018691588785 0.036585365853658534 0.004672897196261682
0 0.9979674796747967 0.7616822429906542 0.0040650406504065045 0.003115264797507788
0 0.6920731707317073 0.7624610591900312 0.018292682926829267 0.010903426791277258
0 0.006097560975609756 0.7585669781931464 0.012195121951219513 0.003115264797507788
0 0.6565040650406504 0.75 0.008130081300813009 0.001557632398753894
0 0.6910569105691057 0.7492211838006231 0.008130081300813009 0.003115264797507788
0 0.6138211382113821 0.7515576323987538 0.06504065040650407 0.00778816199376947
0 0.5660569105691057 0.75 0.01016260162601626 0.004672897196261682
0 0.7022357723577236 0.7422118380062306 0.006097560975609756 0.001557632398753894
0 0.6910569105691057 0.7437694704049844 0.012195121951219513 0.004672897196261682
0 0.009146341463414634 0.7429906542056075 0.018292682926829267 0.003115264797507788
0 0.9634146341463414 0.735202492211838 0.044715447154471545 0.012461059190031152
0 0.019308943089430895 0.7281931464174455 0.006097560975609756 0.001557632398753894
0 0.7682926829268293 0.7258566978193146 0.008130081300813009 0.003115264797507788
0 0.03048780487804878 0.8169781931464174 0.06097560975609756 0.19781931464174454
0 0.022357723577235773 0.7110591900311527 0.008130081300813009 0.004672897196261682
0 0.7693089430894309 0.7095015576323987 0.01016260162601626 0.004672897196261682
0 0.02540650406504065 0.7048286604361371 0.014227642276422764 0.004672897196261682
0 0.7611788617886179 0.6978193146417445 0.034552845528455285 0.009345794392523364
0 0.7672764227642277 0.6783489096573209 0.01016260162601626 0.001557632398753894
0 0.32621951219512196 0.6557632398753894 0.0020325203252032522 0.003115264797507788
0 0.2916666666666667 0.6464174454828661 0.05894308943089431 0.01557632398753894
0 0.2682926829268293 0.6355140186915887 0.0040650406504065045 0.003115264797507788
0 0.26727642276422764 0.6082554517133957 0.0020325203252032522 0.001557632398753894
0 0.383130081300813 0.5989096573208723 0.006097560975609756 0.004672897196261682
0 0.39735772357723576 0.5373831775700935 0.0020325203252032522 0.003115264797507788
0 0.21747967479674796 0.5482866043613707 0.032520325203252036 0.024922118380062305
0 0.023373983739837397 0.6121495327102804 0.046747967479674794 0.17133956386292834
0 0.9776422764227642 0.5272585669781932 0.008130081300813009 0.004672897196261682
0 0.39939024390243905 0.5249221183800623 0.006097560975609756 0.003115264797507788
0 0.8292682926829268 0.5334890965732088 0.22764227642276422 0.02336448598130841
0 0.3018292682926829 0.528816199376947 0.022357723577235773 0.017133956386292833
0 0.7042682926829268 0.706386292834891 0.5914634146341463 0.37850467289719625
0 0.4969512195121951 0.5186915887850467 0.018292682926829267 0.003115264797507788
0 0.47052845528455284 0.5179127725856698 0.0020325203252032522 0.001557632398753894
0 0.3445121951219512 0.5599688473520249 0.07520325203252033 0.08566978193146417
0 0.017276422764227643 0.5210280373831776 0.034552845528455285 0.00778816199376947
0 0.9339430894308943 0.5132398753894081 0.0020325203252032522 0.001557632398753894
0 0.9969512195121951 0.5109034267912772 0.006097560975609756 0.003115264797507788
0 0.7378048780487805 0.5116822429906542 0.008130081300813009 0.004672897196261682
0 0.7215447154471545 0.5109034267912772 0.012195121951219513 0.006230529595015576
0 0.32215447154471544 0.5085669781931464 0.0020325203252032522 0.001557632398753894
0 0.3983739837398374 0.5093457943925234 0.016260162601626018 0.006230529595015576
0 0.44410569105691056 0.4992211838006231 0.0020325203252032522 0.001557632398753894
0 0.017276422764227643 0.5023364485981309 0.034552845528455285 0.00778816199376947
0 0.17682926829268292 0.4968847352024922 0.012195121951219513 0.003115264797507788
0 0.15853658536585366 0.4961059190031153 0.012195121951219513 0.004672897196261682
0 0.991869918699187 0.4929906542056075 0.012195121951219513 0.004672897196261682
0 0.016260162601626018 0.4937694704049844 0.032520325203252036 0.006230529595015576
0 0.3902439024390244 0.4898753894080997 0.036585365853658534 0.004672897196261682
0 0.018292682926829267 0.48442367601246106 0.036585365853658534 0.009345794392523364
0 0.17073170731707318 0.48286604361370716 0.044715447154471545 0.01557632398753894
0 0.22357723577235772 0.692367601246106 0.34146341463414637 0.43457943925233644
0 0.9857723577235772 0.4750778816199377 0.012195121951219513 0.006230529595015576
0 0.3953252032520325 0.4719626168224299 0.026422764227642278 0.006230529595015576
0 0.20934959349593496 0.4696261682242991 0.012195121951219513 0.004672897196261682
0 0.17276422764227642 0.4696261682242991 0.052845528455284556 0.00778816199376947
0 0.5711382113821138 0.4649532710280374 0.0040650406504065045 0.001557632398753894
0 0.5132113821138211 0.4649532710280374 0.006097560975609756 0.001557632398753894
0 0.018292682926829267 0.4672897196261682 0.036585365853658534 0.006230529595015576
0 0.5741869918699187 0.48909657320872274 0.2784552845528455 0.0529595015576324
0 0.9298780487804879 0.45716510903426794 0.0020325203252032522 0.001557632398753894
0 0.9806910569105691 0.45638629283489096 0.006097560975609756 0.003115264797507788
0 0.7997967479674797 0.45638629283489096 0.006097560975609756 0.003115264797507788
0 0.7764227642276422 0.45560747663551404 0.0040650406504065045 0.001557632398753894
0 0.7571138211382114 0.45560747663551404 0.0020325203252032522 0.001557632398753894
0 0.5914634146341463 0.45560747663551404 0.0040650406504065045 0.001557632398753894
0 0.4502032520325203 0.45560747663551404 0.014227642276422764 0.001557632398753894
0 0.9014227642276422 0.45638629283489096 0.034552845528455285 0.006230529595015576
0 0.8577235772357723 0.45638629283489096 0.028455284552845527 0.006230529595015576
0 0.8221544715447154 0.45638629283489096 0.03048780487804878 0.006230529595015576
0 0.7296747967479674 0.45560747663551404 0.02032520325203252 0.004672897196261682
0 0.4888211382113821 0.45560747663551404 0.014227642276422764 0.004672897196261682
0 0.6554878048780488 0.45560747663551404 0.10772357723577236 0.00778816199376947
0 0.37398373983739835 0.45404984423676015 0.012195121951219513 0.004672897196261682
0 0.35264227642276424 0.45404984423676015 0.006097560975609756 0.004672897196261682
0 0.241869918699187 0.4532710280373832 0.0040650406504065045 0.003115264797507788
0 0.22459349593495934 0.45249221183800625 0.0020325203252032522 0.001557632398753894
0 0.4054878048780488 0.4532710280373832 0.01016260162601626 0.006230529595015576
0 0.1717479674796748 0.45560747663551404 0.06707317073170732 0.014018691588785047
0 0.13008130081300814 0.46105919003115264 0.02032520325203252 0.024922118380062305
0 0.016260162601626018 0.4501557632398754 0.032520325203252036 0.006230529595015576
0 0.40853658536585363 0.4470404984423676 0.0040650406504065045 0.003115264797507788
0 0.38109756097560976 0.4462616822429907 0.006097560975609756 0.001557632398753894
0 0.4491869918699187 0.4462616822429907 0.012195121951219513 0.004672897196261682
0 0.021341463414634148 0.440809968847352 0.01016260162601626 0.003115264797507788
0 0.4095528455284553 0.4369158878504673 0.0020325203252032522 0.001557632398753894
0 0.3902439024390244 0.4369158878504673 0.008130081300813009 0.004672897196261682
0 0.3475609756097561 0.43613707165109034 0.0040650406504065045 0.003115264797507788
0 0.32621951219512196 0.4353582554517134 0.018292682926829267 0.004672897196261682
0 0.17682926829268292 0.4353582554517134 0.016260162601626018 0.004672897196261682
0 0.16056910569105692 0.4392523364485981 0.08130081300813008 0.01557632398753894
0 0.01524390243902439 0.43302180685358255 0.03048780487804878 0.006230529595015576
0 0.17378048780487804 0.42601246105919005 0.014227642276422764 0.004672897196261682
0 0.1483739837398374 0.42601246105919005 0.016260162601626018 0.004672897196261682
0 0.125 0.42601246105919005 0.006097560975609756 0.004672897196261682
0 0.012195121951219513 0.4236760124610592 0.024390243902439025 0.003115264797507788
0 0.3882113821138211 0.4197819314641745 0.012195121951219513 0.004672897196261682
0 0.32926829268292684 0.4190031152647975 0.0040650406504065045 0.003115264797507788
0 0.2306910569105691 0.4166666666666667 0.0020325203252032522 0.001557632398753894
0 0.21239837398373984 0.4166666666666667 0.01016260162601626 0.004672897196261682
0 0.013211382113821139 0.4151090342679128 0.026422764227642278 0.00778816199376947
0 0.012195121951219513 0.4073208722741433 0.024390243902439025 0.004672897196261682
0 0.33028455284552843 0.4057632398753894 0.034552845528455285 0.014018691588785047
0 0.013211382113821139 0.397196261682243 0.026422764227642278 0.006230529595015576
0 0.8475609756097561 0.3925233644859813 0.012195121951219513 0.006230529595015576
0 0.7560975609756098 0.3901869158878505 0.012195121951219513 0.014018691588785047
0 0.014227642276422764 0.3629283489096573 0.028455284552845527 0.056074766355140186
0 0.8882113821138211 0.27414330218068533 0.012195121951219513 0.003115264797507788
0 0.3384146341463415 0.27102803738317754 0.01016260162601626 0.003115264797507788
0 0.22459349593495934 0.2702492211838006 0.006097560975609756 0.001557632398753894
0 0.2865853658536585 0.2702492211838006 0.02032520325203252 0.004672897196261682
0 0.2459349593495935 0.2702492211838006 0.016260162601626018 0.004672897196261682
0 0.20020325203252032 0.2702492211838006 0.034552845528455285 0.004672897196261682
0 0.608739837398374 0.26635514018691586 0.01016260162601626 0.003115264797507788
0 0.5985772357723578 0.26557632398753894 0.0020325203252032522 0.001557632398753894
0 0.49898373983739835 0.26557632398753894 0.006097560975609756 0.001557632398753894
0 0.8617886178861789 0.25934579439252337 0.06910569105691057 0.004672897196261682
0 0.4847560975609756 0.25778816199376947 0.03861788617886179 0.004672897196261682
0 0.5579268292682927 0.2515576323987539 0.0020325203252032522 0.001557632398753894
0 0.5914634146341463 0.2585669781931464 0.15447154471544716 0.018691588785046728
0 0.4898373983739837 0.2515576323987539 0.028455284552845527 0.004672897196261682
0 0.8800813008130082 0.24376947040498442 0.0040650406504065045 0.001557632398753894
0 0.6239837398373984 0.24376947040498442 0.08130081300813008 0.004672897196261682
0 0.5558943089430894 0.24376947040498442 0.042682926829268296 0.004672897196261682
0 0.8770325203252033 0.23052959501557632 0.006097560975609756 0.003115264797507788
0 0.5945121951219512 0.22975077881619937 0.006097560975609756 0.001557632398753894
0 0.5701219512195121 0.22975077881619937 0.006097560975609756 0.001557632398753894
0 0.6392276422764228 0.22975077881619937 0.054878048780487805 0.004672897196261682
0 0.8760162601626016 0.2235202492211838 0.012195121951219513 0.004672897196261682
0 0.8363821138211383 0.21573208722741433 0.006097560975609756 0.001557632398753894
0 0.7134146341463414 0.21573208722741433 0.012195121951219513 0.001557632398753894
0 0.8638211382113821 0.21573208722741433 0.036585365853658534 0.004672897196261682
0 0.8739837398373984 0.2071651090342679 0.008130081300813009 0.003115264797507788
0 0.8475609756097561 0.20638629283489096 0.04065040650406504 0.004672897196261682
0 0.6422764227642277 0.205607476635514 0.0040650406504065045 0.003115264797507788
0 0.6300813008130082 0.205607476635514 0.008130081300813009 0.003115264797507788
0 0.6077235772357723 0.20482866043613707 0.0040650406504065045 0.001557632398753894
0 0.5975609756097561 0.20482866043613707 0.0040650406504065045 0.001557632398753894
0 0.40752032520325204 0.1954828660436137 0.034552845528455285 0.004672897196261682
0 0.4349593495934959 0.18613707165109034 0.0040650406504065045 0.001557632398753894
0 0.4095528455284553 0.18613707165109034 0.034552845528455285 0.004672897196261682
0 0.4136178861788618 0.17601246105919002 0.03048780487804878 0.003115264797507788
0 0.45934959349593496 0.16822429906542055 0.02032520325203252 0.003115264797507788
0 0.4400406504065041 0.1674454828660436 0.006097560975609756 0.001557632398753894
0 0.4298780487804878 0.15809968847352024 0.006097560975609756 0.001557632398753894
0 0.42073170731707316 0.15809968847352024 0.0040650406504065045 0.001557632398753894
0 0.9207317073170732 0.0895638629283489 0.15853658536585366 0.1292834890965732
0 0.47865853658536583 0.36682242990654207 0.9573170731707317 0.6993769470404985
0 0.584349593495935 0.006230529595015576 0.01016260162601626 0.006230529595015576
0 0.6280487804878049 0.009345794392523364 0.04065040650406504 0.018691588785046728
0 0.5457317073170732 0.001557632398753894 0.006097560975609756 0.003115264797507788
0 0.5335365853658537 0.004672897196261682 0.006097560975609756 0.009345794392523364
0 0.4166666666666667 0.008566978193146417 0.2073170731707317 0.017133956386292833
