0 0.3126520681265207 0.9928571428571429 0.0267639902676399 0.014285714285714285
0 0.5255474452554745 0.9607142857142857 0.014598540145985401 0.02857142857142857
0 0.23479318734793186 0.9732142857142857 0.031630170316301706 0.05357142857142857
0 0.3491484184914842 0.9714285714285714 0.031630170316301706 0.05714285714285714
0 0.29683698296836986 0.9714285714285714 0.058394160583941604 0.05714285714285714
0 0.5 0.9696428571428571 0.0364963503649635 0.060714285714285714
0 0.48418491484184917 0.9446428571428571 0.014598540145985401 0.017857142857142856
0 0.32116788321167883 0.9517857142857142 0.31143552311435524 0.09642857142857143
0 0.583941605839416 0.95 0.06326034063260341 0.1
0 0.01338199513381995 0.8678571428571429 0.0267639902676399 0.007142857142857143
0 0.9817518248175182 0.8678571428571429 0.021897810218978103 0.03571428571428571
0 0.9841849148418491 0.8392857142857143 0.0072992700729927005 0.014285714285714285
0 0.98661800486618 0.8160714285714286 0.0024330900243309003 0.0035714285714285713
0 0.98661800486618 0.7964285714285714 0.0024330900243309003 0.007142857142857143
0 0.4793187347931874 0.49464285714285716 0.9586374695863747 0.7892857142857143
0 0.9878345498783455 0.1 0.024330900243309004 0.014285714285714285
0 0.5206812652068127 0.03214285714285714 0.004866180048661801 0.014285714285714285
0 0.572992700729927 0.023214285714285715 0.0072992700729927005 0.010714285714285714
0 0.5158150851581509 0.017857142857142856 0.004866180048661801 0.007142857142857143
0 0.5340632603406326 0.033928571428571426 0.0851581508515815 0.06785714285714285
0 0.3905109489051095 0.030357142857142857 0.0364963503649635 0.060714285714285714
0 0.340632603406326 0.03214285714285714 0.058394160583941604 0.06428571428571428
0 0.2761557177615572 0.033928571428571426 0.031630170316301706 0.06785714285714285
