0 0.38038793103448276 0.9887295081967213 0.028017241379310345 0.022540983606557378
0 0.46336206896551724 0.9877049180327869 0.02586206896551724 0.02459016393442623
0 0.5689655172413793 0.9795081967213115 0.06465517241379311 0.040983606557377046
0 0.6314655172413793 0.9733606557377049 0.05172413793103448 0.05327868852459016
0 0.8760775862068966 0.5522540983606558 0.00646551724137931 0.006147540983606557
0 0.05064655172413793 0.5348360655737705 0.00646551724137931 0.004098360655737705
0 0.9073275862068966 0.5307377049180327 0.01293103448275862 0.01639344262295082
0 0.05172413793103448 0.5204918032786885 0.008620689655172414 0.004098360655737705
0 0.05603448275862069 0.5133196721311475 0.008620689655172414 0.006147540983606557
0 0.9051724137931034 0.48258196721311475 0.01293103448275862 0.006147540983606557
0 0.04741379310344827 0.4702868852459016 0.034482758620689655 0.030737704918032786
0 0.90625 0.26639344262295084 0.010775862068965518 0.004098360655737705
0 0.8577586206896551 0.24692622950819673 0.004310344827586207 0.0020491803278688526
0 0.9040948275862069 0.24692622950819673 0.015086206896551725 0.006147540983606557
0 0.9030172413793104 0.22745901639344263 0.01293103448275862 0.004098360655737705
0 0.03879310344827586 0.17520491803278687 0.03017241379310345 0.010245901639344262
0 0.5 0.5153688524590164 1.0 0.9692622950819673
0 0.5883620689655172 0.02151639344262295 0.004310344827586207 0.0020491803278688526
0 0.5754310344827587 0.02151639344262295 0.004310344827586207 0.006147540983606557
0 0.5700431034482759 0.006147540983606557 0.040948275862068964 0.012295081967213115
0 0.5431034482758621 0.01331967213114754 0.03017241379310345 0.02663934426229508
0 0.4536637931034483 0.00819672131147541 0.010775862068965518 0.01639344262295082
0 0.41594827586206895 0.00819672131147541 0.04310344827586207 0.01639344262295082
0 0.3739224137931034 0.00819672131147541 0.010775862068965518 0.01639344262295082
