0 0.9990234375 0.9665523156089194 0.001953125 0.005145797598627788
0 0.9990234375 0.8276157804459692 0.001953125 0.0017152658662092624
0 0.998046875 0.8147512864493996 0.00390625 0.003430531732418525
0 0.9970703125 0.7958833619210978 0.005859375 0.030874785591766724
0 0.998046875 0.7718696397941681 0.00390625 0.003430531732418525
0 0.9970703125 0.7109777015437393 0.005859375 0.008576329331046312
0 0.9990234375 0.7024013722126929 0.001953125 0.0017152658662092624
0 0.9970703125 0.6912521440823327 0.005859375 0.00686106346483705
0 0.9990234375 0.6809605488850772 0.001953125 0.003430531732418525
0 0.5 0.7041166380789022 1.0 0.5403087478559176
0 0.54296875 0.05317324185248713 0.01171875 0.003430531732418525
0 0.5458984375 0.0660377358490566 0.052734375 0.029159519725557463
0 0.49609375 0.14065180102915953 0.9921875 0.2367066895368782
0 0.5771484375 0.014579759862778732 0.646484375 0.029159519725557463
