0 0.3252895752895753 0.997457627118644 0.04826254826254826 0.005084745762711864
0 0.917953667953668 0.7271186440677966 0.013513513513513514 0.003389830508474576
0 0.9536679536679536 0.7288135593220338 0.04247104247104247 0.010169491525423728
0 0.9575289575289575 0.711864406779661 0.03861003861003861 0.010169491525423728
0 0.9623552123552124 0.7025423728813559 0.005791505791505791 0.001694915254237288
0 0.9623552123552124 0.6957627118644067 0.021235521235521235 0.00847457627118644
0 0.8146718146718147 0.6940677966101695 0.02702702702702703 0.005084745762711864
0 0.9613899613899614 0.6855932203389831 0.015444015444015444 0.005084745762711864
0 0.9594594594594594 0.6745762711864407 0.03088803088803089 0.006779661016949152
0 0.943050193050193 0.6550847457627119 0.0019305019305019305 0.001694915254237288
0 0.8687258687258688 0.6550847457627119 0.003861003861003861 0.001694915254237288
0 0.7953667953667953 0.6533898305084745 0.02702702702702703 0.005084745762711864
0 0.9198841698841699 0.6338983050847458 0.009652509652509652 0.006779661016949152
0 0.9555984555984556 0.6432203389830509 0.03861003861003861 0.0288135593220339
0 0.5 0.6889830508474576 1.0 0.6050847457627119
0 0.5357142857142857 0.3906779661016949 0.005791505791505791 0.011864406779661017
0 0.9884169884169884 0.15423728813559323 0.023166023166023165 0.18983050847457628
0 0.525096525096525 0.00847457627118644 0.007722007722007722 0.003389830508474576
0 0.527992277992278 0.020338983050847456 0.052123552123552123 0.02711864406779661
0 0.4276061776061776 0.01440677966101695 0.017374517374517374 0.025423728813559324
0 0.3841698841698842 0.012711864406779662 0.03088803088803089 0.025423728813559324
0 0.34459459459459457 0.012711864406779662 0.021235521235521235 0.025423728813559324
0 0.4864864864864865 0.11694915254237288 0.972972972972973 0.23389830508474577
