0 0.4815303430079156 0.9671814671814671 0.044854881266490766 0.06563706563706563
0 0.45910290237467016 0.9401544401544402 0.010554089709762533 0.011583011583011582
0 0.43535620052770446 0.9671814671814671 0.0316622691292876 0.06563706563706563
0 0.32058047493403696 0.9652509652509652 0.029023746701846966 0.0694980694980695
0 0.2717678100263852 0.9613899613899614 0.05804749340369393 0.07722007722007722
0 0.20976253298153033 0.9613899613899614 0.029023746701846966 0.07722007722007722
0 0.002638522427440633 0.6988416988416989 0.005277044854881266 0.007722007722007722
0 0.0013192612137203166 0.6756756756756757 0.002638522427440633 0.007722007722007722
0 0.00395778364116095 0.6583011583011583 0.0079155672823219 0.011583011583011582
0 0.5 0.47876447876447875 1.0 0.803088803088803
0 0.5105540897097626 0.023166023166023165 0.08179419525065963 0.04633204633204633
0 0.370712401055409 0.013513513513513514 0.013192612137203167 0.02702702702702703
0 0.32717678100263853 0.015444015444015444 0.021108179419525065 0.03088803088803089
0 0.2796833773087071 0.013513513513513514 0.021108179419525065 0.02702702702702703
