0 0.7301790281329923 0.9699248120300752 0.017902813299232736 0.022556390977443608
0 0.7583120204603581 0.9624060150375939 0.0076726342710997444 0.015037593984962405
0 0.5767263427109974 0.9774436090225563 0.028132992327365727 0.045112781954887216
0 0.5166240409207161 0.9774436090225563 0.04092071611253197 0.045112781954887216
0 0.4641943734015345 0.9774436090225563 0.03836317135549872 0.045112781954887216
0 0.7327365728900256 0.9473684210526315 0.0076726342710997444 0.007518796992481203
0 0.690537084398977 0.9718045112781954 0.030690537084398978 0.05639097744360902
0 0.7148337595907929 0.9473684210526315 0.01278772378516624 0.015037593984962405
0 0.5268542199488491 0.9586466165413534 0.2710997442455243 0.08270676691729323
0 0.80306905370844 0.9511278195488722 0.056265984654731455 0.09774436090225563
0 0.0370843989769821 0.8364661654135338 0.01278772378516624 0.011278195488721804
0 0.03964194373401535 0.8214285714285714 0.0076726342710997444 0.0037593984962406013
0 0.04092071611253197 0.8007518796992481 0.010230179028132993 0.007518796992481203
0 0.04219948849104859 0.7819548872180451 0.0076726342710997444 0.007518796992481203
0 0.02557544757033248 0.518796992481203 0.04092071611253197 0.08270676691729323
0 0.0319693094629156 0.4605263157894737 0.017902813299232736 0.011278195488721804
0 0.014066496163682864 0.37781954887218044 0.017902813299232736 0.011278195488721804
0 0.010230179028132993 0.34210526315789475 0.020460358056265986 0.015037593984962405
0 0.010230179028132993 0.3026315789473684 0.020460358056265986 0.011278195488721804
0 0.010230179028132993 0.2593984962406015 0.020460358056265986 0.007518796992481203
0 0.008951406649616368 0.21804511278195488 0.017902813299232736 0.007518796992481203
0 0.016624040920716114 0.17669172932330826 0.03324808184143223 0.015037593984962405
0 0.023017902813299233 0.12969924812030076 0.04603580562659847 0.05639097744360902
0 0.5332480818414322 0.4642857142857143 0.9335038363171355 0.8609022556390977
0 0.7787723785166241 0.020676691729323307 0.058823529411764705 0.041353383458646614
0 0.6930946291560103 0.011278195488721804 0.08184143222506395 0.022556390977443608
0 0.5562659846547314 0.007518796992481203 0.01278772378516624 0.015037593984962405
0 0.5076726342710998 0.011278195488721804 0.05370843989769821 0.022556390977443608
0 0.4462915601023018 0.011278195488721804 0.043478260869565216 0.022556390977443608
0 0.5038363171355499 0.03383458646616541 0.2710997442455243 0.06766917293233082
