0 0.5597643097643098 0.9939236111111112 0.0016835016835016834 0.001736111111111111
0 0.49242424242424243 0.9965277777777778 0.011784511784511785 0.006944444444444444
0 0.4671717171717172 0.9956597222222222 0.008417508417508417 0.008680555555555556
0 0.4503367003367003 0.9956597222222222 0.008417508417508417 0.008680555555555556
0 0.42508417508417506 0.9956597222222222 0.011784511784511785 0.008680555555555556
0 0.6422558922558923 0.9852430555555556 0.011784511784511785 0.029513888888888888
0 0.622895622895623 0.9852430555555556 0.006734006734006734 0.029513888888888888
0 0.46464646464646464 0.984375 0.16498316498316498 0.03125
0 0.9612794612794613 0.84375 0.05723905723905724 0.13541666666666666
0 0.3333333333333333 0.8498263888888888 0.6397306397306397 0.19618055555555555
0 0.35353535353535354 0.7413194444444444 0.5925925925925926 0.04513888888888889
0 0.3501683501683502 0.7039930555555556 0.5993265993265994 0.046875
0 0.351010101010101 0.6762152777777778 0.5976430976430976 0.03298611111111111
0 0.265993265993266 0.6371527777777778 0.030303030303030304 0.013888888888888888
0 0.23653198653198654 0.6293402777777778 0.025252525252525252 0.015625
0 0.21885521885521886 0.6206597222222222 0.006734006734006734 0.005208333333333333
0 0.5361952861952862 0.3480902777777778 0.24074074074074073 0.012152777777777778
0 0.5033670033670034 0.3637152777777778 0.9932659932659933 0.6197916666666666
0 0.5 0.003472222222222222 0.006734006734006734 0.006944444444444444
