0 0.4616368286445013 0.9925093632958801 0.017902813299232736 0.0149812734082397
0 0.489769820971867 0.9868913857677902 0.028132992327365727 0.026217228464419477
0 0.2071611253196931 0.9775280898876404 0.04092071611253197 0.0449438202247191
0 0.49744245524296676 0.9531835205992509 0.0025575447570332483 0.003745318352059925
0 0.2672634271099744 0.9756554307116105 0.023017902813299233 0.04868913857677903
0 0.31202046035805625 0.9737827715355806 0.030690537084398978 0.052434456928838954
0 0.4731457800511509 0.9550561797752809 0.02557544757033248 0.02247191011235955
0 0.4296675191815857 0.9662921348314607 0.030690537084398978 0.06741573033707865
0 0.4514066496163683 0.9344569288389513 0.01278772378516624 0.011235955056179775
0 0.008951406649616368 0.3464419475655431 0.0025575447570332483 0.003745318352059925
0 0.008951406649616368 0.32771535580524347 0.017902813299232736 0.011235955056179775
0 0.5 0.47191011235955055 1.0 0.8539325842696629
0 0.5933503836317136 0.024344569288389514 0.05115089514066496 0.04868913857677903
0 0.5332480818414322 0.013108614232209739 0.028132992327365727 0.026217228464419477
0 0.49872122762148335 0.0149812734082397 0.02557544757033248 0.0299625468164794
0 0.46930946291560105 0.0149812734082397 0.017902813299232736 0.0299625468164794
0 0.3631713554987212 0.011235955056179775 0.015345268542199489 0.02247191011235955
0 0.30051150895140666 0.0149812734082397 0.043478260869565216 0.0299625468164794
0 0.25831202046035806 0.0149812734082397 0.015345268542199489 0.0299625468164794
0 0.3171355498721228 0.03745318352059925 0.27621483375959077 0.0749063670411985
