0 0.545662100456621 0.9982174688057041 0.0045662100456621 0.0035650623885918
0 0.478310502283105 0.9955436720142602 0.01141552511415525 0.008912655971479501
0 0.3721461187214612 0.9946524064171123 0.0228310502283105 0.0106951871657754
0 0.3253424657534247 0.9946524064171123 0.01141552511415525 0.0106951871657754
0 0.2659817351598174 0.9946524064171123 0.02054794520547945 0.0106951871657754
0 0.593607305936073 0.9848484848484849 0.0410958904109589 0.030303030303030304
0 0.3287671232876712 0.983957219251337 0.2602739726027397 0.03208556149732621
0 0.958904109589041 0.8689839572192514 0.0821917808219178 0.13725490196078433
0 0.7808219178082192 0.7959001782531194 0.0045662100456621 0.0017825311942959
0 0.9429223744292238 0.7941176470588235 0.0091324200913242 0.0017825311942959
0 0.841324200913242 0.7950089126559715 0.10273972602739725 0.0071301247771836
0 0.9634703196347032 0.7896613190730838 0.0730593607305936 0.017825311942959002
0 0.2819634703196347 0.7834224598930482 0.02511415525114155 0.0053475935828877
0 0.9360730593607306 0.7513368983957219 0.0045662100456621 0.0017825311942959
0 0.9646118721461188 0.7450980392156863 0.07077625570776255 0.06060606060606061
0 0.9794520547945206 0.7032085561497327 0.0410958904109589 0.0196078431372549
0 0.9771689497716894 0.6818181818181818 0.045662100456621 0.0196078431372549
0 0.9771689497716894 0.660427807486631 0.045662100456621 0.016042780748663103
0 0.9942922374429224 0.6452762923351159 0.00228310502283105 0.0035650623885918
0 0.9315068493150684 0.4696969696969697 0.0045662100456621 0.008912655971479501
0 0.9623287671232876 0.5383244206773619 0.07534246575342465 0.19964349376114082
0 0.005707762557077625 0.4376114081996435 0.01141552511415525 0.026737967914438502
0 0.02511415525114155 0.32798573975044565 0.0502283105022831 0.0142602495543672
0 0.9383561643835616 0.3163992869875223 0.0136986301369863 0.008912655971479501
0 0.02054794520547945 0.25668449197860965 0.0410958904109589 0.0213903743315508
0 0.2237442922374429 0.23707664884135474 0.0045662100456621 0.0106951871657754
0 0.9691780821917808 0.21568627450980393 0.02054794520547945 0.0392156862745098
0 0.9840182648401826 0.1657754010695187 0.0319634703196347 0.06060606060606061
0 0.4726027397260274 0.5026737967914439 0.8767123287671232 0.8912655971479501
0 0.02511415525114155 0.05525846702317291 0.0136986301369863 0.0071301247771836
0 0.8584474885844748 0.00980392156862745 0.0045662100456621 0.0017825311942959
0 0.02968036529680365 0.020499108734402853 0.0593607305936073 0.030303030303030304
0 0.7465753424657534 0.02406417112299465 0.0182648401826484 0.0481283422459893
