0 0.44183168316831684 0.9836956521739131 0.06683168316831684 0.03260869565217391
0 0.18811881188118812 0.9746376811594203 0.039603960396039604 0.050724637681159424
0 0.24628712871287128 0.9728260869565217 0.022277227722772276 0.05434782608695652
0 0.4715346534653465 0.9456521739130435 0.0024752475247524753 0.007246376811594203
0 0.2896039603960396 0.9710144927536232 0.0297029702970297 0.057971014492753624
0 0.4467821782178218 0.947463768115942 0.022277227722772276 0.025362318840579712
0 0.40470297029702973 0.9619565217391305 0.027227722772277228 0.06884057971014493
0 0.42574257425742573 0.927536231884058 0.009900990099009901 0.014492753623188406
0 0.5 0.47282608695652173 1.0 0.8369565217391305
0 0.5643564356435643 0.025362318840579712 0.04950495049504951 0.050724637681159424
0 0.504950495049505 0.016304347826086956 0.024752475247524754 0.03260869565217391
0 0.4715346534653465 0.016304347826086956 0.022277227722772276 0.03260869565217391
0 0.4430693069306931 0.016304347826086956 0.01485148514851485 0.03260869565217391
0 0.33910891089108913 0.012681159420289856 0.01485148514851485 0.025362318840579712
0 0.27970297029702973 0.016304347826086956 0.039603960396039604 0.03260869565217391
0 0.2376237623762376 0.016304347826086956 0.01485148514851485 0.03260869565217391
0 0.29455445544554454 0.03804347826086957 0.26732673267326734 0.07608695652173914
