0 0.29932735426008966 0.9982486865148862 0.006726457399103139 0.0035026269702276708
0 0.5224215246636771 0.9921190893169878 0.013452914798206279 0.01576182136602452
0 0.5515695067264574 0.9833625218914186 0.004484304932735426 0.008756567425569177
0 0.5112107623318386 0.9737302977232924 0.004484304932735426 0.0035026269702276708
0 0.48094170403587444 0.9859894921190894 0.01569506726457399 0.028021015761821366
0 0.3744394618834081 0.9851138353765324 0.026905829596412557 0.0297723292469352
0 0.3273542600896861 0.9851138353765324 0.013452914798206279 0.0297723292469352
0 0.2645739910313901 0.9851138353765324 0.026905829596412557 0.0297723292469352
0 0.5986547085201793 0.9763572679509632 0.04484304932735426 0.047285464098073555
0 0.3329596412556054 0.9737302977232924 0.26681614349775784 0.05253940455341506
0 0.8127802690582959 0.9238178633975481 0.006726457399103139 0.0017513134851138354
0 0.7993273542600897 0.9229422066549913 0.011210762331838564 0.0035026269702276708
0 0.7006726457399103 0.9220665499124343 0.002242152466367713 0.0017513134851138354
0 0.7522421524663677 0.9220665499124343 0.07847533632286996 0.005253940455341506
0 0.8004484304932735 0.9133099824868651 0.2062780269058296 0.008756567425569177
0 0.742152466367713 0.9010507880910683 0.004484304932735426 0.0017513134851138354
0 0.7107623318385651 0.9001751313485113 0.02242152466367713 0.0070052539404553416
0 0.6625560538116592 0.8992994746059545 0.011210762331838564 0.005253940455341506
0 0.827354260089686 0.8975481611208407 0.15246636771300448 0.01926444833625219
0 0.734304932735426 0.8905429071803853 0.02914798206278027 0.005253940455341506
0 0.6580717488789237 0.8887915936952715 0.011210762331838564 0.005253940455341506
0 0.8183856502242153 0.8817863397548161 0.16591928251121077 0.008756567425569177
0 0.7286995515695067 0.8791593695271454 0.008968609865470852 0.0035026269702276708
0 0.7118834080717489 0.8782837127845884 0.002242152466367713 0.0017513134851138354
0 0.6961883408071748 0.8774080560420315 0.011210762331838564 0.0035026269702276708
0 0.6502242152466368 0.8782837127845884 0.013452914798206279 0.005253940455341506
0 0.8307174887892377 0.8704028021015762 0.1412556053811659 0.0070052539404553416
0 0.7320627802690582 0.8677758318739054 0.002242152466367713 0.0017513134851138354
0 0.7006726457399103 0.8677758318739054 0.03811659192825112 0.008756567425569177
0 0.6423766816143498 0.8660245183887916 0.011210762331838564 0.005253940455341506
0 0.7881165919282511 0.8581436077057794 0.226457399103139 0.010507880910683012
0 0.6356502242152466 0.8555166374781086 0.01569506726457399 0.005253940455341506
0 0.8026905829596412 0.8467600700525394 0.004484304932735426 0.0017513134851138354
0 0.8576233183856502 0.8476357267950964 0.08744394618834081 0.0070052539404553416
0 0.7432735426008968 0.8450087565674256 0.01569506726457399 0.005253940455341506
0 0.7242152466367713 0.8450087565674256 0.013452914798206279 0.005253940455341506
0 0.7040358744394619 0.8441330998248686 0.008968609865470852 0.0035026269702276708
0 0.6311659192825112 0.8423817863397548 0.01569506726457399 0.0070052539404553416
0 0.6266816143497758 0.8327495621716288 0.01569506726457399 0.005253940455341506
0 0.7006726457399103 0.8231173380035026 0.011210762331838564 0.0035026269702276708
0 0.6681614349775785 0.8222416812609457 0.04035874439461883 0.005253940455341506
0 0.6266816143497758 0.8204903677758318 0.020179372197309416 0.005253940455341506
0 0.5459641255605381 0.8056042031523643 0.011210762331838564 0.0035026269702276708
0 0.5336322869955157 0.8047285464098074 0.008968609865470852 0.0017513134851138354
0 0.5201793721973094 0.8038528896672504 0.004484304932735426 0.0035026269702276708
0 0.8912556053811659 0.7828371278458844 0.020179372197309416 0.0035026269702276708
0 0.5168161434977578 0.7819614711033275 0.006726457399103139 0.0017513134851138354
0 0.4854260089686099 0.7802101576182137 0.006726457399103139 0.0017513134851138354
0 0.8553811659192825 0.7802101576182137 0.042600896860986545 0.005253940455341506
0 0.6782511210762332 0.7600700525394045 0.02466367713004484 0.0070052539404553416
0 0.6659192825112108 0.7066549912434326 0.004484304932735426 0.0017513134851138354
0 0.9697309417040358 0.7040280210157618 0.06053811659192825 0.09106830122591944
0 0.9798206278026906 0.6252189141856392 0.04035874439461883 0.0070052539404553416
0 0.004484304932735426 0.5718038528896673 0.008968609865470852 0.02626970227670753
0 0.4517937219730942 0.4159369527145359 0.01569506726457399 0.005253940455341506
0 0.48318385650224216 0.4071803852889667 0.033632286995515695 0.012259194395796848
0 0.4495515695067265 0.4019264448336252 0.01569506726457399 0.005253940455341506
0 0.515695067264574 0.3975481611208406 0.004484304932735426 0.0035026269702276708
0 0.46860986547085204 0.3966725043782837 0.013452914798206279 0.005253940455341506
0 0.4383408071748879 0.3905429071803853 0.006726457399103139 0.0035026269702276708
0 0.49551569506726456 0.38966725043782835 0.013452914798206279 0.005253940455341506
0 0.01233183856502242 0.415061295971979 0.02466367713004484 0.06304728546409807
0 0.46300448430493274 0.38353765323992994 0.033632286995515695 0.010507880910683012
0 0.5044843049327354 0.37215411558669004 0.004484304932735426 0.0017513134851138354
0 0.4383408071748879 0.340630472854641 0.07847533632286996 0.05779334500875657
0 0.531390134529148 0.3222416812609457 0.12556053811659193 0.05253940455341506
0 0.6266816143497758 0.29597197898423816 0.07847533632286996 0.04553415061295972
0 0.460762331838565 0.2732049036777583 0.1905829596412556 0.07705779334500876
0 0.02914798206278027 0.21891418563922943 0.05829596412556054 0.03152364273204904
0 0.531390134529148 0.17425569176882663 0.10762331838565023 0.02626970227670753
0 0.10650224215246637 0.13047285464098074 0.006726457399103139 0.005253940455341506
0 0.10762331838565023 0.09544658493870403 0.008968609865470852 0.005253940455341506
0 0.0257847533632287 0.07530647985989491 0.006726457399103139 0.0035026269702276708
0 0.007847533632286996 0.05691768826619965 0.002242152466367713 0.0017513134851138354
0 0.01233183856502242 0.047285464098073555 0.006726457399103139 0.0035026269702276708
0 0.016816143497757848 0.03677758318739054 0.006726457399103139 0.0035026269702276708
0 0.5 0.47285464098073554 1.0 0.9211908931698775
0 0.2679372197309417 0.01138353765323993 0.006726457399103139 0.005253940455341506
0 0.22982062780269058 0.006129597197898424 0.002242152466367713 0.0017513134851138354
0 0.7993273542600897 0.00788091068301226 0.08295964125560538 0.01576182136602452
0 0.21076233183856502 0.0035026269702276708 0.008968609865470852 0.0070052539404553416
0 0.15807174887892378 0.0595446584938704 0.11434977578475336 0.1190893169877408
0 0.030269058295964126 0.013134851138353765 0.0515695067264574 0.02626970227670753
