0 0.66359918200409 0.996551724137931 0.018404907975460124 0.006896551724137931
0 0.5439672801635992 0.993103448275862 0.016359918200409 0.013793103448275862
0 0.5061349693251533 0.9913793103448276 0.03885480572597137 0.017241379310344827
0 0.4611451942740286 0.9913793103448276 0.026584867075664622 0.017241379310344827
0 0.6257668711656442 0.9896551724137931 0.012269938650306749 0.020689655172413793
0 0.6431492842535788 0.9758620689655172 0.014314928425357873 0.013793103448275862
0 0.6697341513292433 0.9431034482758621 0.010224948875255624 0.0034482758620689655
0 0.6574642126789366 0.9431034482758621 0.002044989775051125 0.0034482758620689655
0 0.5143149284253579 0.9706896551724138 0.21063394683026584 0.05862068965517241
0 0.7137014314928425 0.9672413793103448 0.049079754601226995 0.06551724137931035
0 0.012269938650306749 0.8568965517241379 0.024539877300613498 0.10689655172413794
0 0.006134969325153374 0.7741379310344828 0.012269938650306749 0.05172413793103448
0 0.002044989775051125 0.7413793103448276 0.00408997955010225 0.006896551724137931
0 0.003067484662576687 0.7137931034482758 0.006134969325153374 0.027586206896551724
0 0.003067484662576687 0.6879310344827586 0.006134969325153374 0.010344827586206896
0 0.002044989775051125 0.6724137931034483 0.00408997955010225 0.006896551724137931
0 0.002044989775051125 0.6362068965517241 0.00408997955010225 0.010344827586206896
0 0.011247443762781187 0.5189655172413793 0.022494887525562373 0.17586206896551723
0 0.00408997955010225 0.41551724137931034 0.0081799591002045 0.010344827586206896
0 0.9877300613496932 0.12241379310344827 0.00408997955010225 0.0034482758620689655
0 0.011247443762781187 0.12758620689655173 0.022494887525562373 0.04827586206896552
0 0.3895705521472393 0.09827586206896552 0.010224948875255624 0.010344827586206896
0 0.23721881390593047 0.09137931034482759 0.0081799591002045 0.010344827586206896
0 0.5173824130879345 0.47758620689655173 0.9652351738241309 0.8724137931034482
0 0.679959100204499 0.006896551724137931 0.010224948875255624 0.013793103448275862
0 0.6574642126789366 0.0034482758620689655 0.006134969325153374 0.006896551724137931
0 0.6390593047034765 0.010344827586206896 0.026584867075664622 0.020689655172413793
0 0.5480572597137015 0.005172413793103448 0.0081799591002045 0.010344827586206896
0 0.523517382413088 0.005172413793103448 0.0081799591002045 0.010344827586206896
0 0.4948875255623722 0.005172413793103448 0.0081799591002045 0.010344827586206896
0 0.4652351738241309 0.006896551724137931 0.026584867075664622 0.013793103448275862
