0 0.05071315372424723 0.8458244111349036 0.07606973058637084 0.004282655246252677
0 0.38589540412044376 0.8361884368308351 0.001584786053882726 0.0021413276231263384
0 0.37321711568938193 0.8361884368308351 0.004754358161648178 0.0021413276231263384
0 0.3629160063391442 0.8361884368308351 0.003169572107765452 0.0021413276231263384
0 0.5103011093502378 0.8340471092077087 0.006339144215530904 0.0021413276231263384
0 0.41996830427892234 0.8351177730192719 0.006339144215530904 0.004282655246252677
0 0.5705229793977813 0.8319057815845824 0.003169572107765452 0.0021413276231263384
0 0.49049128367670364 0.8340471092077087 0.02694136291600634 0.006423982869379015
0 0.4461172741679873 0.8340471092077087 0.042789223454833596 0.006423982869379015
0 0.03645007923930269 0.8319057815845824 0.006339144215530904 0.0021413276231263384
0 0.8312202852614897 0.8062098501070664 0.001584786053882726 0.0021413276231263384
0 0.4976228209191759 0.9014989293361885 0.9952456418383518 0.19700214132762311
0 0.8890649762282092 0.8051391862955032 0.10142630744849446 0.01284796573875803
0 0.19255150554675118 0.7794432548179872 0.3185419968304279 0.017130620985010708
0 0.3541996830427892 0.7537473233404711 0.6354992076069731 0.02569593147751606
0 0.9540412044374009 0.6670235546038544 0.003169572107765452 0.0021413276231263384
0 0.19255150554675118 0.38436830835117775 0.20126782884310618 0.014989293361884369
0 0.12836767036450078 0.37259100642398285 0.01584786053882726 0.004282655246252677
0 0.20681458003169573 0.3693790149892934 0.039619651347068144 0.006423982869379015
0 0.15689381933438987 0.37044967880085655 0.028526148969889066 0.008565310492505354
0 0.37400950871632327 0.36295503211991437 0.003169572107765452 0.0021413276231263384
0 0.3264659270998415 0.36509635974304067 0.028526148969889066 0.006423982869379015
0 0.36212361331220283 0.3618843683083512 0.017432646592709985 0.004282655246252677
0 0.45879556259904913 0.35867237687366166 0.030110935023771792 0.006423982869379015
0 0.1814580031695721 0.3576017130620985 0.15689381933438987 0.017130620985010708
0 0.13312202852614896 0.34796573875803 0.009508716323296355 0.0021413276231263384
0 0.12519809825673534 0.34796573875803 0.003169572107765452 0.0021413276231263384
0 0.16798732171156894 0.34582441113490364 0.006339144215530904 0.0021413276231263384
0 0.2432646592709984 0.3426124197002141 0.004754358161648178 0.004282655246252677
0 0.22741679873217116 0.3436830835117773 0.020602218700475437 0.006423982869379015
0 0.34231378763866877 0.33832976445396146 0.006339144215530904 0.004282655246252677
0 0.4215530903328051 0.3340471092077088 0.03486529318541997 0.008565310492505354
0 0.5079239302694136 0.33083511777301927 0.017432646592709985 0.006423982869379015
0 0.28922345483359746 0.3286937901498929 0.004754358161648178 0.0021413276231263384
0 0.3225039619651347 0.3265524625267666 0.001584786053882726 0.0021413276231263384
0 0.19096671949286848 0.33083511777301927 0.16323296354992076 0.014989293361884369
0 0.3613312202852615 0.32548179871520344 0.06656101426307448 0.008565310492505354
0 0.46909667194928684 0.32012847965738755 0.009508716323296355 0.0021413276231263384
0 0.43423137876386686 0.3222698072805139 0.04120443740095087 0.010706638115631691
0 0.2543581616481775 0.31905781584582443 0.004754358161648178 0.004282655246252677
0 0.14817749603803487 0.31049250535331907 0.011093502377179081 0.004282655246252677
0 0.12202852614896989 0.31049250535331907 0.01584786053882726 0.004282655246252677
0 0.4532488114104596 0.3094218415417559 0.009508716323296355 0.006423982869379015
0 0.436608557844691 0.3094218415417559 0.014263074484944533 0.006423982869379015
0 0.21553090332805072 0.30728051391862954 0.003169572107765452 0.0021413276231263384
0 0.17036450079239301 0.3094218415417559 0.02694136291600634 0.006423982869379015
0 0.196513470681458 0.30728051391862954 0.01584786053882726 0.006423982869379015
0 0.5538827258320127 0.30513918629550324 0.058637083993660855 0.006423982869379015
0 0.2606973058637084 0.30620985010706636 0.0554675118858954 0.008565310492505354
0 0.384310618066561 0.29978586723768735 0.042789223454833596 0.004282655246252677
0 0.41996830427892234 0.29764453961456105 0.006339144215530904 0.004282655246252677
0 0.179080824088748 0.2965738758029979 0.006339144215530904 0.0021413276231263384
0 0.19968304278922344 0.2955032119914347 0.003169572107765452 0.004282655246252677
0 0.4461172741679873 0.2955032119914347 0.03645007923930269 0.008565310492505354
0 0.2606973058637084 0.29229122055674517 0.001584786053882726 0.0021413276231263384
0 0.277337559429477 0.291220556745182 0.01584786053882726 0.004282655246252677
0 0.5641838351822503 0.29229122055674517 0.06656101426307448 0.010706638115631691
0 0.23692551505546752 0.2815845824411135 0.004754358161648178 0.0021413276231263384
0 0.20206022187004755 0.2826552462526767 0.00792393026941363 0.004282655246252677
0 0.15213946117274169 0.2837259100642398 0.07923930269413629 0.006423982869379015
0 0.4611727416798732 0.2826552462526767 0.03486529318541997 0.008565310492505354
0 0.6053882725832013 0.28051391862955033 0.14580031695721077 0.01284796573875803
0 0.37083993660855785 0.2751605995717345 0.009508716323296355 0.0021413276231263384
0 0.2805071315372425 0.278372591006424 0.05388272583201268 0.008565310492505354
0 0.4326465927099842 0.27301927194860814 0.003169572107765452 0.0021413276231263384
0 0.1949286846275753 0.2708779443254818 0.003169572107765452 0.0021413276231263384
0 0.17670364500792393 0.2708779443254818 0.001584786053882726 0.0021413276231263384
0 0.16957210776545167 0.2708779443254818 0.003169572107765452 0.0021413276231263384
0 0.5174326465927099 0.26873661670235544 0.001584786053882726 0.0021413276231263384
0 0.20206022187004755 0.2698072805139186 0.004754358161648178 0.004282655246252677
0 0.4643423137876387 0.2708779443254818 0.04120443740095087 0.010706638115631691
0 0.5649762282091918 0.2676659528907923 0.058637083993660855 0.008565310492505354
0 0.2987321711568938 0.26552462526766596 0.039619651347068144 0.008565310492505354
0 0.13153724247226625 0.25910064239828695 0.003169572107765452 0.004282655246252677
0 0.20443740095087162 0.2569593147751606 0.01584786053882726 0.004282655246252677
0 0.6719492868462758 0.25374732334047106 0.012678288431061807 0.0021413276231263384
0 0.5538827258320127 0.25481798715203424 0.004754358161648178 0.004282655246252677
0 0.4643423137876387 0.2569593147751606 0.060221870047543584 0.008565310492505354
0 0.6077654516640254 0.25481798715203424 0.09984152139461172 0.01284796573875803
0 0.3098256735340729 0.25160599571734477 0.042789223454833596 0.010706638115631691
0 0.4437400950871632 0.2462526766595289 0.006339144215530904 0.004282655246252677
0 0.7400950871632329 0.2462526766595289 0.05388272583201268 0.008565310492505354
0 0.8256735340729001 0.24089935760171305 0.003169572107765452 0.0021413276231263384
0 0.6212361331220285 0.24197002141327623 0.006339144215530904 0.004282655246252677
0 0.4857369255150555 0.24411134903640258 0.04595879556259905 0.008565310492505354
0 0.6410459587955626 0.24197002141327623 0.02694136291600634 0.008565310492505354
0 0.5800316957210776 0.24089935760171305 0.03803486529318542 0.006423982869379015
0 0.329635499207607 0.2398286937901499 0.006339144215530904 0.004282655246252677
0 0.5 0.5203426124197003 1.0 0.5781584582441114
0 0.7527733755942948 0.2334047109207709 0.04120443740095087 0.008565310492505354
0 0.5903328050713154 0.23019271948608136 0.00792393026941363 0.0021413276231263384
0 0.49920760697305866 0.23126338329764454 0.01901743264659271 0.004282655246252677
0 0.48335974643423135 0.23126338329764454 0.006339144215530904 0.004282655246252677
0 0.28129952456418383 0.22805139186295503 0.001584786053882726 0.0021413276231263384
0 0.6410459587955626 0.2291220556745182 0.03645007923930269 0.008565310492505354
0 0.803486529318542 0.2291220556745182 0.04120443740095087 0.01284796573875803
0 0.32805071315372425 0.2259100642398287 0.03803486529318542 0.010706638115631691
0 0.6133122028526149 0.21734475374732334 0.003169572107765452 0.0021413276231263384
0 0.5927099841521395 0.21734475374732334 0.025356576862123614 0.006423982869379015
0 0.6426307448494454 0.21734475374732334 0.05229793977812995 0.010706638115631691
0 0.16085578446909668 0.215203426124197 0.004754358161648178 0.006423982869379015
0 0.757527733755943 0.20985010706638116 0.03169572107765452 0.008565310492505354
0 0.8954041204437401 0.20235546038543897 0.006339144215530904 0.0021413276231263384
0 0.8026941362916006 0.20556745182012848 0.04595879556259905 0.008565310492505354
0 0.000792393026941363 0.15417558886509636 0.001584786053882726 0.004282655246252677
0 0.011093502377179081 0.1284796573875803 0.003169572107765452 0.008565310492505354
0 0.0768621236133122 0.16488222698072805 0.1537242472266244 0.12419700214132762
0 0.5966719492868463 0.1381156316916488 0.8066561014263075 0.18201284796573874
0 0.4318541996830428 0.019271948608137045 0.014263074484944533 0.021413276231263382
0 0.6093502377179081 0.027837259100642397 0.017432646592709985 0.055674518201284794
0 0.5919175911251982 0.02676659528907923 0.011093502377179081 0.05353319057815846
0 0.45641838351822506 0.013918629550321198 0.006339144215530904 0.027837259100642397
0 0.41362916006339145 0.014989293361884369 0.01584786053882726 0.029978586723768737
0 0.38748019017432644 0.013918629550321198 0.004754358161648178 0.027837259100642397
0 0.4286846275752773 0.02676659528907923 0.16957210776545167 0.05353319057815846
