0 0.4146341463414634 0.989247311827957 0.00975609756097561 0.021505376344086023
0 0.27195121951219514 0.982078853046595 0.02195121951219512 0.035842293906810034
0 0.30853658536585366 0.9695340501792115 0.02195121951219512 0.06093189964157706
0 0.27195121951219514 0.9354838709677419 0.012195121951219513 0.014336917562724014
0 0.23902439024390243 0.96415770609319 0.024390243902439025 0.07168458781362007
0 0.1951219512195122 0.953405017921147 0.01951219512195122 0.06451612903225806
0 0.5353658536585366 0.9587813620071685 0.05121951219512195 0.08243727598566308
0 0.2573170731707317 0.9336917562724014 0.275609756097561 0.13261648745519714
0 0.973170731707317 0.8297491039426523 0.05365853658536585 0.07526881720430108
0 0.9878048780487805 0.34408602150537637 0.00975609756097561 0.007168458781362007
0 0.975609756097561 0.15591397849462366 0.04878048780487805 0.06810035842293907
0 0.4768292682926829 0.48028673835125446 0.9097560975609756 0.8028673835125448
0 0.474390243902439 0.034050179211469536 0.007317073170731708 0.0035842293906810036
0 0.5085365853658537 0.02867383512544803 0.012195121951219513 0.014336917562724014
0 0.4658536585365854 0.005376344086021506 0.00975609756097561 0.010752688172043012
0 0.3378048780487805 0.008960573476702509 0.007317073170731708 0.017921146953405017
0 0.3073170731707317 0.008960573476702509 0.00975609756097561 0.017921146953405017
0 0.2682926829268293 0.008960573476702509 0.00975609756097561 0.017921146953405017
0 0.2329268292682927 0.008960573476702509 0.012195121951219513 0.017921146953405017
