0 0.42042755344418054 0.9965156794425087 0.004750593824228029 0.006968641114982578
0 0.3159144893111639 0.9878048780487805 0.023752969121140142 0.024390243902439025
0 0.28028503562945367 0.9721254355400697 0.014251781472684086 0.013937282229965157
0 0.24821852731591448 0.9825783972125436 0.026128266033254157 0.03484320557491289
0 0.20546318289786222 0.9790940766550522 0.021377672209026127 0.041811846689895474
0 0.5415676959619953 0.9773519163763066 0.047505938242280284 0.04529616724738676
0 0.2660332541567696 0.9512195121951219 0.27078384798099764 0.0975609756097561
0 0.9738717339667459 0.8571428571428571 0.052256532066508314 0.07665505226480836
0 0.9916864608076009 0.30313588850174217 0.0166270783847981 0.006968641114982578
0 0.9762470308788599 0.19337979094076654 0.047505938242280284 0.06620209059233449
0 0.4845605700712589 0.519163763066202 0.8978622327790974 0.7874564459930313
0 0.4833729216152019 0.078397212543554 0.007125890736342043 0.003484320557491289
0 0.5166270783847982 0.07317073170731707 0.011876484560570071 0.013937282229965157
0 0.47268408551068886 0.04878048780487805 0.009501187648456057 0.013937282229965157
0 0.45724465558194777 0.020905923344947737 0.011876484560570071 0.041811846689895474
0 0.3479809976247031 0.0313588850174216 0.021377672209026127 0.0627177700348432
0 0.2992874109263658 0.033101045296167246 0.052256532066508314 0.06620209059233449
0 0.23990498812351543 0.0313588850174216 0.019002375296912115 0.0627177700348432
