0 0.9377952755905512 0.7202127659574468 0.01732283464566929 0.006382978723404255
0 0.9354330708661417 0.7053191489361702 0.012598425196850394 0.006382978723404255
0 0.012598425196850394 0.09787234042553192 0.009448818897637795 0.01276595744680851
0 0.49291338582677163 0.5297872340425532 0.9858267716535433 0.9404255319148936
0 0.5228346456692914 0.04893617021276596 0.0031496062992125984 0.00425531914893617
0 0.5417322834645669 0.04468085106382979 0.006299212598425197 0.01276595744680851
0 0.5165354330708661 0.04042553191489362 0.0031496062992125984 0.00425531914893617
0 0.5236220472440944 0.029787234042553193 0.004724409448818898 0.00425531914893617
0 0.5377952755905512 0.02446808510638298 0.0015748031496062992 0.002127659574468085
0 0.5204724409448819 0.007446808510638298 0.0015748031496062992 0.002127659574468085
0 0.5826771653543307 0.035106382978723406 0.03464566929133858 0.07021276595744681
0 0.5409448818897638 0.009574468085106383 0.011023622047244094 0.019148936170212766
0 0.5070866141732283 0.01276595744680851 0.0031496062992125984 0.02553191489361702
0 0.4393700787401575 0.019148936170212766 0.01889763779527559 0.03829787234042553
0 0.4188976377952756 0.0031914893617021275 0.006299212598425197 0.006382978723404255
0 0.40551181102362205 0.02021276595744681 0.03622047244094488 0.04042553191489362
0 0.3661417322834646 0.019148936170212766 0.01732283464566929 0.03829787234042553
0 0.41023622047244096 0.03297872340425532 0.17165354330708663 0.06595744680851064
