0 0.8342749529190208 0.9856687898089171 0.018832391713747645 0.028662420382165606
0 0.4774011299435028 0.9840764331210191 0.03954802259887006 0.03184713375796178
0 0.2909604519774011 0.9840764331210191 0.1902071563088512 0.03184713375796178
0 0.7853107344632768 0.6242038216560509 0.007532956685499058 0.006369426751592357
0 0.7862523540489642 0.6098726114649682 0.009416195856873822 0.009554140127388535
0 0.7702448210922788 0.5589171974522293 0.064030131826742 0.0732484076433121
0 0.7824858757062146 0.32961783439490444 0.005649717514124294 0.0031847133757961785
0 0.7853107344632768 0.1480891719745223 0.007532956685499058 0.0031847133757961785
0 0.7721280602636534 0.1449044585987261 0.003766478342749529 0.0031847133757961785
0 0.8060263653483992 0.1337579617834395 0.015065913370998116 0.012738853503184714
0 0.062146892655367235 0.08439490445859872 0.007532956685499058 0.009554140127388535
0 0.3644067796610169 0.07643312101910828 0.009416195856873822 0.012738853503184714
0 0.8248587570621468 0.06528662420382166 0.003766478342749529 0.009554140127388535
0 0.7900188323917138 0.05573248407643312 0.02071563088512241 0.022292993630573247
0 0.3672316384180791 0.4888535031847134 0.7344632768361582 0.8885350318471338
0 0.911487758945386 0.5 0.17702448210922786 1.0
0 0.4218455743879473 0.007961783439490446 0.022598870056497175 0.01592356687898089
0 0.2617702448210923 0.0031847133757961785 0.011299435028248588 0.006369426751592357
