0 0.699475065616798 0.8826923076923077 0.08661417322834646 0.10384615384615385
0 0.6706036745406824 0.9057692307692308 0.5958005249343832 0.18846153846153846
0 0.7755905511811023 0.8711538461538462 0.07611548556430446 0.16538461538461538
0 0.03280839895013123 0.7769230769230769 0.06561679790026247 0.1076923076923077
0 0.009186351706036745 0.6865384615384615 0.01837270341207349 0.057692307692307696
0 0.005249343832020997 0.6480769230769231 0.010498687664041995 0.011538461538461539
0 0.04068241469816273 0.6442307692307693 0.01837270341207349 0.011538461538461539
0 0.03805774278215223 0.625 0.013123359580052493 0.0038461538461538464
0 0.003937007874015748 0.6269230769230769 0.007874015748031496 0.007692307692307693
0 0.0026246719160104987 0.6096153846153847 0.005249343832020997 0.0038461538461538464
0 0.03937007874015748 0.6057692307692307 0.031496062992125984 0.011538461538461539
0 0.03674540682414698 0.5769230769230769 0.04199475065616798 0.038461538461538464
0 0.9855643044619422 0.4288461538461538 0.0026246719160104987 0.0038461538461538464
0 0.03280839895013123 0.4480769230769231 0.06561679790026247 0.20384615384615384
0 0.03543307086614173 0.3211538461538462 0.07086614173228346 0.026923076923076925
0 0.024934383202099737 0.2923076923076923 0.049868766404199474 0.007692307692307693
0 0.9868766404199475 0.2326923076923077 0.005249343832020997 0.011538461538461539
0 0.03674540682414698 0.2403846153846154 0.07349081364829396 0.08076923076923077
0 0.03674540682414698 0.11923076923076924 0.07349081364829396 0.15384615384615385
0 0.5380577427821522 0.4115384615384615 0.9238845144356955 0.823076923076923
0 0.5183727034120735 0.007692307692307693 0.27034120734908135 0.015384615384615385
