0 0.4394230769230769 0.9983818770226537 0.0019230769230769232 0.003236245954692557
0 0.6576923076923077 0.9935275080906149 0.011538461538461539 0.012944983818770227
0 0.6721153846153847 0.9870550161812298 0.009615384615384616 0.025889967637540454
0 0.6759615384615385 0.9546925566343042 0.0019230769230769232 0.006472491909385114
0 0.45384615384615384 0.9741100323624595 0.03076923076923077 0.05177993527508091
0 0.5365384615384615 0.9724919093851133 0.023076923076923078 0.05501618122977346
0 0.4913461538461538 0.9724919093851133 0.032692307692307694 0.05501618122977346
0 0.6442307692307693 0.9627831715210357 0.06153846153846154 0.0744336569579288
0 0.4971153846153846 0.9514563106796117 0.20576923076923076 0.0970873786407767
0 0.7086538461538462 0.9466019417475728 0.04038461538461539 0.10679611650485436
0 0.9971153846153846 0.6326860841423948 0.0057692307692307696 0.009708737864077669
0 0.0019230769230769232 0.6213592233009708 0.0038461538461538464 0.006472491909385114
0 0.0028846153846153848 0.5889967637540453 0.0057692307692307696 0.012944983818770227
0 0.9961538461538462 0.5760517799352751 0.007692307692307693 0.012944983818770227
0 0.0019230769230769232 0.5711974110032363 0.0038461538461538464 0.009708737864077669
0 0.0019230769230769232 0.5307443365695793 0.0038461538461538464 0.05177993527508091
0 0.0009615384615384616 0.34951456310679613 0.0019230769230769232 0.006472491909385114
0 0.9884615384615385 0.3414239482200647 0.023076923076923078 0.009708737864077669
0 0.24326923076923077 0.3106796116504854 0.0057692307692307696 0.006472491909385114
0 0.27307692307692305 0.3122977346278317 0.007692307692307693 0.016181229773462782
0 0.26153846153846155 0.3122977346278317 0.007692307692307693 0.016181229773462782
0 0.28846153846153844 0.27184466019417475 0.0038461538461538464 0.006472491909385114
0 0.0019230769230769232 0.24433656957928804 0.0038461538461538464 0.003236245954692557
0 0.2721153846153846 0.2588996763754045 0.013461538461538462 0.045307443365695796
0 0.23846153846153847 0.2621359223300971 0.05 0.05177993527508091
0 0.0028846153846153848 0.1796116504854369 0.0057692307692307696 0.016181229773462782
0 0.4461538461538462 0.17313915857605178 0.011538461538461539 0.022653721682847898
0 0.40192307692307694 0.1423948220064725 0.03076923076923077 0.019417475728155338
0 0.4403846153846154 0.1423948220064725 0.03076923076923077 0.025889967637540454
0 0.3269230769230769 0.13915857605177995 0.07307692307692308 0.025889967637540454
0 0.4634615384615385 0.11165048543689321 0.011538461538461539 0.009708737864077669
0 0.0019230769230769232 0.061488673139158574 0.0038461538461538464 0.012944983818770227
0 0.989423076923077 0.03398058252427184 0.021153846153846155 0.05501618122977346
0 0.5067307692307692 0.4320388349514563 0.9865384615384616 0.8640776699029126
0 0.5423076923076923 0.012944983818770227 0.3269230769230769 0.025889967637540454
