0 0.8977591036414566 0.9801829268292683 0.17086834733893558 0.039634146341463415
0 0.41876750700280113 0.9679878048780488 0.05322128851540616 0.06402439024390244
0 0.7212885154061625 0.9344512195121951 0.014005602240896359 0.009146341463414634
0 0.5322128851540616 0.9557926829268293 0.03361344537815126 0.06402439024390244
0 0.7226890756302521 0.9100609756097561 0.0056022408963585435 0.009146341463414634
0 0.6820728291316527 0.9329268292682927 0.09803921568627451 0.09146341463414634
0 0.5686274509803921 0.9222560975609756 0.47619047619047616 0.15548780487804878
0 0.004201680672268907 0.4024390243902439 0.008403361344537815 0.006097560975609756
0 0.004201680672268907 0.375 0.008403361344537815 0.006097560975609756
0 0.0070028011204481795 0.3628048780487805 0.014005602240896359 0.012195121951219513
0 0.00980392156862745 0.3399390243902439 0.0196078431372549 0.027439024390243903
0 0.5 0.4649390243902439 1.0 0.9298780487804879
