0 0.5275800711743772 0.9940119760479041 0.012455516014234875 0.011976047904191617
0 0.4830960854092527 0.9940119760479041 0.030249110320284697 0.011976047904191617
0 0.44483985765124556 0.9940119760479041 0.02491103202846975 0.011976047904191617
0 0.6076512455516014 0.9895209580838323 0.008896797153024912 0.020958083832335328
0 0.6494661921708185 0.9820359281437125 0.010676156583629894 0.011976047904191617
0 0.6245551601423488 0.9775449101796407 0.010676156583629894 0.008982035928143712
0 0.48487544483985767 0.9760479041916168 0.20106761565836298 0.04790419161676647
0 0.9670818505338078 0.8488023952095808 0.005338078291814947 0.0029940119760479044
0 0.9991103202846975 0.812874251497006 0.0017793594306049821 0.0029940119760479044
0 0.9875444839857651 0.6781437125748503 0.02491103202846975 0.1347305389221557
0 0.9875444839857651 0.41467065868263475 0.02491103202846975 0.11676646706586827
0 0.9991103202846975 0.30988023952095806 0.0017793594306049821 0.014970059880239521
0 0.99644128113879 0.25748502994011974 0.0071174377224199285 0.07784431137724551
0 0.0017793594306049821 0.17365269461077845 0.0035587188612099642 0.005988023952095809
0 0.9848754448398577 0.1467065868263473 0.030249110320284697 0.11976047904191617
0 0.4830960854092527 0.5344311377245509 0.9661921708185054 0.9311377245508982
0 0.594306049822064 0.04940119760479042 0.010676156583629894 0.008982035928143712
0 0.5791814946619217 0.04341317365269461 0.008896797153024912 0.014970059880239521
0 0.6156583629893239 0.0374251497005988 0.021352313167259787 0.02694610778443114
0 0.6138790035587188 0.004491017964071856 0.0071174377224199285 0.008982035928143712
0 0.4973309608540925 0.020958083832335328 0.012455516014234875 0.041916167664670656
0 0.4581850533807829 0.02245508982035928 0.04448398576512456 0.04491017964071856
0 0.41548042704626337 0.02245508982035928 0.030249110320284697 0.04491017964071856
0 0.5186832740213523 0.040419161676646706 0.32562277580071175 0.08083832335329341
