0 0.6404358353510896 0.9929328621908127 0.01694915254237288 0.014134275618374558
0 0.4612590799031477 0.9558303886925795 0.031476997578692496 0.07420494699646643
0 0.3414043583535109 0.9575971731448764 0.048426150121065374 0.07773851590106007
0 0.6041162227602905 0.9540636042402827 0.07990314769975787 0.09187279151943463
0 0.6041162227602905 0.911660777385159 0.012106537530266344 0.014134275618374558
0 0.6331719128329297 0.9222614840989399 0.04116222760290557 0.04240282685512368
0 0.4975786924939467 0.931095406360424 0.46246973365617433 0.13780918727915195
0 0.0036319612590799033 0.6607773851590106 0.007263922518159807 0.014134275618374558
0 0.4600484261501211 0.49646643109540634 0.004842615012106538 0.0035335689045936395
0 0.39588377723970947 0.49646643109540634 0.007263922518159807 0.01060070671378092
0 0.37409200968523004 0.49646643109540634 0.012106537530266344 0.01060070671378092
0 0.2784503631961259 0.49823321554770317 0.014527845036319613 0.014134275618374558
0 0.20823244552058112 0.49469964664310956 0.009685230024213076 0.014134275618374558
0 0.4213075060532688 0.4929328621908127 0.009685230024213076 0.0176678445229682
0 0.3498789346246973 0.49469964664310956 0.01694915254237288 0.02120141342756184
0 0.30024213075060535 0.49469964664310956 0.014527845036319613 0.02120141342756184
0 0.23002421307506055 0.49469964664310956 0.014527845036319613 0.02120141342756184
0 0.2542372881355932 0.4911660777385159 0.01937046004842615 0.02120141342756184
0 0.4067796610169492 0.36925795053003535 0.004842615012106538 0.0035335689045936395
0 0.39951573849878935 0.30742049469964666 0.004842615012106538 0.014134275618374558
0 0.3619854721549637 0.30742049469964666 0.03631961259079903 0.02120141342756184
0 0.22639225181598063 0.31095406360424027 0.06053268765133172 0.028268551236749116
0 0.36319612590799033 0.2826855123674912 0.009685230024213076 0.007067137809187279
0 0.3474576271186441 0.284452296819788 0.01694915254237288 0.01060070671378092
0 0.387409200968523 0.27208480565371024 0.004842615012106538 0.007067137809187279
0 0.3220338983050847 0.27208480565371024 0.004842615012106538 0.007067137809187279
0 0.22518159806295399 0.27385159010600707 0.05811138014527845 0.024734982332155476
0 0.45641646489104115 0.2703180212014134 0.026634382566585957 0.024734982332155476
0 0.3801452784503632 0.19257950530035337 0.004842615012106538 0.038869257950530034
0 0.44794188861985473 0.19081272084805653 0.024213075060532687 0.05653710247349823
0 0.4067796610169492 0.19257950530035337 0.03389830508474576 0.06007067137809187
0 0.3414043583535109 0.19434628975265017 0.043583535108958835 0.0636042402826855
0 0.29539951573849876 0.19434628975265017 0.0387409200968523 0.0636042402826855
0 0.5 0.4558303886925795 1.0 0.8268551236749117
