0 0.7003179650238474 0.8639344262295082 0.02384737678855326 0.04262295081967213
0 0.32114467408585057 0.8540983606557377 0.022257551669316374 0.03934426229508197
0 0.5079491255961844 0.8647540983606558 0.9777424483306836 0.1819672131147541
0 0.5914149443561209 0.7040983606557377 0.019077901430842606 0.004918032786885246
0 0.5945945945945946 0.6680327868852459 0.003179650238473768 0.001639344262295082
0 0.17090620031796502 0.6704918032786885 0.017488076311605722 0.006557377049180328
0 0.151033386327504 0.6704918032786885 0.009538950715421303 0.006557377049180328
0 0.11764705882352941 0.669672131147541 0.012718600953895072 0.004918032786885246
0 0.5930047694753577 0.6598360655737705 0.019077901430842606 0.00819672131147541
0 0.9395866454689984 0.6516393442622951 0.022257551669316374 0.004918032786885246
0 0.5421303656597775 0.5524590163934426 0.01589825119236884 0.01639344262295082
0 0.35930047694753575 0.5508196721311476 0.04451510333863275 0.022950819672131147
0 0.4093799682034976 0.5311475409836065 0.014308426073131956 0.01639344262295082
0 0.45866454689984104 0.5040983606557377 0.0047694753577106515 0.001639344262295082
0 0.766295707472178 0.4713114754098361 0.006359300476947536 0.004918032786885246
0 0.2615262321144674 0.45081967213114754 0.0047694753577106515 0.003278688524590164
0 0.3767885532591415 0.4459016393442623 0.006359300476947536 0.003278688524590164
0 0.3124006359300477 0.44754098360655736 0.017488076311605722 0.006557377049180328
0 0.1820349761526232 0.49918032786885247 0.3068362480127186 0.30983606557377047
0 0.20906200317965024 0.32868852459016396 0.00794912559618442 0.004918032786885246
0 0.18044515103338632 0.33114754098360655 0.030206677265500796 0.009836065573770493
0 0.2138314785373609 0.30901639344262294 0.014308426073131956 0.004918032786885246
0 0.18441971383147854 0.31065573770491806 0.028616852146263912 0.00819672131147541
0 0.6860095389507154 0.47295081967213115 0.5739268680445151 0.3590163934426229
0 0.18998410174880764 0.29098360655737704 0.017488076311605722 0.004918032786885246
0 0.21701112877583467 0.28852459016393445 0.0047694753577106515 0.003278688524590164
0 0.19475357710651828 0.2713114754098361 0.017488076311605722 0.004918032786885246
0 0.5826709062003179 0.260655737704918 0.011128775834658187 0.003278688524590164
0 0.22257551669316375 0.24918032786885247 0.003179650238473768 0.003278688524590164
0 0.1987281399046105 0.25081967213114753 0.022257551669316374 0.006557377049180328
0 0.20270270270270271 0.23114754098360657 0.02066772655007949 0.006557377049180328
0 0.22575516693163752 0.22868852459016392 0.012718600953895072 0.004918032786885246
0 0.5794912559618441 0.22213114754098362 0.02066772655007949 0.004918032786885246
0 0.5818759936406995 0.20245901639344263 0.01589825119236884 0.004918032786885246
0 0.37042925278219396 0.1557377049180328 0.012718600953895072 0.006557377049180328
0 0.33465818759936405 0.15491803278688523 0.014308426073131956 0.004918032786885246
0 0.4491255961844197 0.15245901639344261 0.011128775834658187 0.006557377049180328
0 0.5031796502384738 0.12622950819672132 0.9523052464228935 0.19672131147540983
