0 0.501996007984032 0.9848484848484849 0.017964071856287425 0.016835016835016835
0 0.4660678642714571 0.9848484848484849 0.017964071856287425 0.030303030303030304
0 0.47904191616766467 0.9730639730639731 0.015968063872255488 0.013468013468013467
0 0.3812375249500998 0.9814814814814815 0.01996007984031936 0.037037037037037035
0 0.34331337325349304 0.9781144781144782 0.03992015968063872 0.04377104377104377
0 0.29840319361277445 0.9764309764309764 0.021956087824351298 0.04713804713804714
0 0.4880239520958084 0.9175084175084175 0.0499001996007984 0.016835016835016835
0 0.9860279441117764 0.8787878787878788 0.027944111776447105 0.11447811447811448
0 0.9970059880239521 0.8148148148148148 0.005988023952095809 0.006734006734006734
0 0.9950099800399201 0.797979797979798 0.00998003992015968 0.013468013468013467
0 0.9960079840319361 0.7811447811447811 0.007984031936127744 0.006734006734006734
0 0.9930139720558883 0.7609427609427609 0.013972055888223553 0.013468013468013467
0 0.9970059880239521 0.7457912457912458 0.005988023952095809 0.010101010101010102
0 0.9930139720558883 0.7272727272727273 0.013972055888223553 0.013468013468013467
0 0.998003992015968 0.7104377104377104 0.003992015968063872 0.006734006734006734
0 0.9900199600798403 0.6919191919191919 0.01996007984031936 0.016835016835016835
0 0.9970059880239521 0.6734006734006734 0.005988023952095809 0.006734006734006734
0 0.9900199600798403 0.6565656565656566 0.01996007984031936 0.013468013468013467
0 0.9930139720558883 0.6178451178451179 0.013972055888223553 0.010101010101010102
0 0.9940119760479041 0.5774410774410774 0.011976047904191617 0.010101010101010102
0 0.9860279441117764 0.4730639730639731 0.027944111776447105 0.1919191919191919
0 0.9970059880239521 0.3653198653198653 0.005988023952095809 0.010101010101010102
0 0.998003992015968 0.33164983164983164 0.003992015968063872 0.003367003367003367
0 0.48403193612774453 0.48484848484848486 0.936127744510978 0.9225589225589226
0 0.4940119760479042 0.015151515151515152 0.005988023952095809 0.010101010101010102
0 0.4660678642714571 0.015151515151515152 0.00998003992015968 0.010101010101010102
0 0.5508982035928144 0.020202020202020204 0.015968063872255488 0.04040404040404041
0 0.5279441117764471 0.018518518518518517 0.00998003992015968 0.037037037037037035
0 0.4471057884231537 0.006734006734006734 0.003992015968063872 0.013468013468013467
0 0.3333333333333333 0.016835016835016835 0.20359281437125748 0.03367003367003367
