0 0.48415841584158414 0.9983333333333333 0.005940594059405941 0.0033333333333333335
0 0.49405940594059405 0.9766666666666667 0.01782178217821782 0.02
0 0.45841584158415843 0.9816666666666667 0.01782178217821782 0.03666666666666667
0 0.47425742574257423 0.965 0.013861386138613862 0.01
0 0.37425742574257426 0.9783333333333334 0.019801980198019802 0.043333333333333335
0 0.33663366336633666 0.9733333333333334 0.039603960396039604 0.05333333333333334
0 0.29306930693069305 0.9733333333333334 0.019801980198019802 0.05333333333333334
0 0.9801980198019802 0.8733333333333333 0.039603960396039604 0.12
0 0.7891089108910891 0.8166666666666667 0.005940594059405941 0.006666666666666667
0 0.10297029702970296 0.7983333333333333 0.0039603960396039604 0.0033333333333333335
0 0.6782178217821783 0.7966666666666666 0.013861386138613862 0.006666666666666667
0 0.6475247524752475 0.7966666666666666 0.027722772277227723 0.013333333333333334
0 0.8712871287128713 0.7816666666666666 0.011881188118811881 0.01
0 0.7772277227722773 0.7816666666666666 0.009900990099009901 0.01
0 0.6198019801980198 0.7783333333333333 0.015841584158415842 0.01
0 0.1316831683168317 0.765 0.005940594059405941 0.01
0 0.023762376237623763 0.7583333333333333 0.0039603960396039604 0.0033333333333333335
0 0.9861386138613861 0.775 0.027722772277227723 0.07
0 0.6089108910891089 0.7433333333333333 0.02178217821782178 0.013333333333333334
0 0.02277227722772277 0.74 0.005940594059405941 0.006666666666666667
0 0.9851485148514851 0.7283333333333334 0.0297029702970297 0.016666666666666666
0 0.024752475247524754 0.7216666666666667 0.009900990099009901 0.01
0 0.9287128712871288 0.71 0.007920792079207921 0.006666666666666667
0 0.09405940594059406 0.7083333333333334 0.005940594059405941 0.0033333333333333335
0 0.023762376237623763 0.705 0.0039603960396039604 0.0033333333333333335
0 0.09504950495049505 0.69 0.007920792079207921 0.006666666666666667
0 0.9821782178217822 0.7 0.03564356435643564 0.03333333333333333
0 0.7227722772277227 0.69 0.019801980198019802 0.013333333333333334
0 0.6386138613861386 0.6883333333333334 0.009900990099009901 0.01
0 0.02277227722772277 0.6866666666666666 0.005940594059405941 0.006666666666666667
0 0.9910891089108911 0.675 0.01782178217821782 0.01
0 0.09603960396039604 0.6716666666666666 0.009900990099009901 0.01
0 0.9861386138613861 0.6583333333333333 0.027722772277227723 0.016666666666666666
0 0.47227722772277225 0.65 0.005940594059405941 0.006666666666666667
0 0.024752475247524754 0.6516666666666666 0.009900990099009901 0.01
0 0.9910891089108911 0.6366666666666667 0.01782178217821782 0.013333333333333334
0 0.02277227722772277 0.6316666666666667 0.0019801980198019802 0.0033333333333333335
0 0.11089108910891089 0.685 0.04356435643564356 0.13
0 0.023762376237623763 0.6166666666666667 0.0039603960396039604 0.006666666666666667
0 0.9089108910891089 0.655 0.055445544554455446 0.09
0 0.8663366336633663 0.6133333333333333 0.005940594059405941 0.006666666666666667
0 0.12772277227722773 0.6083333333333333 0.01782178217821782 0.023333333333333334
0 0.09900990099009901 0.6016666666666667 0.007920792079207921 0.01
0 0.12178217821782178 0.5883333333333334 0.02178217821782178 0.01
0 0.100990099009901 0.5833333333333334 0.0039603960396039604 0.006666666666666667
0 0.023762376237623763 0.5833333333333334 0.0039603960396039604 0.006666666666666667
0 0.8594059405940594 0.5766666666666667 0.007920792079207921 0.006666666666666667
0 0.22772277227722773 0.455 0.019801980198019802 0.01
0 0.12079207920792079 0.495 0.047524752475247525 0.15666666666666668
0 0.22772277227722773 0.41333333333333333 0.015841584158415842 0.006666666666666667
0 0.030693069306930693 0.4633333333333333 0.0297029702970297 0.15333333333333332
0 0.9128712871287129 0.355 0.019801980198019802 0.0033333333333333335
0 0.8940594059405941 0.355 0.009900990099009901 0.0033333333333333335
0 0.8821782178217822 0.355 0.0019801980198019802 0.0033333333333333335
0 0.8702970297029703 0.355 0.005940594059405941 0.0033333333333333335
0 0.8594059405940594 0.355 0.0039603960396039604 0.0033333333333333335
0 0.9792079207920792 0.48833333333333334 0.041584158415841586 0.27666666666666667
0 0.02178217821782178 0.34 0.0039603960396039604 0.006666666666666667
0 0.9910891089108911 0.335 0.01782178217821782 0.016666666666666666
0 0.02277227722772277 0.30666666666666664 0.005940594059405941 0.006666666666666667
0 0.9920792079207921 0.30333333333333334 0.015841584158415842 0.013333333333333334
0 0.9920792079207921 0.265 0.015841584158415842 0.023333333333333334
0 0.9584158415841584 0.10333333333333333 0.007920792079207921 0.006666666666666667
0 0.4782178217821782 0.48 0.9247524752475248 0.92
0 0.45841584158415843 0.013333333333333334 0.009900990099009901 0.006666666666666667
0 0.48514851485148514 0.011666666666666667 0.007920792079207921 0.01
0 0.5415841584158416 0.018333333333333333 0.013861386138613862 0.03666666666666667
0 0.5188118811881188 0.016666666666666666 0.011881188118811881 0.03333333333333333
0 0.4396039603960396 0.005 0.0039603960396039604 0.01
0 0.32673267326732675 0.013333333333333334 0.19801980198019803 0.02666666666666667
