0 0.6648351648351648 0.9953703703703703 0.014652014652014652 0.009259259259259259
0 0.6456043956043956 0.9907407407407407 0.005494505494505495 0.018518518518518517
0 0.6767399267399268 0.9783950617283951 0.005494505494505495 0.006172839506172839
0 0.6941391941391941 0.9783950617283951 0.02197802197802198 0.043209876543209874
0 0.6968864468864469 0.9398148148148148 0.016483516483516484 0.015432098765432098
0 0.5274725274725275 0.9645061728395061 0.03296703296703297 0.07098765432098765
0 0.48717948717948717 0.9645061728395061 0.03296703296703297 0.07098765432098765
0 0.5677655677655677 0.9598765432098766 0.02197802197802198 0.06790123456790123
0 0.6813186813186813 0.9320987654320988 0.01098901098901099 0.018518518518518517
0 0.6538461538461539 0.9506172839506173 0.02197802197802198 0.06790123456790123
0 0.6657509157509157 0.9182098765432098 0.020146520146520148 0.015432098765432098
0 0.532051282051282 0.9444444444444444 0.19597069597069597 0.1111111111111111
0 0.739010989010989 0.9429012345679012 0.038461538461538464 0.11419753086419752
0 0.008241758241758242 0.8364197530864198 0.016483516483516484 0.09259259259259259
0 0.005494505494505495 0.7824074074074074 0.003663003663003663 0.0030864197530864196
0 0.003663003663003663 0.7623456790123457 0.007326007326007326 0.006172839506172839
0 0.004578754578754579 0.7438271604938271 0.009157509157509158 0.006172839506172839
0 0.003663003663003663 0.7067901234567902 0.007326007326007326 0.006172839506172839
0 0.003663003663003663 0.6898148148148148 0.007326007326007326 0.009259259259259259
0 0.004578754578754579 0.6697530864197531 0.009157509157509158 0.012345679012345678
0 0.0027472527472527475 0.654320987654321 0.005494505494505495 0.006172839506172839
0 0.0027472527472527475 0.6358024691358025 0.005494505494505495 0.006172839506172839
0 0.004578754578754579 0.5972222222222222 0.009157509157509158 0.009259259259259259
0 0.005494505494505495 0.5787037037037037 0.01098901098901099 0.009259259259259259
0 0.004578754578754579 0.5601851851851852 0.009157509157509158 0.009259259259259259
0 0.007326007326007326 0.4382716049382716 0.014652014652014652 0.2222222222222222
0 0.008241758241758242 0.26697530864197533 0.016483516483516484 0.11419753086419752
0 0.005494505494505495 0.19907407407407407 0.01098901098901099 0.009259259259259259
0 0.009157509157509158 0.18209876543209877 0.018315018315018316 0.018518518518518517
0 0.009157509157509158 0.15123456790123457 0.018315018315018316 0.030864197530864196
0 0.010073260073260074 0.09722222222222222 0.020146520146520148 0.05246913580246913
0 0.07142857142857142 0.05246913580246913 0.007326007326007326 0.006172839506172839
0 0.5210622710622711 0.45524691358024694 0.9578754578754579 0.8487654320987654
0 0.674908424908425 0.004629629629629629 0.020146520146520148 0.009259259259259259
0 0.6428571428571429 0.006172839506172839 0.02197802197802198 0.012345679012345678
0 0.6272893772893773 0.004629629629629629 0.005494505494505495 0.009259259259259259
0 0.5485347985347986 0.0015432098765432098 0.0018315018315018315 0.0030864197530864196
0 0.510989010989011 0.004629629629629629 0.02197802197802198 0.009259259259259259
0 0.5732600732600732 0.021604938271604937 0.32967032967032966 0.043209876543209874
