0 0.15271493212669685 0.9346153846153846 0.0022624434389140274 0.002564102564102564
0 0.11199095022624435 0.9179487179487179 0.024886877828054297 0.005128205128205128
0 0.1074660633484163 0.9038461538461539 0.011312217194570135 0.002564102564102564
0 0.04524886877828054 0.7128205128205128 0.09049773755656108 0.12307692307692308
0 0.07126696832579185 0.5128205128205128 0.006787330316742082 0.005128205128205128
0 0.02828054298642534 0.5192307692307693 0.05656108597285068 0.017948717948717947
0 0.06900452488687783 0.4641025641025641 0.011312217194570135 0.02564102564102564
0 0.026018099547511313 0.308974358974359 0.05203619909502263 0.04358974358974359
0 0.10180995475113122 0.11025641025641025 0.004524886877828055 0.005128205128205128
0 0.10520361990950226 0.09487179487179487 0.01583710407239819 0.015384615384615385
0 0.1583710407239819 0.06282051282051282 0.004524886877828055 0.002564102564102564
0 0.10407239819004525 0.05641025641025641 0.013574660633484163 0.020512820512820513
0 0.1334841628959276 0.035897435897435895 0.004524886877828055 0.005128205128205128
0 0.5384615384615384 0.5128205128205128 0.9230769230769231 0.9743589743589743
0 0.16063348416289594 0.02564102564102564 0.01809954751131222 0.03076923076923077
0 0.7873303167420814 0.007692307692307693 0.07239819004524888 0.015384615384615385
0 0.1414027149321267 0.00641025641025641 0.011312217194570135 0.01282051282051282
0 0.13009049773755657 0.001282051282051282 0.0022624434389140274 0.002564102564102564
0 0.10520361990950226 0.019230769230769232 0.033936651583710405 0.038461538461538464
0 0.019230769230769232 0.005128205128205128 0.033936651583710405 0.010256410256410256
