0 0.6890243902439024 0.9964285714285714 0.007317073170731708 0.007142857142857143
0 0.4036585365853659 0.9928571428571429 0.012195121951219513 0.014285714285714285
0 0.5 0.9857142857142858 0.024390243902439025 0.02857142857142857
0 0.7073170731707317 0.9696428571428571 0.024390243902439025 0.060714285714285714
0 0.6792682926829269 0.9446428571428571 0.007317073170731708 0.010714285714285714
0 0.5402439024390244 0.9696428571428571 0.026829268292682926 0.060714285714285714
0 0.6524390243902439 0.9678571428571429 0.02195121951219512 0.06428571428571428
0 0.4817073170731707 0.9660714285714286 0.05609756097560976 0.06785714285714285
0 0.42073170731707316 0.9642857142857143 0.036585365853658534 0.07142857142857142
0 0.9682926829268292 0.8821428571428571 0.014634146341463415 0.02857142857142857
0 0.07195121951219512 0.7035714285714286 0.007317073170731708 0.007142857142857143
0 0.05731707317073171 0.6821428571428572 0.02195121951219512 0.02142857142857143
0 0.9390243902439024 0.6089285714285714 0.00975609756097561 0.010714285714285714
0 0.947560975609756 0.525 0.0024390243902439024 0.007142857142857143
0 0.998780487804878 0.5071428571428571 0.0024390243902439024 0.007142857142857143
0 0.5 0.5125 1.0 0.975
0 0.6719512195121952 0.0017857142857142857 0.0024390243902439024 0.0035714285714285713
0 0.6390243902439025 0.005357142857142857 0.03902439024390244 0.010714285714285714
