0 0.564625850340136 0.9974293059125964 0.04081632653061224 0.005141388174807198
0 0.04081632653061224 0.9832904884318766 0.018140589569160998 0.007712082262210797
0 0.01473922902494331 0.9691516709511568 0.006802721088435374 0.005141388174807198
0 0.04081632653061224 0.9691516709511568 0.022675736961451247 0.010282776349614395
0 0.015873015873015872 0.9383033419023136 0.009070294784580499 0.005141388174807198
0 0.03854875283446712 0.9357326478149101 0.013605442176870748 0.005141388174807198
0 0.0782312925170068 0.8676092544987146 0.006802721088435374 0.007712082262210797
0 0.01473922902494331 0.8084832904884319 0.006802721088435374 0.007712082262210797
0 0.026077097505668934 0.7030848329048843 0.0022675736961451248 0.002570694087403599
0 0.003401360544217687 0.6863753213367609 0.006802721088435374 0.005141388174807198
0 0.030612244897959183 0.6838046272493573 0.024943310657596373 0.02570694087403599
0 0.05442176870748299 0.7210796915167095 0.10884353741496598 0.17223650385604114
0 0.8854875283446711 0.12467866323907455 0.0022675736961451248 0.002570694087403599
0 0.8798185941043084 0.10925449871465295 0.009070294784580499 0.017994858611825194
0 0.5 0.5 1.0 1.0
