0 0.792 0.9208754208754208 0.016 0.050505050505050504
0 0.829 0.8973063973063973 0.006 0.010101010101010102
0 0.781 0.8905723905723906 0.006 0.016835016835016835
0 0.898 0.9343434343434344 0.204 0.13131313131313133
0 0.674 0.867003367003367 0.02 0.010101010101010102
0 0.854 0.82996632996633 0.004 0.003367003367003367
0 0.839 0.82996632996633 0.006 0.003367003367003367
0 0.814 0.82996632996633 0.008 0.003367003367003367
0 0.779 0.8316498316498316 0.022 0.006734006734006734
0 0.663 0.8316498316498316 0.018 0.006734006734006734
0 0.511 0.8367003367003367 0.01 0.016835016835016835
0 0.831 0.8131313131313131 0.006 0.003367003367003367
0 0.655 0.8148148148148148 0.014 0.006734006734006734
0 0.51 0.8181818181818182 0.008 0.013468013468013467
0 0.51 0.797979797979798 0.004 0.006734006734006734
0 0.51 0.7794612794612794 0.008 0.016835016835016835
0 0.666 0.7390572390572391 0.008 0.003367003367003367
0 0.648 0.7390572390572391 0.012 0.010101010101010102
0 0.94 0.7306397306397306 0.004 0.006734006734006734
0 0.649 0.7188552188552189 0.006 0.010101010101010102
0 0.631 0.7188552188552189 0.01 0.010101010101010102
0 0.638 0.6616161616161617 0.02 0.003367003367003367
0 0.733 0.6599326599326599 0.03 0.006734006734006734
0 0.71 0.6582491582491582 0.004 0.003367003367003367
0 0.688 0.6616161616161617 0.02 0.010101010101010102
0 0.708 0.6414141414141414 0.02 0.010101010101010102
0 0.893 0.6178451178451179 0.006 0.003367003367003367
0 0.743 0.6212121212121212 0.026 0.010101010101010102
0 0.67 0.5808080808080808 0.004 0.010101010101010102
0 0.876 0.5791245791245792 0.02 0.013468013468013467
0 0.686 0.5723905723905723 0.036 0.04040404040404041
0 0.997 0.13636363636363635 0.006 0.003367003367003367
0 0.5 0.5538720538720538 1.0 0.8922558922558923
0 0.524 0.09259259259259259 0.02 0.010101010101010102
0 0.47 0.09090909090909091 0.032 0.006734006734006734
0 0.318 0.09090909090909091 0.008 0.006734006734006734
0 0.304 0.08922558922558922 0.004 0.003367003367003367
0 0.618 0.07575757575757576 0.008 0.010101010101010102
0 0.475 0.0723905723905724 0.038 0.016835016835016835
0 0.303 0.0707070707070707 0.022 0.013468013468013467
0 0.553 0.05723905723905724 0.022 0.04713804713804714
0 0.562 0.026936026936026935 0.008 0.006734006734006734
0 0.514 0.04713804713804714 0.012 0.06060606060606061
0 0.551 0.021885521885521887 0.01 0.016835016835016835
0 0.532 0.016835016835016835 0.008 0.006734006734006734
0 0.428 0.045454545454545456 0.02 0.06397306397306397
0 0.384 0.04377104377104377 0.032 0.06734006734006734
0 0.344 0.04208754208754209 0.028 0.06397306397306397
0 0.619 0.026936026936026935 0.006 0.05387205387205387
0 0.475 0.026936026936026935 0.038 0.05387205387205387
0 0.304 0.026936026936026935 0.02 0.05387205387205387
