0 0.6588235294117647 0.998165137614679 0.004705882352941176 0.003669724770642202
0 0.7941176470588235 0.9889908256880734 0.011764705882352941 0.022018348623853212
0 0.5294117647058824 0.9798165137614679 0.004705882352941176 0.003669724770642202
0 0.7611764705882353 0.9770642201834863 0.002352941176470588 0.001834862385321101
0 0.5964705882352941 0.9853211009174312 0.06823529411764706 0.01834862385321101
0 0.5505882352941176 0.9798165137614679 0.018823529411764704 0.007339449541284404
0 0.34823529411764703 0.9403669724770642 0.08941176470588236 0.005504587155963303
0 0.2447058823529412 0.9403669724770642 0.07058823529411765 0.005504587155963303
0 0.34823529411764703 0.9293577981651376 0.08 0.005504587155963303
0 0.2376470588235294 0.9293577981651376 0.08470588235294117 0.005504587155963303
0 0.12588235294117647 0.9302752293577982 0.08705882352941176 0.007339449541284404
0 0.37058823529411766 0.918348623853211 0.03058823529411765 0.005504587155963303
0 0.3176470588235294 0.918348623853211 0.01411764705882353 0.005504587155963303
0 0.12588235294117647 0.918348623853211 0.08235294117647059 0.005504587155963303
0 0.2388235294117647 0.9174311926605505 0.08235294117647059 0.007339449541284404
0 0.24352941176470588 0.9073394495412844 0.011764705882352941 0.001834862385321101
0 0.3729411764705882 0.9073394495412844 0.01647058823529412 0.005504587155963303
0 0.20823529411764705 0.9064220183486239 0.011764705882352941 0.003669724770642202
0 0.08588235294117647 0.9073394495412844 0.011764705882352941 0.005504587155963303
0 0.26235294117647057 0.9064220183486239 0.01647058823529412 0.007339449541284404
0 0.14352941176470588 0.9064220183486239 0.047058823529411764 0.007339449541284404
0 0.08823529411764706 0.8963302752293578 0.002352941176470588 0.001834862385321101
0 0.37529411764705883 0.8954128440366973 0.011764705882352941 0.003669724770642202
0 0.26588235294117646 0.8954128440366973 0.018823529411764704 0.003669724770642202
0 0.14705882352941177 0.8963302752293578 0.01647058823529412 0.005504587155963303
0 0.26705882352941174 0.8844036697247707 0.01647058823529412 0.003669724770642202
0 0.09058823529411765 0.8844036697247707 0.021176470588235293 0.003669724770642202
0 0.3788235294117647 0.8834862385321101 0.01411764705882353 0.005504587155963303
0 0.15058823529411763 0.8844036697247707 0.02823529411764706 0.007339449541284404
0 0.3764705882352941 0.8623853211009175 0.004705882352941176 0.003669724770642202
0 0.26941176470588235 0.8623853211009175 0.007058823529411765 0.003669724770642202
0 0.15058823529411763 0.8623853211009175 0.023529411764705882 0.003669724770642202
0 0.15294117647058825 0.8513761467889909 0.009411764705882352 0.003669724770642202
0 0.15294117647058825 0.8394495412844036 0.01411764705882353 0.005504587155963303
0 0.15294117647058825 0.818348623853211 0.009411764705882352 0.003669724770642202
0 0.38 0.808256880733945 0.002352941176470588 0.001834862385321101
0 0.42 0.791743119266055 0.002352941176470588 0.001834862385321101
0 0.15764705882352942 0.791743119266055 0.009411764705882352 0.001834862385321101
0 0.3870588235294118 0.791743119266055 0.01647058823529412 0.005504587155963303
0 0.2776470588235294 0.791743119266055 0.01411764705882353 0.005504587155963303
0 0.1623529411764706 0.7807339449541284 0.004705882352941176 0.001834862385321101
0 0.16588235294117648 0.7706422018348624 0.01647058823529412 0.003669724770642202
0 0.38588235294117645 0.6972477064220184 0.004705882352941176 0.003669724770642202
0 0.16941176470588235 0.6972477064220184 0.009411764705882352 0.003669724770642202
0 0.11058823529411765 0.6972477064220184 0.009411764705882352 0.003669724770642202
0 0.5223529411764706 0.6761467889908257 0.009411764705882352 0.001834862385321101
0 0.5035294117647059 0.6752293577981652 0.018823529411764704 0.003669724770642202
0 0.17411764705882352 0.6743119266055045 0.009411764705882352 0.005504587155963303
0 0.17647058823529413 0.6431192660550459 0.01411764705882353 0.005504587155963303
0 0.16 0.6422018348623854 0.009411764705882352 0.003669724770642202
0 0.17882352941176471 0.6330275229357798 0.009411764705882352 0.003669724770642202
0 0.24823529411764705 0.6321100917431193 0.03058823529411765 0.005504587155963303
0 0.9988235294117647 0.6036697247706422 0.002352941176470588 0.007339449541284404
0 0.98 0.5724770642201835 0.011764705882352941 0.003669724770642202
0 0.991764705882353 0.44036697247706424 0.01647058823529412 0.044036697247706424
0 0.98 0.3302752293577982 0.04 0.007339449541284404
0 0.9764705882352941 0.25229357798165136 0.047058823529411764 0.01651376146788991
0 0.9670588235294117 0.12568807339449542 0.018823529411764704 0.005504587155963303
0 0.5 0.5256880733944954 1.0 0.8568807339449541
0 0.788235294117647 0.09724770642201835 0.004705882352941176 0.003669724770642202
0 0.6094117647058823 0.0798165137614679 0.4 0.031192660550458717
0 0.12352941176470589 0.014678899082568808 0.021176470588235293 0.007339449541284404
0 0.9588235294117647 0.008256880733944955 0.04941176470588235 0.01651376146788991
0 0.15411764705882353 0.023853211009174313 0.07764705882352942 0.047706422018348627
