0 0.9390756302521008 0.8147138964577657 0.008403361344537815 0.03814713896457766
0 0.9380252100840336 0.776566757493188 0.0063025210084033615 0.010899182561307902
0 0.9390756302521008 0.7520435967302452 0.012605042016806723 0.01634877384196185
0 0.8529411764705882 0.6444141689373297 0.012605042016806723 0.008174386920980926
0 0.8340336134453782 0.6416893732970027 0.012605042016806723 0.008174386920980926
0 0.7647058823529411 0.6389645776566758 0.008403361344537815 0.008174386920980926
0 0.7300420168067226 0.6348773841961853 0.01050420168067227 0.010899182561307902
0 0.7142857142857143 0.6348773841961853 0.01680672268907563 0.010899182561307902
0 0.5672268907563025 0.5517711171662125 0.012605042016806723 0.035422343324250684
0 0.5472689075630253 0.5517711171662125 0.014705882352941176 0.035422343324250684
0 0.7930672268907563 0.5667574931880109 0.18277310924369747 0.2016348773841962
0 0.9747899159663865 0.555858310626703 0.05042016806722689 0.7465940054495913
0 0.9852941176470589 0.167574931880109 0.029411764705882353 0.02452316076294278
0 0.9852941176470589 0.13760217983651227 0.029411764705882353 0.01907356948228883
0 0.4800420168067227 0.510899182561308 0.9600840336134454 0.8692098092643051
0 0.9852941176470589 0.09400544959128065 0.029411764705882353 0.05722070844686648
0 0.5063025210084033 0.05040871934604905 0.01680672268907563 0.01907356948228883
0 0.4947478991596639 0.031335149863760216 0.0063025210084033615 0.008174386920980926
0 0.3739495798319328 0.027247956403269755 0.02100840336134454 0.04904632152588556
0 0.5031512605042017 0.0027247956403269754 0.0021008403361344537 0.005449591280653951
0 0.47058823529411764 0.02997275204359673 0.037815126050420166 0.05994550408719346
0 0.33508403361344535 0.02452316076294278 0.03991596638655462 0.04904632152588556
0 0.29096638655462187 0.02452316076294278 0.031512605042016806 0.04904632152588556
