0 0.7988235294117647 0.9981617647058824 0.007058823529411765 0.003676470588235294
0 0.7788235294117647 0.9889705882352942 0.009411764705882352 0.007352941176470588
0 0.7505882352941177 0.9926470588235294 0.01411764705882353 0.014705882352941176
0 0.8482352941176471 0.9917279411764706 0.002352941176470588 0.016544117647058824
0 0.6447058823529411 0.9917279411764706 0.02823529411764706 0.016544117647058824
0 0.8835294117647059 0.9898897058823529 0.01647058823529412 0.02022058823529412
0 0.5964705882352941 0.9898897058823529 0.011764705882352941 0.02022058823529412
0 0.4811764705882353 0.9898897058823529 0.02588235294117647 0.02022058823529412
0 0.7011764705882353 0.9889705882352942 0.05176470588235294 0.022058823529411766
0 0.5329411764705883 0.9880514705882353 0.03058823529411765 0.02389705882352941
0 0.8494117647058823 0.9724264705882353 0.018823529411764704 0.003676470588235294
0 0.6364705882352941 0.9705882352941176 0.17647058823529413 0.007352941176470588
0 0.4858823529411765 0.9678308823529411 0.03058823529411765 0.0055147058823529415
0 0.991764705882353 0.9522058823529411 0.01647058823529412 0.003676470588235294
0 0.0988235294117647 0.9181985294117647 0.004705882352941176 0.001838235294117647
0 0.04588235294117647 0.9172794117647058 0.09176470588235294 0.007352941176470588
0 0.0611764705882353 0.9053308823529411 0.1223529411764706 0.009191176470588236
0 0.05058823529411765 0.8943014705882353 0.1011764705882353 0.009191176470588236
0 0.09058823529411765 0.8832720588235294 0.007058823529411765 0.001838235294117647
0 0.07058823529411765 0.8713235294117647 0.004705882352941176 0.003676470588235294
0 0.041176470588235294 0.8713235294117647 0.08235294117647059 0.03308823529411765
0 0.6411764705882353 0.8556985294117647 0.01647058823529412 0.0055147058823529415
0 0.6529411764705882 0.8455882352941176 0.007058823529411765 0.003676470588235294
0 0.042352941176470586 0.8474264705882353 0.023529411764705882 0.007352941176470588
0 0.7129411764705882 0.8474264705882353 0.047058823529411764 0.029411764705882353
0 0.5823529411764706 0.8345588235294118 0.011764705882352941 0.003676470588235294
0 0.041176470588235294 0.8373161764705882 0.01647058823529412 0.009191176470588236
0 0.5694117647058824 0.8327205882352942 0.009411764705882352 0.003676470588235294
0 0.5458823529411765 0.8318014705882353 0.009411764705882352 0.0055147058823529415
0 0.7035294117647058 0.8318014705882353 0.018823529411764704 0.016544117647058824
0 0.04352941176470588 0.8253676470588235 0.01647058823529412 0.007352941176470588
0 0.4235294117647059 0.8207720588235294 0.004705882352941176 0.001838235294117647
0 0.5729411764705883 0.796875 0.007058823529411765 0.001838235294117647
0 0.49058823529411766 0.7931985294117647 0.002352941176470588 0.001838235294117647
0 0.7282352941176471 0.7941176470588235 0.021176470588235293 0.011029411764705883
0 0.6376470588235295 0.796875 0.018823529411764704 0.016544117647058824
0 0.04588235294117647 0.8033088235294118 0.02588235294117647 0.029411764705882353
0 0.04352941176470588 0.7738970588235294 0.011764705882352941 0.007352941176470588
0 0.4976470588235294 0.7693014705882353 0.002352941176470588 0.001838235294117647
0 0.7352941176470589 0.7711397058823529 0.01647058823529412 0.009191176470588236
0 0.5352941176470588 0.7702205882352942 0.01647058823529412 0.011029411764705883
0 0.691764705882353 0.7711397058823529 0.018823529411764704 0.016544117647058824
0 0.04470588235294118 0.7527573529411765 0.009411764705882352 0.009191176470588236
0 0.7341176470588235 0.7509191176470589 0.018823529411764704 0.009191176470588236
0 0.5423529411764706 0.7481617647058824 0.01647058823529412 0.003676470588235294
0 0.6964705882352941 0.75 0.018823529411764704 0.014705882352941176
0 0.74 0.7334558823529411 0.01647058823529412 0.007352941176470588
0 0.7717647058823529 0.7334558823529411 0.023529411764705882 0.011029411764705883
0 0.6705882352941176 0.7316176470588235 0.01411764705882353 0.007352941176470588
0 0.04 0.7316176470588235 0.02823529411764706 0.007352941176470588
0 0.6317647058823529 0.7297794117647058 0.05411764705882353 0.011029411764705883
0 0.7023529411764706 0.7297794117647058 0.021176470588235293 0.014705882352941176
0 0.5505882352941176 0.7288602941176471 0.023529411764705882 0.012867647058823529
0 0.04470588235294118 0.7132352941176471 0.009411764705882352 0.007352941176470588
0 0.42823529411764705 0.8235294117647058 0.5364705882352941 0.23161764705882354
0 0.6576470588235294 0.7095588235294118 0.12 0.01838235294117647
0 0.5211764705882352 0.6985294117647058 0.011764705882352941 0.007352941176470588
0 0.6176470588235294 0.6893382352941176 0.04 0.007352941176470588
0 0.7858823529411765 0.6893382352941176 0.03764705882352941 0.011029411764705883
0 0.3235294117647059 0.6957720588235294 0.33176470588235296 0.02389705882352941
0 0.04588235294117647 0.6902573529411765 0.01647058823529412 0.012867647058823529
0 0.6858823529411765 0.6875 0.08235294117647059 0.01838235294117647
0 0.5588235294117647 0.6930147058823529 0.04 0.04044117647058824
0 0.5305882352941177 0.6773897058823529 0.01647058823529412 0.009191176470588236
0 0.82 0.6700367647058824 0.002352941176470588 0.001838235294117647
0 0.3305882352941176 0.6737132352941176 0.35058823529411764 0.02389705882352941
0 0.8223529411764706 0.6608455882352942 0.002352941176470588 0.001838235294117647
0 0.7929411764705883 0.6617647058823529 0.03294117647058824 0.007352941176470588
0 0.5376470588235294 0.6571691176470589 0.011764705882352941 0.009191176470588236
0 0.5764705882352941 0.6580882352941176 0.02823529411764706 0.014705882352941176
0 0.5835294117647059 0.6351102941176471 0.03294117647058824 0.02022058823529412
0 0.09529411764705882 0.4742647058823529 0.007058823529411765 0.007352941176470588
0 0.05058823529411765 0.4264705882352941 0.1011764705882353 0.15441176470588236
0 0.6223529411764706 0.34558823529411764 0.002352941176470588 0.003676470588235294
0 0.1635294117647059 0.27941176470588236 0.011764705882352941 0.007352941176470588
0 0.16117647058823528 0.2647058823529412 0.007058823529411765 0.014705882352941176
0 0.9447058823529412 0.2270220588235294 0.007058823529411765 0.012867647058823529
0 0.03058823529411765 0.11488970588235294 0.0611764705882353 0.07904411764705882
0 0.5 0.47794117647058826 1.0 0.9558823529411765
0 0.2741176470588235 0.009191176470588236 0.08705882352941176 0.01838235294117647
