0 0.03987730061349693 0.984375 0.07975460122699386 0.03125
0 0.745398773006135 0.9050480769230769 0.07975460122699386 0.055288461538461536
0 0.5368098159509203 0.9314903846153846 0.8895705521472392 0.13701923076923078
0 0.8297546012269938 0.8930288461538461 0.06441717791411043 0.07932692307692307
0 0.1196319018404908 0.84375 0.012269938650306749 0.004807692307692308
0 0.15337423312883436 0.8413461538461539 0.024539877300613498 0.009615384615384616
0 0.04294478527607362 0.8377403846153846 0.08588957055214724 0.055288461538461536
0 0.5920245398773006 0.8137019230769231 0.7791411042944786 0.06490384615384616
0 0.5414110429447853 0.7740384615384616 0.003067484662576687 0.004807692307692308
0 0.5414110429447853 0.7608173076923077 0.009202453987730062 0.01201923076923077
0 0.5398773006134969 0.7307692307692307 0.006134969325153374 0.03365384615384615
0 0.5398773006134969 0.7067307692307693 0.012269938650306749 0.009615384615384616
0 0.5398773006134969 0.6899038461538461 0.012269938650306749 0.019230769230769232
0 0.27300613496932513 0.6514423076923077 0.15950920245398773 0.04326923076923077
0 0.2223926380368098 0.6237980769230769 0.02147239263803681 0.016826923076923076
0 0.2684049079754601 0.6177884615384616 0.009202453987730062 0.009615384615384616
0 0.5398773006134969 0.609375 0.024539877300613498 0.0889423076923077
0 0.45245398773006135 0.5805288461538461 0.02147239263803681 0.040865384615384616
0 0.4493865030674847 0.5516826923076923 0.003067484662576687 0.002403846153846154
0 0.9585889570552147 0.5853365384615384 0.046012269938650305 0.07451923076923077
0 0.06134969325153374 0.6310096153846154 0.1165644171779141 0.22355769230769232
0 0.4386503067484663 0.5228365384615384 0.024539877300613498 0.021634615384615384
0 0.4677914110429448 0.5108173076923077 0.027607361963190184 0.016826923076923076
0 0.4401840490797546 0.49759615384615385 0.009202453987730062 0.004807692307692308
0 0.9723926380368099 0.4519230769230769 0.006134969325153374 0.004807692307692308
0 0.14263803680981596 0.44711538461538464 0.015337423312883436 0.004807692307692308
0 0.75920245398773 0.4362980769230769 0.0705521472392638 0.007211538461538462
0 0.9723926380368099 0.43149038461538464 0.018404907975460124 0.01201923076923077
0 0.1411042944785276 0.4206730769230769 0.024539877300613498 0.004807692307692308
0 0.15644171779141106 0.3954326923076923 0.06748466257668712 0.01201923076923077
0 0.9003067484662577 0.3858173076923077 0.06441717791411043 0.007211538461538462
0 0.75 0.3293269230769231 0.1196319018404908 0.09134615384615384
0 0.6947852760736196 0.2824519230769231 0.003067484662576687 0.002403846153846154
0 0.8021472392638037 0.28125 0.0705521472392638 0.009615384615384616
0 0.3282208588957055 0.2548076923076923 0.006134969325153374 0.009615384615384616
0 0.49233128834355827 0.31850961538461536 0.29141104294478526 0.15144230769230768
0 0.6165644171779141 0.2536057692307692 0.06134969325153374 0.05048076923076923
0 0.3558282208588957 0.24278846153846154 0.018404907975460124 0.028846153846153848
0 0.8006134969325154 0.21875 0.03680981595092025 0.019230769230769232
0 0.5291411042944786 0.21394230769230768 0.015337423312883436 0.014423076923076924
0 0.5 0.21033653846153846 0.012269938650306749 0.01201923076923077
0 0.901840490797546 0.31009615384615385 0.1656441717791411 0.22115384615384615
0 0.9156441717791411 0.1971153846153846 0.03374233128834356 0.019230769230769232
0 0.9539877300613497 0.17067307692307693 0.006134969325153374 0.004807692307692308
0 0.9263803680981595 0.1466346153846154 0.024539877300613498 0.02403846153846154
0 0.8542944785276073 0.13822115384615385 0.009202453987730062 0.007211538461538462
0 0.8512269938650306 0.12860576923076922 0.009202453987730062 0.007211538461538462
0 0.8987730061349694 0.12740384615384615 0.018404907975460124 0.009615384615384616
0 0.8496932515337423 0.11899038461538461 0.006134969325153374 0.002403846153846154
0 0.8926380368098159 0.10576923076923077 0.006134969325153374 0.004807692307692308
0 0.843558282208589 0.09735576923076923 0.006134969325153374 0.002403846153846154
0 0.906441717791411 0.09615384615384616 0.015337423312883436 0.004807692307692308
0 0.15950920245398773 0.06490384615384616 0.024539877300613498 0.004807692307692308
0 0.20705521472392638 0.21995192307692307 0.18711656441717792 0.31971153846153844
0 0.31901840490797545 0.028846153846153848 0.012269938650306749 0.004807692307692308
0 0.1901840490797546 0.03245192307692308 0.147239263803681 0.01201923076923077
0 0.9447852760736196 0.019230769230769232 0.06748466257668712 0.019230769230769232
