0 0.6877256317689531 0.9908536585365854 0.021660649819494584 0.018292682926829267
0 0.7166064981949458 0.9801829268292683 0.0036101083032490976 0.039634146341463415
0 0.6877256317689531 0.9634146341463414 0.007220216606498195 0.012195121951219513
0 0.48104693140794225 0.9771341463414634 0.030685920577617327 0.04573170731707317
0 0.5613718411552346 0.975609756097561 0.021660649819494584 0.04878048780487805
0 0.5207581227436823 0.975609756097561 0.030685920577617327 0.04878048780487805
0 0.6750902527075813 0.9573170731707317 0.010830324909747292 0.018292682926829267
0 0.6462093862815884 0.9710365853658537 0.021660649819494584 0.057926829268292686
0 0.43862815884476536 0.9573170731707317 0.018050541516245487 0.036585365853658534
0 0.6588447653429603 0.9435975609756098 0.018050541516245487 0.01524390243902439
0 0.5306859205776173 0.926829268292683 0.007220216606498195 0.006097560975609756
0 0.516245487364621 0.926829268292683 0.007220216606498195 0.006097560975609756
0 0.5045126353790613 0.926829268292683 0.005415162454873646 0.006097560975609756
0 0.5848375451263538 0.9588414634146342 0.07581227436823104 0.08231707317073171
0 0.7418772563176895 0.9573170731707317 0.01444043321299639 0.08536585365853659
0 0.7175090252707581 0.9359756097560976 0.005415162454873646 0.042682926829268296
0 0.00631768953068592 0.8521341463414634 0.01263537906137184 0.08841463414634146
0 0.0009025270758122744 0.5960365853658537 0.0018050541516245488 0.003048780487804878
0 0.0018050541516245488 0.5762195121951219 0.0036101083032490976 0.006097560975609756
0 0.004512635379061372 0.46646341463414637 0.009025270758122744 0.20121951219512196
0 0.0009025270758122744 0.3567073170731707 0.0018050541516245488 0.006097560975609756
0 0.0036101083032490976 0.34146341463414637 0.007220216606498195 0.012195121951219513
0 0.0018050541516245488 0.3201219512195122 0.0036101083032490976 0.006097560975609756
0 0.0036101083032490976 0.30640243902439024 0.007220216606498195 0.009146341463414634
0 0.002707581227436823 0.29115853658536583 0.005415162454873646 0.009146341463414634
0 0.002707581227436823 0.2774390243902439 0.005415162454873646 0.006097560975609756
0 0.0036101083032490976 0.2606707317073171 0.007220216606498195 0.009146341463414634
0 0.0036101083032490976 0.2423780487804878 0.007220216606498195 0.01524390243902439
0 0.0018050541516245488 0.22408536585365854 0.0036101083032490976 0.003048780487804878
0 0.00631768953068592 0.2073170731707317 0.01263537906137184 0.012195121951219513
0 0.005415162454873646 0.17378048780487804 0.010830324909747292 0.012195121951219513
0 0.007220216606498195 0.1402439024390244 0.01444043321299639 0.018292682926829267
0 0.00631768953068592 0.1173780487804878 0.01263537906137184 0.021341463414634148
0 0.01444043321299639 0.10213414634146341 0.0036101083032490976 0.003048780487804878
0 0.5018050541516246 0.48628048780487804 0.927797833935018 0.8201219512195121
0 0.6371841155234657 0.038109756097560975 0.021660649819494584 0.027439024390243903
0 0.6606498194945848 0.025914634146341462 0.036101083032490974 0.051829268292682924
0 0.6245487364620939 0.024390243902439025 0.01444043321299639 0.04878048780487805
0 0.5433212996389891 0.021341463414634148 0.010830324909747292 0.042682926829268296
0 0.5036101083032491 0.022865853658536585 0.04332129963898917 0.04573170731707317
0 0.4611913357400722 0.022865853658536585 0.030685920577617327 0.04573170731707317
0 0.5676895306859205 0.039634146341463415 0.3267148014440433 0.07926829268292683
