0 0.6810344827586207 0.9367977528089888 0.004310344827586207 0.0028089887640449437
0 0.8125 0.9283707865168539 0.017241379310344827 0.014044943820224719
0 0.759698275862069 0.9185393258426966 0.07112068965517242 0.0449438202247191
0 0.9256465517241379 0.8946629213483146 0.0625 0.06460674157303371
0 0.8092672413793104 0.6053370786516854 0.0021551724137931034 0.0028089887640449437
0 0.78125 0.6053370786516854 0.036637931034482756 0.014044943820224719
0 0.8168103448275862 0.5814606741573034 0.004310344827586207 0.0056179775280898875
0 0.5657327586206896 0.5660112359550562 0.0021551724137931034 0.0028089887640449437
0 0.8114224137931034 0.5533707865168539 0.17025862068965517 0.15168539325842698
0 0.9838362068965517 0.5603932584269663 0.032327586206896554 0.7387640449438202
0 0.9978448275862069 0.08707865168539326 0.004310344827586207 0.011235955056179775
0 0.4859913793103448 0.5210674157303371 0.9719827586206896 0.8792134831460674
0 0.34375 0.04073033707865169 0.0021551724137931034 0.0028089887640449437
0 0.3114224137931034 0.042134831460674156 0.010775862068965518 0.011235955056179775
0 0.4859913793103448 0.037921348314606744 0.010775862068965518 0.025280898876404494
0 0.3954741379310345 0.025280898876404494 0.010775862068965518 0.02247191011235955
0 0.34375 0.016853932584269662 0.0021551724137931034 0.0056179775280898875
