0 0.4910233393177738 0.9708835341365462 0.9820466786355476 0.05823293172690763
0 0.49012567324955114 0.9196787148594378 0.27289048473967686 0.09236947791164658
0 0.9703770197486535 0.6546184738955824 0.008976660682226212 0.004016064257028112
0 0.9425493716337523 0.6526104417670683 0.02872531418312388 0.012048192771084338
0 0.9326750448833034 0.6385542168674698 0.008976660682226212 0.004016064257028112
0 0.9596050269299821 0.4748995983935743 0.0017953321364452424 0.002008032128514056
0 0.9605026929982047 0.4467871485943775 0.003590664272890485 0.002008032128514056
0 0.9856373429084381 0.4367469879518072 0.003590664272890485 0.002008032128514056
0 0.9874326750448833 0.4267068273092369 0.01436265709156194 0.006024096385542169
0 0.9856373429084381 0.40763052208835343 0.017953321364452424 0.008032128514056224
0 0.003590664272890485 0.286144578313253 0.00718132854578097 0.006024096385542169
0 0.973967684021544 0.24096385542168675 0.005385996409335727 0.004016064257028112
0 0.973967684021544 0.2319277108433735 0.012567324955116697 0.006024096385542169
0 0.9721723518850988 0.21184738955823293 0.005385996409335727 0.002008032128514056
0 0.5 0.44377510040160645 1.0 0.8473895582329317
0 0.573608617594255 0.018072289156626505 0.008976660682226212 0.008032128514056224
0 0.5574506283662477 0.014056224899598393 0.0017953321364452424 0.008032128514056224
0 0.5816876122082585 0.01104417670682731 0.0466786355475763 0.02208835341365462
0 0.48922800718132853 0.006024096385542169 0.008976660682226212 0.012048192771084338
0 0.45601436265709155 0.007028112449799197 0.03231597845601436 0.014056224899598393
0 0.42190305206463197 0.006024096385542169 0.00718132854578097 0.012048192771084338
