0 0.5968280467445742 0.9991379310344828 0.001669449081803005 0.0017241379310344827
0 0.4974958263772955 0.9974137931034482 0.00667779632721202 0.005172413793103448
0 0.46243739565943237 0.9974137931034482 0.02671118530884808 0.005172413793103448
0 0.5634390651085142 0.996551724137931 0.008347245409015025 0.006896551724137931
0 0.4290484140233723 0.996551724137931 0.01001669449081803 0.006896551724137931
0 0.5792988313856428 0.9956896551724138 0.01001669449081803 0.008620689655172414
0 0.03589315525876461 0.846551724137931 0.008347245409015025 0.0034482758620689655
0 0.041736227045075125 0.8267241379310345 0.00333889816360601 0.0017241379310344827
0 0.04424040066777963 0.7991379310344827 0.005008347245409015 0.0017241379310344827
0 0.993322203672788 0.3870689655172414 0.01335559265442404 0.005172413793103448
0 0.035058430717863104 0.3793103448275862 0.01335559265442404 0.0034482758620689655
0 0.04006677796327212 0.36637931034482757 0.00333889816360601 0.0017241379310344827
0 0.9974958263772955 0.33793103448275863 0.005008347245409015 0.0034482758620689655
0 0.5 0.5043103448275862 1.0 0.9051724137931034
0 0.6235392320534223 0.05172413793103448 0.005008347245409015 0.006896551724137931
0 0.5692821368948247 0.04224137931034483 0.01335559265442404 0.005172413793103448
0 0.5909849749582637 0.03706896551724138 0.00667779632721202 0.008620689655172414
0 0.5767946577629383 0.03189655172413793 0.005008347245409015 0.005172413793103448
0 0.5601001669449082 0.005172413793103448 0.005008347245409015 0.006896551724137931
0 0.6452420701168614 0.027586206896551724 0.008347245409015025 0.05517241379310345
0 0.48914858096828046 0.017241379310344827 0.01335559265442404 0.034482758620689655
0 0.4532554257095159 0.017241379310344827 0.025041736227045076 0.034482758620689655
0 0.41903171953255425 0.016379310344827588 0.01335559265442404 0.032758620689655175
0 0.46243739565943237 0.026724137931034484 0.1636060100166945 0.05344827586206897
