0 0.9465346534653465 0.995 0.039603960396039604 0.01
0 0.500990099009901 0.9933333333333333 0.015841584158415842 0.013333333333333334
0 0.6455445544554456 0.9833333333333333 0.019801980198019802 0.03333333333333333
0 0.6514851485148515 0.96 0.0039603960396039604 0.006666666666666667
0 0.5297029702970297 0.9783333333333334 0.01782178217821782 0.043333333333333335
0 0.4861386138613861 0.9783333333333334 0.041584158415841586 0.043333333333333335
0 0.44455445544554456 0.9783333333333334 0.02574257425742574 0.043333333333333335
0 0.6108910891089109 0.975 0.01782178217821782 0.05
0 0.6257425742574257 0.9516666666666667 0.011881188118811881 0.01
0 0.49207920792079207 0.96 0.20396039603960395 0.08
0 0.696039603960396 0.9566666666666667 0.041584158415841586 0.08666666666666667
0 0.006930693069306931 0.845 0.013861386138613862 0.03666666666666667
0 0.006930693069306931 0.8083333333333333 0.013861386138613862 0.016666666666666666
0 0.007920792079207921 0.775 0.015841584158415842 0.016666666666666666
0 0.006930693069306931 0.745 0.013861386138613862 0.016666666666666666
0 0.005940594059405941 0.71 0.011881188118811881 0.013333333333333334
0 0.005940594059405941 0.6766666666666666 0.011881188118811881 0.013333333333333334
0 0.007920792079207921 0.57 0.015841584158415842 0.17333333333333334
0 0.0029702970297029703 0.4683333333333333 0.005940594059405941 0.01
0 0.09603960396039604 0.43166666666666664 0.01782178217821782 0.016666666666666666
0 0.055445544554455446 0.43 0.047524752475247525 0.02666666666666667
0 0.17623762376237623 0.3983333333333333 0.039603960396039604 0.016666666666666666
0 0.0801980198019802 0.40166666666666667 0.09702970297029703 0.023333333333333334
0 0.2089108910891089 0.37166666666666665 0.0297029702970297 0.01
0 0.100990099009901 0.37666666666666665 0.13861386138613863 0.02
0 0.24158415841584158 0.36833333333333335 0.027722772277227723 0.01
0 0.29306930693069305 0.335 0.007920792079207921 0.0033333333333333335
0 0.2811881188118812 0.33666666666666667 0.0039603960396039604 0.006666666666666667
0 0.0019801980198019802 0.31333333333333335 0.0039603960396039604 0.006666666666666667
0 0.0029702970297029703 0.2733333333333333 0.005940594059405941 0.006666666666666667
0 0.00891089108910891 0.23666666666666666 0.01782178217821782 0.013333333333333334
0 0.009900990099009901 0.15666666666666668 0.019801980198019802 0.12
0 0.5138613861386139 0.4666666666666667 0.9722772277227723 0.8666666666666667
0 0.6039603960396039 0.02 0.0039603960396039604 0.006666666666666667
0 0.6128712871287129 0.02 0.005940594059405941 0.013333333333333334
0 0.6465346534653466 0.013333333333333334 0.01782178217821782 0.02666666666666667
0 0.6267326732673267 0.013333333333333334 0.01782178217821782 0.02666666666666667
0 0.5227722772277228 0.01 0.007920792079207921 0.02
0 0.499009900990099 0.011666666666666667 0.007920792079207921 0.023333333333333334
0 0.47029702970297027 0.013333333333333334 0.009900990099009901 0.02666666666666667
0 0.4415841584158416 0.013333333333333334 0.027722772277227723 0.02666666666666667
