0 0.6134969325153374 0.996551724137931 0.00408997955010225 0.006896551724137931
0 0.6339468302658486 0.9948275862068966 0.012269938650306749 0.010344827586206896
0 0.5010224948875256 0.9793103448275862 0.20040899795501022 0.041379310344827586
0 0.7044989775051125 0.9775862068965517 0.03885480572597137 0.04482758620689655
0 0.00408997955010225 0.906896551724138 0.0081799591002045 0.020689655172413793
0 0.012269938650306749 0.8620689655172413 0.024539877300613498 0.04827586206896552
0 0.011247443762781187 0.8051724137931034 0.022494887525562373 0.03103448275862069
0 0.010224948875255624 0.7775862068965518 0.02044989775051125 0.017241379310344827
0 0.0081799591002045 0.7396551724137931 0.016359918200409 0.017241379310344827
0 0.00408997955010225 0.6982758620689655 0.0081799591002045 0.010344827586206896
0 0.011247443762781187 0.5741379310344827 0.022494887525562373 0.1413793103448276
0 0.003067484662576687 0.4879310344827586 0.006134969325153374 0.010344827586206896
0 0.17995910020449898 0.453448275862069 0.049079754601226995 0.017241379310344827
0 0.2934560327198364 0.44655172413793104 0.006134969325153374 0.010344827586206896
0 0.07770961145194274 0.453448275862069 0.065439672801636 0.02413793103448276
0 0.21574642126789367 0.4206896551724138 0.04294478527607362 0.013793103448275862
0 0.08793456032719836 0.4224137931034483 0.08588957055214724 0.017241379310344827
0 0.30879345603271985 0.4189655172413793 0.065439672801636 0.017241379310344827
0 0.09918200408997956 0.39827586206896554 0.10429447852760736 0.010344827586206896
0 0.25255623721881393 0.39482758620689656 0.026584867075664622 0.010344827586206896
0 0.31390593047034765 0.3931034482758621 0.04294478527607362 0.013793103448275862
0 0.2995910020449898 0.36379310344827587 0.022494887525562373 0.010344827586206896
0 0.1278118609406953 0.36551724137931035 0.1656441717791411 0.027586206896551724
0 0.015337423312883436 0.1793103448275862 0.03067484662576687 0.10344827586206896
0 0.5204498977505112 0.5017241379310344 0.9591002044989775 0.8724137931034482
0 0.6349693251533742 0.04655172413793104 0.002044989775051125 0.0034482758620689655
0 0.6186094069529653 0.04310344827586207 0.014314928425357873 0.010344827586206896
0 0.6584867075664622 0.034482758620689655 0.016359918200409 0.034482758620689655
0 0.6124744376278118 0.015517241379310345 0.002044989775051125 0.0034482758620689655
0 0.6298568507157464 0.02586206896551724 0.028629856850715747 0.03103448275862069
0 0.532719836400818 0.020689655172413793 0.010224948875255624 0.041379310344827586
0 0.4948875255623722 0.022413793103448276 0.03680981595092025 0.04482758620689655
0 0.4539877300613497 0.02413793103448276 0.028629856850715747 0.04827586206896552
