0 0.4640776699029126 0.9918032786885246 0.03495145631067961 0.01639344262295082
0 0.37087378640776697 0.9901639344262295 0.02330097087378641 0.019672131147540985
0 0.3271844660194175 0.9885245901639345 0.03300970873786408 0.022950819672131147
0 0.2854368932038835 0.9852459016393442 0.02330097087378641 0.029508196721311476
0 0.5466019417475728 0.9819672131147541 0.040776699029126215 0.036065573770491806
0 0.33495145631067963 0.9672131147540983 0.20776699029126214 0.06557377049180328
0 0.4223300970873786 0.9 0.001941747572815534 0.003278688524590164
0 0.3194174757281553 0.8426229508196721 0.005825242718446602 0.006557377049180328
0 0.35145631067961164 0.7967213114754098 0.007766990291262136 0.006557377049180328
0 0.3553398058252427 0.8147540983606557 0.05436893203883495 0.09508196721311475
0 0.3825242718446602 0.7704918032786885 0.007766990291262136 0.013114754098360656
0 0.3844660194174757 0.7508196721311475 0.011650485436893204 0.013114754098360656
0 0.3 0.7819672131147541 0.06407766990291262 0.07540983606557378
0 0.529126213592233 0.7213114754098361 0.005825242718446602 0.006557377049180328
0 0.503883495145631 0.6934426229508197 0.02524271844660194 0.022950819672131147
0 0.3339805825242718 0.6836065573770492 0.08155339805825243 0.07540983606557378
0 0.4242718446601942 0.6639344262295082 0.04466019417475728 0.09508196721311475
0 0.3844660194174757 0.6229508196721312 0.03495145631067961 0.03278688524590164
0 0.9796116504854369 0.6278688524590164 0.040776699029126215 0.5540983606557377
0 0.9893203883495145 0.32786885245901637 0.021359223300970873 0.013114754098360656
0 0.9893203883495145 0.2983606557377049 0.021359223300970873 0.013114754098360656
0 0.9893203883495145 0.27377049180327867 0.021359223300970873 0.022950819672131147
0 0.9893203883495145 0.23114754098360657 0.021359223300970873 0.01639344262295082
0 0.9883495145631068 0.19836065573770492 0.02330097087378641 0.01639344262295082
0 0.9893203883495145 0.16557377049180327 0.021359223300970873 0.01639344262295082
0 0.996116504854369 0.14590163934426228 0.007766990291262136 0.003278688524590164
0 0.9883495145631068 0.10327868852459017 0.02330097087378641 0.06885245901639345
0 0.516504854368932 0.040983606557377046 0.019417475728155338 0.01639344262295082
0 0.5029126213592233 0.021311475409836064 0.003883495145631068 0.003278688524590164
0 0.5233009708737864 0.014754098360655738 0.001941747572815534 0.003278688524590164
0 0.487378640776699 0.01639344262295082 0.003883495145631068 0.006557377049180328
0 0.4854368932038835 0.004918032786885246 0.007766990291262136 0.009836065573770493
0 0.47766990291262135 0.022950819672131147 0.031067961165048542 0.04590163934426229
0 0.38737864077669903 0.014754098360655738 0.009708737864077669 0.029508196721311476
0 0.3339805825242718 0.013114754098360656 0.011650485436893204 0.02622950819672131
0 0.30776699029126214 0.011475409836065573 0.009708737864077669 0.022950819672131147
0 0.47766990291262135 0.46885245901639344 0.9553398058252427 0.9377049180327869
