0 0.4077306733167082 0.9835164835164835 0.26683291770573564 0.03296703296703297
0 0.6496259351620948 0.10805860805860806 0.0024937655860349127 0.003663003663003663
0 0.6159600997506235 0.07142857142857142 0.004987531172069825 0.003663003663003663
0 0.600997506234414 0.08791208791208792 0.059850374064837904 0.04395604395604396
0 0.6408977556109726 0.07142857142857142 0.0199501246882793 0.02564102564102564
0 0.6259351620947631 0.04395604395604396 0.014962593516209476 0.014652014652014652
0 0.47506234413965087 0.05311355311355311 0.02743142144638404 0.07692307692307693
0 0.5798004987531172 0.03296703296703297 0.012468827930174564 0.04395604395604396
0 0.42019950124688277 0.05128205128205128 0.057356608478802994 0.08058608058608059
0 0.36034912718204487 0.047619047619047616 0.04239401496259352 0.08058608058608059
0 0.5 0.46703296703296704 1.0 0.9340659340659341
0 0.4226932668329177 0.0695970695970696 0.27680798004987534 0.1391941391941392
