0 0.6147887323943662 0.9984423676012462 0.0014084507042253522 0.003115264797507788
0 0.5830985915492958 0.9948078920041536 0.011267605633802818 0.010384215991692628
0 0.55 0.9885773624091381 0.004225352112676056 0.004153686396677051
0 0.48169014084507045 0.9927310488058152 0.014084507042253521 0.014537902388369679
0 0.5654929577464789 0.9849428868120457 0.007042253521126761 0.003115264797507788
0 0.44577464788732396 0.9916926272066459 0.023943661971830985 0.016614745586708203
0 0.4112676056338028 0.9916926272066459 0.014084507042253521 0.016614745586708203
0 0.6267605633802817 0.9870197300103842 0.02535211267605634 0.02596053997923157
0 0.4556338028169014 0.9828660436137072 0.1647887323943662 0.03426791277258567
0 0.9866197183098592 0.4226375908618899 0.004225352112676056 0.0020768431983385254
0 0.9873239436619718 0.4164070612668744 0.011267605633802818 0.0020768431983385254
0 0.5 0.4953271028037383 1.0 0.936656282450675
0 0.9901408450704225 0.007268951194184839 0.01971830985915493 0.014537902388369679
