0 0.47588126159554733 0.9984326018808778 0.0055658627087198514 0.003134796238244514
0 0.4536178107606679 0.987460815047022 0.03153988868274583 0.025078369905956112
0 0.36363636363636365 0.987460815047022 0.022263450834879406 0.025078369905956112
0 0.32189239332096475 0.9843260188087775 0.03153988868274583 0.03134796238244514
0 0.2820037105751391 0.9827586206896551 0.022263450834879406 0.034482758620689655
0 0.5343228200371057 0.9780564263322884 0.03710575139146568 0.0438871473354232
0 0.32838589981447125 0.9639498432601881 0.20037105751391465 0.07210031347962383
0 0.3654916512059369 0.835423197492163 0.0037105751391465678 0.003134796238244514
0 0.35435992578849723 0.835423197492163 0.0074211502782931356 0.009404388714733543
0 0.0018552875695732839 0.8181818181818182 0.0037105751391465678 0.006269592476489028
0 0.2764378478664193 0.786833855799373 0.011131725417439703 0.012539184952978056
0 0.42393320964749537 0.7664576802507836 0.00927643784786642 0.009404388714733543
0 0.29035250463821893 0.7884012539184952 0.05380333951762523 0.07836990595611286
0 0.43413729128014844 0.7507836990595611 0.0074211502782931356 0.009404388714733543
0 0.3942486085343228 0.7774294670846394 0.04638218923933209 0.06269592476489028
0 0.44341372912801486 0.7335423197492164 0.0074211502782931356 0.006269592476489028
0 0.31910946196660483 0.7351097178683386 0.0074211502782931356 0.009404388714733543
0 0.40816326530612246 0.7178683385579937 0.0074211502782931356 0.006269592476489028
0 0.31910946196660483 0.7210031347962382 0.014842300556586271 0.012539184952978056
0 0.29313543599257885 0.719435736677116 0.0074211502782931356 0.009404388714733543
0 0.274582560296846 0.7210031347962382 0.0074211502782931356 0.012539184952978056
0 0.23933209647495363 0.7382445141065831 0.055658627087198514 0.08463949843260188
0 0.2792207792207792 0.6943573667711599 0.03153988868274583 0.02821316614420063
0 0.4313543599257885 0.6912225705329154 0.03153988868274583 0.02821316614420063
0 0.2541743970315399 0.670846394984326 0.022263450834879406 0.012539184952978056
0 0.474025974025974 0.6630094043887147 0.0018552875695732839 0.003134796238244514
0 0.45454545454545453 0.664576802507837 0.0037105751391465678 0.006269592476489028
0 0.2810760667903525 0.6692789968652038 0.02040816326530612 0.01567398119122257
0 0.5269016697588126 0.6614420062695925 0.08534322820037106 0.018808777429467086
0 0.3562152133580705 0.6551724137931034 0.0074211502782931356 0.006269592476489028
0 0.2727272727272727 0.6567398119122257 0.011131725417439703 0.009404388714733543
0 0.3525046382189239 0.6394984326018809 0.0037105751391465678 0.006269592476489028
0 0.3645640074211503 0.6191222570532915 0.027829313543599257 0.047021943573667714
0 0.33487940630797774 0.5940438871473355 0.016697588126159554 0.0219435736677116
0 0.9619666048237476 0.2554858934169279 0.0018552875695732839 0.003134796238244514
0 0.9730983302411874 0.5595611285266457 0.05380333951762523 0.7178683385579937
0 0.9758812615955473 0.12852664576802508 0.04823747680890538 0.13166144200626959
0 0.47217068645640076 0.03605015673981191 0.00927643784786642 0.009404388714733543
0 0.5018552875695733 0.034482758620689655 0.016697588126159554 0.012539184952978056
0 0.48794063079777367 0.01567398119122257 0.0037105751391465678 0.006269592476489028
0 0.5074211502782932 0.0109717868338558 0.0018552875695732839 0.003134796238244514
0 0.47217068645640076 0.012539184952978056 0.0018552875695732839 0.006269592476489028
0 0.47217068645640076 0.003134796238244514 0.0018552875695732839 0.006269592476489028
0 0.45640074211502785 0.018808777429467086 0.014842300556586271 0.03761755485893417
0 0.37569573283859 0.012539184952978056 0.00927643784786642 0.025078369905956112
0 0.3228200371057514 0.0109717868338558 0.011131725417439703 0.0219435736677116
0 0.2987012987012987 0.009404388714733543 0.011131725417439703 0.018808777429467086
0 0.46660482374768086 0.46394984326018807 0.9332096474953617 0.9278996865203761
