0 0.10113636363636364 0.9985250737463127 0.03409090909090909 0.0029498525073746312
0 0.038636363636363635 0.9896755162241888 0.07727272727272727 0.02064896755162242
0 0.6829545454545455 0.9498525073746312 0.634090909090909 0.10029498525073746
0 0.8761363636363636 0.7182890855457227 0.006818181818181818 0.008849557522123894
0 0.8409090909090909 0.6415929203539823 0.00909090909090909 0.008849557522123894
0 0.19545454545454546 0.6268436578171092 0.004545454545454545 0.0029498525073746312
0 0.6579545454545455 0.6209439528023599 0.011363636363636364 0.0029498525073746312
0 0.6431818181818182 0.5825958702064897 0.004545454545454545 0.0029498525073746312
0 0.5227272727272727 0.5855457227138643 0.01818181818181818 0.008849557522123894
0 0.8147727272727273 0.5796460176991151 0.011363636363636364 0.008849557522123894
0 0.5238636363636363 0.5575221238938053 0.011363636363636364 0.0058997050147492625
0 0.013636363636363636 0.5634218289085545 0.02727272727272727 0.017699115044247787
0 0.7784090909090909 0.5530973451327433 0.020454545454545454 0.008849557522123894
0 0.003409090909090909 0.5250737463126843 0.006818181818181818 0.0058997050147492625
0 0.39886363636363636 0.5206489675516224 0.04318181818181818 0.014749262536873156
0 0.6454545454545455 0.5162241887905604 0.02727272727272727 0.011799410029498525
0 0.5727272727272728 0.5176991150442478 0.031818181818181815 0.014749262536873156
0 0.7636363636363637 0.5147492625368731 0.01818181818181818 0.014749262536873156
0 0.031818181818181815 0.5029498525073747 0.00909090909090909 0.008849557522123894
0 0.006818181818181818 0.504424778761062 0.013636363636363636 0.017699115044247787
0 0.6875 0.49262536873156343 0.006818181818181818 0.0058997050147492625
0 0.43863636363636366 0.5088495575221239 0.11818181818181818 0.038348082595870206
0 0.0375 0.47345132743362833 0.011363636363636364 0.008849557522123894
0 0.004545454545454545 0.471976401179941 0.00909090909090909 0.017699115044247787
0 0.2431818181818182 0.46607669616519176 0.01818181818181818 0.017699115044247787
0 0.18181818181818182 0.47050147492625366 0.06818181818181818 0.02654867256637168
0 0.05227272727272727 0.43952802359882004 0.02727272727272727 0.017699115044247787
0 0.5272727272727272 0.43215339233038347 0.013636363636363636 0.014749262536873156
0 0.6579545454545455 0.41297935103244837 0.006818181818181818 0.0058997050147492625
0 0.7022727272727273 0.4174041297935103 0.01818181818181818 0.02064896755162242
0 0.5034090909090909 0.36578171091445427 0.011363636363636364 0.011799410029498525
0 0.6090909090909091 0.31268436578171094 0.21363636363636362 0.1592920353982301
0 0.003409090909090909 0.07669616519174041 0.006818181818181818 0.0058997050147492625
0 0.5 0.47640117994100295 1.0 0.8525073746312685
0 0.006818181818181818 0.06047197640117994 0.013636363636363636 0.02064896755162242
0 0.4659090909090909 0.038348082595870206 0.04090909090909091 0.035398230088495575
0 0.425 0.03982300884955752 0.031818181818181815 0.038348082595870206
0 0.41704545454545455 0.025073746312684365 0.011363636363636364 0.008849557522123894
0 0.509090909090909 0.035398230088495575 0.01818181818181818 0.035398230088495575
0 0.5943181818181819 0.029498525073746312 0.015909090909090907 0.035398230088495575
0 0.625 0.032448377581120944 0.03636363636363636 0.0471976401179941
