0 0.5124045801526718 0.9967741935483871 0.0019083969465648854 0.0064516129032258064
0 0.4904580152671756 0.9967741935483871 0.007633587786259542 0.0064516129032258064
0 0.2967557251908397 0.9935483870967742 0.013358778625954198 0.012903225806451613
0 0.37690839694656486 0.9919354838709677 0.01717557251908397 0.016129032258064516
0 0.3520992366412214 0.9919354838709677 0.009541984732824428 0.016129032258064516
0 0.3244274809160305 0.9919354838709677 0.011450381679389313 0.016129032258064516
0 0.4580152671755725 0.9887096774193549 0.011450381679389313 0.02258064516129032
0 0.4751908396946565 0.9774193548387097 0.015267175572519083 0.012903225806451613
0 0.006679389312977099 0.8467741935483871 0.009541984732824428 0.0032258064516129032
0 0.0028625954198473282 0.8274193548387097 0.0057251908396946565 0.0032258064516129032
0 0.006679389312977099 0.8096774193548387 0.013358778625954198 0.0064516129032258064
0 0.006679389312977099 0.7935483870967742 0.013358778625954198 0.012903225806451613
0 0.0057251908396946565 0.7758064516129032 0.011450381679389313 0.00967741935483871
0 0.004770992366412214 0.7548387096774194 0.009541984732824428 0.0064516129032258064
0 0.007633587786259542 0.7193548387096774 0.015267175572519083 0.0064516129032258064
0 0.008587786259541985 0.1935483870967742 0.01717557251908397 0.0064516129032258064
0 0.9780534351145038 0.4645161290322581 0.04389312977099236 0.8064516129032258
0 0.4780534351145038 0.4870967741935484 0.9561068702290076 0.864516129032258
0 0.9942748091603053 0.056451612903225805 0.011450381679389313 0.00967741935483871
0 0.5133587786259542 0.05 0.022900763358778626 0.035483870967741936
0 0.49427480916030536 0.03387096774193549 0.061068702290076333 0.06774193548387097
0 0.38645038167938933 0.027419354838709678 0.02099236641221374 0.054838709677419356
0 0.35400763358778625 0.02903225806451613 0.013358778625954198 0.05806451612903226
0 0.3110687022900763 0.02903225806451613 0.030534351145038167 0.05806451612903226
