0 0.5811320754716981 0.9963235294117647 0.03773584905660377 0.007352941176470588
0 0.24056603773584906 0.9656862745098039 0.005660377358490566 0.004901960784313725
0 0.3443396226415094 0.9656862745098039 0.035849056603773584 0.00980392156862745
0 0.6981132075471698 0.9571078431372549 0.007547169811320755 0.007352941176470588
0 0.7009433962264151 0.9473039215686274 0.005660377358490566 0.007352941176470588
0 0.15566037735849056 0.9301470588235294 0.009433962264150943 0.007352941176470588
0 0.45 0.9276960784313726 0.0509433962264151 0.0857843137254902
0 0.9830188679245283 0.8762254901960784 0.0037735849056603774 0.031862745098039214
0 0.4188679245283019 0.8602941176470589 0.01509433962264151 0.004901960784313725
0 0.9386792452830188 0.8504901960784313 0.0018867924528301887 0.004901960784313725
0 0.3273584905660377 0.8455882352941176 0.016981132075471698 0.004901960784313725
0 0.7433962264150943 0.8394607843137255 0.0037735849056603774 0.0024509803921568627
0 0.7113207547169811 0.8406862745098039 0.022641509433962263 0.00980392156862745
0 0.12641509433962264 0.8333333333333334 0.007547169811320755 0.004901960784313725
0 0.9443396226415094 0.8897058823529411 0.04716981132075472 0.12254901960784313
0 0.41415094339622643 0.8296568627450981 0.009433962264150943 0.0024509803921568627
0 0.330188679245283 0.8308823529411765 0.007547169811320755 0.004901960784313725
0 0.42830188679245285 0.8272058823529411 0.0037735849056603774 0.0024509803921568627
0 0.1160377358490566 0.8982843137254902 0.2320754716981132 0.14460784313725492
0 0.7660377358490567 0.8223039215686274 0.018867924528301886 0.007352941176470588
0 0.7273584905660377 0.8235294117647058 0.03962264150943396 0.00980392156862745
0 0.7632075471698113 0.8382352941176471 0.12641509433962264 0.049019607843137254
0 0.3273584905660377 0.8149509803921569 0.009433962264150943 0.007352941176470588
0 0.4169811320754717 0.8125 0.03773584905660377 0.007352941176470588
0 0.7094339622641509 0.8075980392156863 0.0037735849056603774 0.0024509803921568627
0 0.769811320754717 0.8063725490196079 0.007547169811320755 0.004901960784313725
0 0.8018867924528302 0.803921568627451 0.03773584905660377 0.00980392156862745
0 0.9811320754716981 0.7843137254901961 0.0037735849056603774 0.004901960784313725
0 0.4688679245283019 0.7475490196078431 0.005660377358490566 0.004901960784313725
0 0.19905660377358492 0.7205882352941176 0.005660377358490566 0.004901960784313725
0 0.16886792452830188 0.7205882352941176 0.0018867924528301887 0.004901960784313725
0 0.7028301886792453 0.6948529411764706 0.020754716981132074 0.012254901960784314
0 0.3462264150943396 0.7181372549019608 0.04339622641509434 0.06862745098039216
0 0.6132075471698113 0.6654411764705882 0.03018867924528302 0.007352941176470588
0 0.6 0.6519607843137255 0.0037735849056603774 0.004901960784313725
0 0.39622641509433965 0.6409313725490197 0.026415094339622643 0.007352941176470588
0 0.06509433962264151 0.6605392156862745 0.020754716981132074 0.04656862745098039
0 0.033962264150943396 0.6188725490196079 0.06792452830188679 0.031862745098039214
0 0.4075471698113208 0.5686274509803921 0.0037735849056603774 0.004901960784313725
0 0.39433962264150946 0.5661764705882353 0.011320754716981131 0.004901960784313725
0 0.7311320754716981 0.5453431372549019 0.016981132075471698 0.007352941176470588
0 0.05471698113207547 0.5220588235294118 0.0037735849056603774 0.004901960784313725
0 0.02547169811320755 0.5294117647058824 0.0509433962264151 0.0196078431372549
0 0.7330188679245283 0.5159313725490197 0.0018867924528301887 0.0024509803921568627
0 0.27264150943396226 0.6348039215686274 0.5452830188679245 0.24019607843137256
0 0.7150943396226415 0.5183823529411765 0.026415094339622643 0.012254901960784314
0 0.6584905660377358 0.5171568627450981 0.06415094339622641 0.014705882352941176
0 0.8018867924528302 0.7291666666666666 0.19245283018867926 0.4681372549019608
0 0.9896226415094339 0.4987745098039216 0.020754716981132074 0.012254901960784314
0 0.6094339622641509 0.49387254901960786 0.0037735849056603774 0.0024509803921568627
0 0.6584905660377358 0.49019607843137253 0.01509433962264151 0.004901960784313725
0 0.09528301886792453 0.49754901960784315 0.020754716981132074 0.0196078431372549
0 0.040566037735849055 0.4987745098039216 0.08113207547169811 0.022058823529411766
0 0.04716981132075472 0.47794117647058826 0.007547169811320755 0.004901960784313725
0 0.06886792452830189 0.4730392156862745 0.009433962264150943 0.00980392156862745
0 0.8575471698113207 0.47671568627450983 0.04339622641509434 0.022058823529411766
0 0.9896226415094339 0.47181372549019607 0.020754716981132074 0.022058823529411766
0 0.6141509433962264 0.46691176470588236 0.0509433962264151 0.012254901960784314
0 0.09150943396226414 0.4681372549019608 0.013207547169811321 0.0196078431372549
0 0.04716981132075472 0.4387254901960784 0.09433962264150944 0.029411764705882353
0 0.0669811320754717 0.07107843137254902 0.1339622641509434 0.00980392156862745
0 0.4877358490566038 0.43137254901960786 0.9754716981132076 0.7843137254901961
0 0.9886792452830189 0.23897058823529413 0.022641509433962263 0.42892156862745096
0 0.49150943396226415 0.024509803921568627 0.0018867924528301887 0.004901960784313725
0 0.5424528301886793 0.023284313725490197 0.005660377358490566 0.007352941176470588
0 0.3179245283018868 0.0196078431372549 0.013207547169811321 0.00980392156862745
0 0.49150943396226415 0.013480392156862746 0.0018867924528301887 0.0024509803921568627
0 0.38207547169811323 0.01715686274509804 0.009433962264150943 0.00980392156862745
0 0.539622641509434 0.006127450980392157 0.007547169811320755 0.012254901960784314
0 0.40943396226415096 0.011029411764705883 0.007547169811320755 0.022058823529411766
0 0.35377358490566035 0.011029411764705883 0.013207547169811321 0.022058823529411766
0 0.3311320754716981 0.004901960784313725 0.013207547169811321 0.00980392156862745
