0 0.3491655969191271 0.9981042654028436 0.007702182284980745 0.0037914691943127963
0 0.19768934531450577 0.6611374407582938 0.012836970474967908 0.004739336492890996
0 0.20025673940949937 0.6459715639810426 0.005134788189987163 0.002843601895734597
0 0.1797175866495507 0.6464454976303318 0.012836970474967908 0.007582938388625593
0 0.17843388960205392 0.6393364928909953 0.0025673940949935813 0.0009478672985781991
0 0.37163029525032093 0.6398104265402843 0.0038510911424903724 0.0037914691943127963
0 0.17522464698331194 0.6350710900473934 0.0038510911424903724 0.0018957345971563982
0 0.19961489088575096 0.6364928909952606 0.006418485237483954 0.008530805687203791
0 0.17137355584082156 0.6293838862559241 0.006418485237483954 0.0037914691943127963
0 0.16238767650834404 0.6317535545023697 0.011553273427471117 0.012322274881516588
0 0.18421052631578946 0.6255924170616114 0.0038510911424903724 0.0018957345971563982
0 0.1944801026957638 0.623696682464455 0.006418485237483954 0.005687203791469194
0 0.25802310654685495 0.624170616113744 0.0410783055198973 0.01042654028436019
0 0.1681643132220796 0.6199052132701421 0.005134788189987163 0.0037914691943127963
0 0.19127086007702182 0.6161137440758294 0.007702182284980745 0.005687203791469194
0 0.18356867779204109 0.6071090047393365 0.007702182284980745 0.006635071090047393
0 0.17522464698331194 0.6023696682464454 0.0038510911424903724 0.002843601895734597
0 0.24775353016688062 0.6080568720379147 0.043645699614890884 0.016113744075829384
0 0.1668806161745828 0.5990521327014218 0.0025673940949935813 0.0018957345971563982
0 0.1970474967907574 0.6232227488151659 0.029525032092426188 0.05402843601895735
0 0.2881899871630295 0.6289099526066351 0.1399229781771502 0.07488151658767772
0 0.24454428754813864 0.5933649289099526 0.03465982028241335 0.011374407582938388
0 0.6238767650834403 0.5777251184834123 0.012836970474967908 0.004739336492890996
0 0.5397946084724005 0.5710900473933649 0.0038510911424903724 0.002843601895734597
0 0.2490372272143774 0.5843601895734597 0.15661103979460847 0.03317535545023697
0 0.5340179717586649 0.566350710900474 0.0025673940949935813 0.0009478672985781991
0 0.6174582798459564 0.5677725118483412 0.01797175866495507 0.015165876777251185
0 0.22721437740693196 0.5644549763033175 0.03594351732991014 0.008530805687203791
0 0.40757381258023107 0.5691943127962086 0.026957637997432605 0.021800947867298578
0 0.42618741976893454 0.5872037914691943 0.1643132220795892 0.06350710900473934
0 0.21822849807445444 0.5535545023696683 0.03594351732991014 0.007582938388625593
0 0.392811296534018 0.5554502369668246 0.023106546854942234 0.018957345971563982
0 0.28498074454428757 0.5597156398104265 0.059050064184852376 0.031279620853080566
0 0.362002567394095 0.542654028436019 0.007702182284980745 0.004739336492890996
0 0.6020539152759948 0.5417061611374407 0.005134788189987163 0.004739336492890996
0 0.5218228498074454 0.543127962085308 0.011553273427471117 0.009478672985781991
0 0.517971758664955 0.5355450236966824 0.008985879332477536 0.0037914691943127963
0 0.44094993581514763 0.5360189573459716 0.006418485237483954 0.004739336492890996
0 0.3748395378690629 0.5402843601895735 0.007702182284980745 0.013270142180094787
0 0.3324775353016688 0.5355450236966824 0.007702182284980745 0.007582938388625593
0 0.5956354300385109 0.5312796208530806 0.005134788189987163 0.004739336492890996
0 0.6854942233632862 0.5274881516587677 0.010269576379974325 0.006635071090047393
0 0.2753530166880616 0.5374407582938389 0.055198973042362 0.02843601895734597
0 0.43581514762516044 0.5222748815165876 0.0038510911424903724 0.0018957345971563982
0 0.6816431322207959 0.5213270142180095 0.0025673940949935813 0.0018957345971563982
0 0.42811296534017973 0.5265402843601896 0.01668806161745828 0.012322274881516588
0 0.5905006418485238 0.5194312796208531 0.010269576379974325 0.0037914691943127963
0 0.5879332477535302 0.5085308056872038 0.0025673940949935813 0.002843601895734597
0 0.668806161745828 0.4957345971563981 0.007702182284980745 0.005687203791469194
0 0.6591784338896021 0.4895734597156398 0.0012836970474967907 0.0009478672985781991
0 0.5757381258023107 0.495260663507109 0.019255455712451863 0.01990521327014218
0 0.6591784338896021 0.4819905213270142 0.006418485237483954 0.002843601895734597
0 0.5 0.7232227488151659 1.0 0.5194312796208531
0 0.5333761232349166 0.4601895734597156 0.008985879332477536 0.002843601895734597
0 0.5860077021822849 0.45876777251184836 0.014120667522464698 0.0018957345971563982
0 0.5539152759948652 0.45924170616113746 0.014120667522464698 0.002843601895734597
0 0.6739409499358151 0.45734597156398105 0.005134788189987163 0.0009478672985781991
0 0.6527599486521181 0.45781990521327015 0.0038510911424903724 0.0018957345971563982
0 0.6219512195121951 0.45829383886255926 0.006418485237483954 0.002843601895734597
0 0.6938382541720154 0.45687203791469194 0.0038510911424903724 0.0018957345971563982
0 0.6829268292682927 0.45687203791469194 0.005134788189987163 0.0018957345971563982
0 0.5 0.2502369668246445 1.0 0.44549763033175355
