0 0.5264116575591985 0.9723926380368099 0.007285974499089253 0.018404907975460124
0 0.5109289617486339 0.9800613496932515 0.020036429872495445 0.03987730061349693
0 0.3907103825136612 0.9800613496932515 0.023679417122040074 0.03987730061349693
0 0.3451730418943534 0.9800613496932515 0.030965391621129327 0.03987730061349693
0 0.30510018214936246 0.9800613496932515 0.023679417122040074 0.03987730061349693
0 0.5473588342440802 0.9769938650306749 0.00546448087431694 0.046012269938650305
0 0.48178506375227687 0.9739263803680982 0.030965391621129327 0.05214723926380368
0 0.5746812386156649 0.9662576687116564 0.012750455373406194 0.06748466257668712
0 0.5473588342440802 0.9340490797546013 0.0018214936247723133 0.003067484662576687
0 0.35154826958105645 0.9616564417177914 0.2040072859744991 0.07668711656441718
0 0.831511839708561 0.7147239263803681 0.020036429872495445 0.024539877300613498
0 0.8579234972677595 0.6656441717791411 0.02185792349726776 0.012269938650306749
0 0.9972677595628415 0.08282208588957055 0.00546448087431694 0.012269938650306749
0 0.5510018214936248 0.013803680981595092 0.04189435336976321 0.027607361963190184
0 0.5136612021857924 0.003067484662576687 0.007285974499089253 0.006134969325153374
0 0.5009107468123861 0.004601226993865031 0.014571948998178506 0.009202453987730062
0 0.470856102003643 0.004601226993865031 0.030965391621129327 0.009202453987730062
0 0.505464480874317 0.45245398773006135 0.9890710382513661 0.9049079754601227
