0 0.6376623376623377 0.9923954372623575 0.03896103896103896 0.015209125475285171
0 0.33116883116883117 0.9923954372623575 0.012987012987012988 0.015209125475285171
0 0.6285714285714286 0.9790874524714829 0.01038961038961039 0.011406844106463879
0 0.6207792207792208 0.9581749049429658 0.005194805194805195 0.0076045627376425855
0 0.638961038961039 0.9486692015209125 0.025974025974025976 0.034220532319391636
0 0.5805194805194805 0.9638783269961977 0.023376623376623377 0.07224334600760456
0 0.4649350649350649 0.9638783269961977 0.03116883116883117 0.07224334600760456
0 0.6077922077922078 0.9315589353612167 0.01038961038961039 0.015209125475285171
0 0.4038961038961039 0.9619771863117871 0.04415584415584416 0.07604562737642585
0 0.34805194805194806 0.9619771863117871 0.04155844155844156 0.07604562737642585
0 0.6987012987012987 0.9448669201520913 0.05194805194805195 0.11026615969581749
0 0.42597402597402595 0.94106463878327 0.24935064935064935 0.11787072243346007
0 0.5 0.4505703422053232 1.0 0.8098859315589354
0 0.7194805194805195 0.005703422053231939 0.12467532467532468 0.011406844106463879
