0 0.5372516556291391 0.9990476190476191 0.0016556291390728477 0.0019047619047619048
0 0.6117549668874173 0.9961904761904762 0.0016556291390728477 0.007619047619047619
0 0.5769867549668874 0.9876190476190476 0.0016556291390728477 0.0019047619047619048
0 0.6117549668874173 0.9838095238095238 0.0016556291390728477 0.009523809523809525
0 0.5389072847682119 0.9676190476190476 0.0016556291390728477 0.0038095238095238095
0 0.4610927152317881 0.981904761904762 0.014900662251655629 0.03619047619047619
0 0.5579470198675497 0.9628571428571429 0.0033112582781456954 0.0019047619047619048
0 0.4097682119205298 0.98 0.011589403973509934 0.04
0 0.37748344370860926 0.979047619047619 0.026490066225165563 0.0419047619047619
0 0.37003311258278143 0.9628571428571429 0.008278145695364239 0.009523809523809525
0 0.6266556291390728 0.9714285714285714 0.03145695364238411 0.05714285714285714
0 0.42632450331125826 0.9657142857142857 0.19370860927152317 0.06857142857142857
0 0.9370860927152318 0.7609523809523809 0.029801324503311258 0.005714285714285714
0 0.9312913907284768 0.7371428571428571 0.03145695364238411 0.0038095238095238095
0 0.9329470198675497 0.6876190476190476 0.02152317880794702 0.0038095238095238095
0 0.027317880794701987 0.36095238095238097 0.0347682119205298 0.009523809523809525
0 0.014072847682119206 0.3476190476190476 0.004966887417218543 0.005714285714285714
0 0.0380794701986755 0.29523809523809524 0.0033112582781456954 0.0038095238095238095
0 0.0016556291390728477 0.2857142857142857 0.0033112582781456954 0.0038095238095238095
0 0.15397350993377484 0.2838095238095238 0.006622516556291391 0.0038095238095238095
0 0.011589403973509934 0.2714285714285714 0.023178807947019868 0.005714285714285714
0 0.0024834437086092716 0.26 0.004966887417218543 0.005714285714285714
0 0.9784768211920529 0.15619047619047619 0.0033112582781456954 0.011428571428571429
0 0.4908940397350993 0.49714285714285716 0.9817880794701986 0.8876190476190476
0 0.5604304635761589 0.02857142857142857 0.008278145695364239 0.0038095238095238095
0 0.5620860927152318 0.01619047619047619 0.004966887417218543 0.005714285714285714
0 0.5869205298013245 0.008571428571428572 0.008278145695364239 0.009523809523809525
0 0.5488410596026491 0.009523809523809525 0.008278145695364239 0.011428571428571429
0 0.46605960264900664 0.009523809523809525 0.004966887417218543 0.01904761904761905
0 0.41721854304635764 0.009523809523809525 0.006622516556291391 0.01904761904761905
0 0.38658940397350994 0.009523809523809525 0.024834437086092714 0.01904761904761905
