0 0.5188916876574308 0.996309963099631 0.005037783375314861 0.007380073800738007
0 0.47858942065491183 0.996309963099631 0.015113350125944584 0.007380073800738007
0 0.5050377833753149 0.985239852398524 0.012594458438287154 0.02952029520295203
0 0.5289672544080605 0.9612546125461254 0.015113350125944584 0.025830258302583026
0 0.3526448362720403 0.974169741697417 0.030226700251889168 0.05166051660516605
0 0.4596977329974811 0.9723247232472325 0.017632241813602016 0.055350553505535055
0 0.30730478589420657 0.9723247232472325 0.020151133501259445 0.055350553505535055
0 0.24811083123425692 0.9723247232472325 0.042821158690176324 0.055350553505535055
0 0.48866498740554154 0.9464944649446494 0.010075566750629723 0.01107011070110701
0 0.5037783375314862 0.9428044280442804 0.010075566750629723 0.01107011070110701
0 0.013853904282115869 0.7324723247232472 0.0025188916876574307 0.0036900369003690036
0 0.0012594458438287153 0.6512915129151291 0.0025188916876574307 0.0036900369003690036
0 0.0025188916876574307 0.6309963099630996 0.005037783375314861 0.007380073800738007
0 0.4609571788413098 0.4797047970479705 0.9219143576826196 0.7970479704797048
0 0.9622166246851386 0.4612546125461255 0.07556675062972293 0.7822878228782287
0 0.9130982367758187 0.07011070110701106 0.012594458438287154 0.014760147601476014
0 0.5465994962216625 0.027675276752767528 0.010075566750629723 0.01107011070110701
0 0.5957178841309824 0.027675276752767528 0.04785894206549118 0.055350553505535055
0 0.5340050377833753 0.005535055350553505 0.010075566750629723 0.01107011070110701
0 0.5025188916876574 0.01845018450184502 0.06801007556675064 0.03690036900369004
0 0.3702770780856423 0.016605166051660517 0.015113350125944584 0.033210332103321034
0 0.26574307304785894 0.02029520295202952 0.017632241813602016 0.04059040590405904
0 0.3236775818639798 0.03874538745387454 0.2695214105793451 0.07749077490774908
