0 0.6394891944990176 0.9950331125827815 0.009823182711198428 0.009933774834437087
0 0.5235756385068763 0.9950331125827815 0.009823182711198428 0.009933774834437087
0 0.6041257367387033 0.9900662251655629 0.0137524557956778 0.019867549668874173
0 0.6532416502946955 0.9884105960264901 0.0137524557956778 0.023178807947019868
0 0.6218074656188605 0.9784768211920529 0.0137524557956778 0.009933774834437087
0 0.014734774066797643 0.7433774834437086 0.029469548133595286 0.28807947019867547
0 0.9980353634577603 0.3526490066225166 0.003929273084479371 0.0033112582781456954
0 0.014734774066797643 0.46357615894039733 0.029469548133595286 0.2582781456953642
0 0.012770137524557957 0.32450331125827814 0.025540275049115914 0.013245033112582781
0 0.014734774066797643 0.2947019867549669 0.029469548133595286 0.013245033112582781
0 0.014734774066797643 0.26158940397350994 0.029469548133595286 0.013245033112582781
0 0.0137524557956778 0.22350993377483444 0.0275049115913556 0.009933774834437087
0 0.008840864440078585 0.1837748344370861 0.01768172888015717 0.009933774834437087
0 0.010805500982318271 0.14403973509933773 0.021611001964636542 0.009933774834437087
0 0.012770137524557957 0.1076158940397351 0.025540275049115914 0.009933774834437087
0 0.518664047151277 0.4735099337748344 0.962671905697446 0.9470198675496688
0 0.6856581532416502 0.008278145695364239 0.03536345776031434 0.016556291390728478
0 0.48330058939096265 0.016556291390728478 0.19646365422396855 0.033112582781456956
