0 0.6086956521739131 0.9979959919839679 0.0034782608695652175 0.004008016032064128
0 0.38608695652173913 0.996993987975952 0.017391304347826087 0.006012024048096192
0 0.4260869565217391 0.9919839679358717 0.006956521739130435 0.01603206412825651
0 0.4617391304347826 0.9889779559118237 0.02608695652173913 0.022044088176352707
0 0.5965217391304348 0.9759519038076152 0.0034782608695652175 0.008016032064128256
0 0.591304347826087 0.9629258517034068 0.0034782608695652175 0.002004008016032064
0 0.5069565217391304 0.9809619238476954 0.019130434782608695 0.03807615230460922
0 0.7086956521739131 0.9038076152304609 0.036521739130434785 0.012024048096192385
0 0.4026086956521739 0.8486973947895792 0.0017391304347826088 0.002004008016032064
0 0.8060869565217391 0.8366733466933868 0.0017391304347826088 0.002004008016032064
0 0.7860869565217391 0.8326653306613226 0.0034782608695652175 0.006012024048096192
0 0.851304347826087 0.8056112224448898 0.0052173913043478265 0.004008016032064128
0 0.8843478260869565 0.8567134268537074 0.23130434782608697 0.11823647294589178
0 0.37565217391304345 0.7885771543086172 0.017391304347826087 0.006012024048096192
0 0.34695652173913044 0.7885771543086172 0.01217391304347826 0.006012024048096192
0 0.2252173913043478 0.842685370741483 0.4121739130434783 0.1462925851703407
0 0.2573913043478261 0.7625250501002004 0.07652173913043478 0.01002004008016032
0 0.5078260869565218 0.749498997995992 0.020869565217391306 0.004008016032064128
0 0.4426086956521739 0.749498997995992 0.036521739130434785 0.008016032064128256
0 0.25130434782608696 0.7434869739478958 0.09217391304347826 0.02004008016032064
0 0.17043478260869566 0.7364729458917836 0.04173913043478261 0.006012024048096192
0 0.5156521739130435 0.7244488977955912 0.022608695652173914 0.006012024048096192
0 0.4747826086956522 0.7234468937875751 0.01391304347826087 0.004008016032064128
0 0.4147826086956522 0.7244488977955912 0.08869565217391304 0.01002004008016032
0 0.3217391304347826 0.7224448897795591 0.010434782608695653 0.006012024048096192
0 0.29304347826086957 0.7224448897795591 0.019130434782608695 0.006012024048096192
0 0.24521739130434783 0.7224448897795591 0.05217391304347826 0.01002004008016032
0 0.17739130434782607 0.7224448897795591 0.05217391304347826 0.01002004008016032
0 0.23565217391304347 0.7104208416833667 0.0052173913043478265 0.002004008016032064
0 0.3695652173913043 0.7114228456913828 0.06434782608695652 0.008016032064128256
0 0.25478260869565217 0.7114228456913828 0.029565217391304348 0.008016032064128256
0 0.20695652173913043 0.7114228456913828 0.03130434782608696 0.008016032064128256
0 0.15565217391304348 0.7104208416833667 0.01565217391304348 0.006012024048096192
0 0.3991304347826087 0.6983967935871743 0.0052173913043478265 0.002004008016032064
0 0.4608695652173913 0.6983967935871743 0.03826086956521739 0.006012024048096192
0 0.3443478260869565 0.6973947895791583 0.07652173913043478 0.008016032064128256
0 0.25478260869565217 0.6973947895791583 0.019130434782608695 0.008016032064128256
0 0.33217391304347826 0.6843687374749499 0.02434782608695652 0.006012024048096192
0 0.2991304347826087 0.6843687374749499 0.034782608695652174 0.01002004008016032
0 0.3217391304347826 0.6723446893787575 0.0034782608695652175 0.002004008016032064
0 0.24695652173913044 0.6763527054108216 0.11478260869565217 0.022044088176352707
0 0.18869565217391304 0.6833667334669339 0.09217391304347826 0.036072144288577156
0 0.9886956521739131 0.6713426853707415 0.022608695652173914 0.02404809619238477
0 0.15043478260869564 0.6322645290581163 0.01217391304347826 0.006012024048096192
0 0.5382608695652173 0.6082164328657315 0.008695652173913044 0.002004008016032064
0 0.5278260869565218 0.6082164328657315 0.0052173913043478265 0.002004008016032064
0 0.5530434782608695 0.6082164328657315 0.017391304347826087 0.006012024048096192
0 0.37217391304347824 0.5921843687374749 0.006956521739130435 0.002004008016032064
0 0.3617391304347826 0.5921843687374749 0.010434782608695653 0.006012024048096192
0 0.3417391304347826 0.5901803607214429 0.019130434782608695 0.01002004008016032
0 0.30782608695652175 0.5871743486973948 0.006956521739130435 0.008016032064128256
0 0.18 0.5851703406813628 0.01565217391304348 0.01603206412825651
0 0.3652173913043478 0.5801603206412825 0.020869565217391306 0.01002004008016032
0 0.33304347826086955 0.5791583166332666 0.008695652173913044 0.008016032064128256
0 0.29391304347826086 0.5811623246492986 0.01391304347826087 0.01603206412825651
0 0.27304347826086955 0.5731462925851704 0.006956521739130435 0.008016032064128256
0 0.3008695652173913 0.56312625250501 0.017391304347826087 0.008016032064128256
0 0.3182608695652174 0.5420841683366734 0.010434782608695653 0.006012024048096192
0 0.24695652173913044 0.48597194388777554 0.010434782608695653 0.006012024048096192
0 0.52 0.33266533066132264 0.96 0.6492985971943888
