0 0.599195710455764 0.9980392156862745 0.002680965147453083 0.00392156862745098
0 0.48927613941018766 0.9980392156862745 0.002680965147453083 0.00392156862745098
0 0.4571045576407507 0.996078431372549 0.00804289544235925 0.00784313725490196
0 0.4168900804289544 0.9941176470588236 0.00804289544235925 0.011764705882352941
0 0.38605898123324395 0.9941176470588236 0.010723860589812333 0.011764705882352941
0 0.36193029490616624 0.9941176470588236 0.005361930294906166 0.011764705882352941
0 0.29088471849865954 0.8745098039215686 0.045576407506702415 0.01568627450980392
0 0.29624664879356566 0.8568627450980392 0.013404825737265416 0.011764705882352941
0 0.5026809651474531 0.4823529411764706 0.9946380697050938 0.8313725490196079
0 0.6648793565683646 0.041176470588235294 0.021447721179624665 0.011764705882352941
0 0.7050938337801609 0.03725490196078431 0.010723860589812333 0.011764705882352941
0 0.41420911528150134 0.023529411764705882 0.01876675603217158 0.01568627450980392
0 0.6420911528150134 0.00392156862745098 0.013404825737265416 0.00784313725490196
0 0.5308310991957105 0.013725490196078431 0.010723860589812333 0.027450980392156862
0 0.4865951742627346 0.01764705882352941 0.013404825737265416 0.03529411764705882
0 0.4450402144772118 0.01568627450980392 0.02680965147453083 0.03137254901960784
