0 0.9917582417582418 0.9891107078039928 0.016483516483516484 0.007259528130671506
0 0.28296703296703296 0.9900181488203267 0.04395604395604396 0.019963702359346643
0 0.6002747252747253 0.956442831215971 0.7060439560439561 0.014519056261343012
0 0.11813186813186813 0.9519056261343013 0.23626373626373626 0.019963702359346643
0 0.6620879120879121 0.9065335753176044 0.03296703296703297 0.02722323049001815
0 0.6332417582417582 0.895644283121597 0.08516483516483517 0.05263157894736842
0 0.4642857142857143 0.8974591651542649 0.3131868131868132 0.0780399274047187
0 0.7032967032967034 0.8938294010889292 0.09340659340659341 0.0780399274047187
0 0.3475274725274725 0.6642468239564429 0.0521978021978022 0.018148820326678767
0 0.4381868131868132 0.6016333938294011 0.0027472527472527475 0.0018148820326678765
0 0.42994505494505497 0.5898366606170599 0.03021978021978022 0.029038112522686024
0 0.4024725274725275 0.588929219600726 0.019230769230769232 0.02722323049001815
0 0.3695054945054945 0.588021778584392 0.04120879120879121 0.032667876588021776
0 0.31868131868131866 0.5852994555353902 0.04395604395604396 0.034482758620689655
0 0.2760989010989011 0.5852994555353902 0.03021978021978022 0.034482758620689655
0 0.6085164835164835 0.338475499092559 0.008241758241758242 0.0018148820326678765
0 0.1620879120879121 0.31488203266787657 0.02197802197802198 0.009074410163339383
0 0.37774725274725274 0.31306715063520874 0.10714285714285714 0.012704174228675136
0 0.028846153846153848 0.3275862068965517 0.057692307692307696 0.04900181488203267
0 0.07005494505494506 0.5662431941923775 0.1401098901098901 0.5444646098003629
0 0.0782967032967033 0.29764065335753176 0.024725274725274724 0.007259528130671506
0 0.03571428571428571 0.29764065335753176 0.03296703296703297 0.007259528130671506
0 0.09340659340659341 0.2867513611615245 0.01098901098901099 0.003629764065335753
0 0.1401098901098901 0.28584392014519056 0.01098901098901099 0.0054446460980036296
0 0.14835164835164835 0.2767695099818512 0.01098901098901099 0.0054446460980036296
0 0.05631868131868132 0.2822141560798548 0.046703296703296704 0.016333938294010888
0 0.0521978021978022 0.2676950998185118 0.005494505494505495 0.0018148820326678765
0 0.17582417582417584 0.26678765880217786 0.016483516483516484 0.003629764065335753
0 0.15521978021978022 0.26678765880217786 0.008241758241758242 0.003629764065335753
0 0.004120879120879121 0.2658802177858439 0.008241758241758242 0.0054446460980036296
0 0.1565934065934066 0.24954627949183303 0.01098901098901099 0.0054446460980036296
0 0.009615384615384616 0.24954627949183303 0.019230769230769232 0.009074410163339383
0 0.4340659340659341 0.21687840290381125 0.027472527472527472 0.0018148820326678765
0 0.4065934065934066 0.21687840290381125 0.005494505494505495 0.0018148820326678765
0 0.16895604395604397 0.2177858439201452 0.024725274725274724 0.003629764065335753
0 0.1717032967032967 0.20780399274047187 0.04120879120879121 0.0054446460980036296
0 0.16758241758241757 0.19782214156079855 0.04395604395604396 0.003629764065335753
0 0.36538461538461536 0.18784029038112524 0.10989010989010989 0.009074410163339383
0 0.0782967032967033 0.13520871143375682 0.1565934065934066 0.20871143375680581
0 0.5123626373626373 0.4355716878402904 0.9752747252747253 0.8348457350272233
0 0.760989010989011 0.0054446460980036296 0.06043956043956044 0.010889292196007259
0 0.6634615384615384 0.0018148820326678765 0.008241758241758242 0.003629764065335753
0 0.47802197802197804 0.008166969147005444 0.2857142857142857 0.016333938294010888
