0 0.6311475409836066 0.996551724137931 0.00819672131147541 0.006896551724137931
0 0.5788934426229508 0.996551724137931 0.006147540983606557 0.006896551724137931
0 0.6004098360655737 0.9948275862068966 0.00819672131147541 0.010344827586206896
0 0.3319672131147541 0.7948275862068965 0.004098360655737705 0.0034482758620689655
0 0.3237704918032787 0.7948275862068965 0.004098360655737705 0.0034482758620689655
0 0.33299180327868855 0.743103448275862 0.014344262295081968 0.0034482758620689655
0 0.3155737704918033 0.743103448275862 0.01639344262295082 0.0034482758620689655
0 0.29610655737704916 0.7413793103448276 0.014344262295081968 0.006896551724137931
0 0.33299180327868855 0.7051724137931035 0.010245901639344262 0.0034482758620689655
0 0.3176229508196721 0.7051724137931035 0.00819672131147541 0.0034482758620689655
0 0.26331967213114754 0.6344827586206897 0.022540983606557378 0.006896551724137931
0 0.2223360655737705 0.6327586206896552 0.006147540983606557 0.0034482758620689655
0 0.3483606557377049 0.6155172413793103 0.004098360655737705 0.0034482758620689655
0 0.21618852459016394 0.5948275862068966 0.018442622950819672 0.0034482758620689655
0 0.19979508196721313 0.5948275862068966 0.006147540983606557 0.0034482758620689655
0 0.18135245901639344 0.5948275862068966 0.014344262295081968 0.0034482758620689655
0 0.16598360655737704 0.5948275862068966 0.004098360655737705 0.0034482758620689655
0 0.22438524590163936 0.5758620689655173 0.010245901639344262 0.006896551724137931
0 0.20491803278688525 0.3 0.012295081967213115 0.006896551724137931
0 0.10450819672131148 0.24310344827586206 0.004098360655737705 0.0034482758620689655
0 0.07684426229508197 0.24310344827586206 0.0020491803278688526 0.0034482758620689655
0 0.03381147540983607 0.2413793103448276 0.06762295081967214 0.006896551724137931
0 0.007172131147540984 0.20172413793103447 0.014344262295081968 0.0034482758620689655
0 0.11065573770491803 0.12931034482758622 0.004098360655737705 0.0034482758620689655
0 0.042008196721311473 0.12931034482758622 0.030737704918032786 0.0034482758620689655
0 0.0194672131147541 0.12931034482758622 0.006147540983606557 0.0034482758620689655
0 0.6485655737704918 0.015517241379310345 0.006147540983606557 0.010344827586206896
0 0.48565573770491804 0.47758620689655173 0.9713114754098361 0.9551724137931035
0 0.6741803278688525 0.010344827586206896 0.012295081967213115 0.020689655172413793
0 0.6127049180327869 0.0034482758620689655 0.00819672131147541 0.006896551724137931
0 0.48668032786885246 0.0034482758620689655 0.006147540983606557 0.006896551724137931
0 0.4415983606557377 0.006896551724137931 0.030737704918032786 0.013793103448275862
0 0.4108606557377049 0.005172413793103448 0.010245901639344262 0.010344827586206896
0 0.39139344262295084 0.006896551724137931 0.00819672131147541 0.013793103448275862
0 0.44979508196721313 0.022413793103448276 0.2028688524590164 0.04482758620689655
