0 0.6148459383753502 0.9925925925925926 0.04201680672268908 0.014814814814814815
0 0.44397759103641454 0.9824074074074074 0.03081232492997199 0.03518518518518519
0 0.3291316526610644 0.9824074074074074 0.03081232492997199 0.03518518518518519
0 0.5896358543417367 0.9787037037037037 0.08683473389355742 0.04259259259259259
0 0.6778711484593838 0.9703703703703703 0.06162464985994398 0.05925925925925926
0 0.3963585434173669 0.9703703703703703 0.28851540616246496 0.05925925925925926
0 0.22408963585434175 0.9398148148148148 0.0056022408963585435 0.001851851851851852
0 0.014005602240896359 0.8398148148148148 0.0056022408963585435 0.001851851851851852
0 0.0056022408963585435 0.8194444444444444 0.011204481792717087 0.009259259259259259
0 0.12464985994397759 0.7944444444444444 0.014005602240896359 0.003703703703703704
0 0.22829131652661064 0.7925925925925926 0.008403361344537815 0.003703703703703704
0 0.015406162464985995 0.7907407407407407 0.03081232492997199 0.014814814814814815
0 0.5056022408963585 0.7805555555555556 0.0028011204481792717 0.001851851851851852
0 0.02100840336134454 0.7768518518518519 0.008403361344537815 0.001851851851851852
0 0.00980392156862745 0.7759259259259259 0.0028011204481792717 0.003703703703703704
0 0.22829131652661064 0.7731481481481481 0.0028011204481792717 0.001851851851851852
0 0.23109243697478993 0.7657407407407407 0.008403361344537815 0.001851851851851852
0 0.5098039215686274 0.7601851851851852 0.0056022408963585435 0.005555555555555556
0 0.03081232492997199 0.7564814814814815 0.0056022408963585435 0.001851851851851852
0 0.014005602240896359 0.7564814814814815 0.011204481792717087 0.005555555555555556
0 0.511204481792717 0.7518518518518519 0.008403361344537815 0.003703703703703704
0 0.012605042016806723 0.7379629629629629 0.0028011204481792717 0.001851851851851852
0 0.40756302521008403 0.687962962962963 0.008403361344537815 0.001851851851851852
0 0.2857142857142857 0.6666666666666666 0.01680672268907563 0.007407407407407408
0 0.36694677871148457 0.6518518518518519 0.0056022408963585435 0.003703703703703704
0 0.3123249299719888 0.6527777777777778 0.008403361344537815 0.005555555555555556
0 0.14705882352941177 0.6546296296296297 0.014005602240896359 0.009259259259259259
0 0.48179271708683474 0.65 0.011204481792717087 0.003703703703703704
0 0.4327731092436975 0.65 0.0196078431372549 0.011111111111111112
0 0.2773109243697479 0.6509259259259259 0.011204481792717087 0.012962962962962963
0 0.17647058823529413 0.6472222222222223 0.01680672268907563 0.012962962962962963
0 0.242296918767507 0.6453703703703704 0.008403361344537815 0.020370370370370372
0 0.31092436974789917 0.6259259259259259 0.011204481792717087 0.007407407407407408
0 0.24369747899159663 0.5546296296296296 0.011204481792717087 0.012962962962962963
0 0.8389355742296919 0.7194444444444444 0.32212885154061627 0.42407407407407405
0 0.13725490196078433 0.4842592592592593 0.0056022408963585435 0.001851851851851852
0 0.43557422969187676 0.4824074074074074 0.008403361344537815 0.005555555555555556
0 0.40476190476190477 0.4824074074074074 0.014005602240896359 0.005555555555555556
0 0.17086834733893558 0.44907407407407407 0.0056022408963585435 0.001851851851851852
0 0.25210084033613445 0.4287037037037037 0.011204481792717087 0.005555555555555556
0 0.25210084033613445 0.4166666666666667 0.0056022408963585435 0.003703703703703704
0 0.7450980392156863 0.3990740740740741 0.09523809523809523 0.005555555555555556
0 0.9957983193277311 0.39444444444444443 0.008403361344537815 0.003703703703703704
0 0.0546218487394958 0.22777777777777777 0.008403361344537815 0.003703703703703704
0 0.9915966386554622 0.2111111111111111 0.01680672268907563 0.003703703703703704
0 0.9971988795518207 0.20092592592592592 0.0056022408963585435 0.001851851851851852
0 0.9495798319327731 0.20092592592592592 0.011204481792717087 0.001851851851851852
0 0.06862745098039216 0.1814814814814815 0.03081232492997199 0.003703703703703704
0 0.9789915966386554 0.1712962962962963 0.04201680672268908 0.005555555555555556
0 0.5056022408963585 0.14722222222222223 0.025210084033613446 0.001851851851851852
0 0.16666666666666666 0.14074074074074075 0.058823529411764705 0.003703703703703704
0 0.11064425770308123 0.14166666666666666 0.04201680672268908 0.005555555555555556
0 0.07703081232492998 0.14166666666666666 0.0196078431372549 0.005555555555555556
0 0.16526610644257703 0.14537037037037037 0.22969187675070027 0.016666666666666666
0 0.13025210084033614 0.13148148148148148 0.014005602240896359 0.003703703703703704
0 0.08403361344537816 0.13148148148148148 0.07282913165266107 0.007407407407407408
0 0.20168067226890757 0.12962962962962962 0.0896358543417367 0.007407407407407408
0 0.32492997198879553 0.11944444444444445 0.011204481792717087 0.001851851851851852
0 0.5280112044817927 0.1175925925925926 0.008403361344537815 0.001851851851851852
0 0.16666666666666666 0.12129629629629629 0.24369747899159663 0.009259259259259259
0 0.22268907563025211 0.11018518518518519 0.014005602240896359 0.001851851851851852
0 0.16246498599439776 0.1111111111111111 0.011204481792717087 0.003703703703703704
0 0.2507002801120448 0.11018518518518519 0.03081232492997199 0.005555555555555556
0 0.23249299719887956 0.10092592592592593 0.01680672268907563 0.001851851851851852
0 0.19887955182072828 0.10185185185185185 0.0392156862745098 0.003703703703703704
0 0.26750700280112044 0.10092592592592593 0.025210084033613446 0.005555555555555556
0 0.11204481792717087 0.10648148148148148 0.12885154061624648 0.016666666666666666
0 0.5742296918767507 0.09722222222222222 0.011204481792717087 0.001851851851851852
0 0.5070028011204482 0.07685185185185185 0.12885154061624648 0.024074074074074074
0 0.3543417366946779 0.07777777777777778 0.11484593837535013 0.025925925925925925
0 0.5224089635854342 0.49722222222222223 0.9551820728291317 0.8833333333333333
0 0.6008403361344538 0.009259259259259259 0.008403361344537815 0.011111111111111112
0 0.6694677871148459 0.014814814814814815 0.06162464985994398 0.02962962962962963
0 0.5756302521008403 0.007407407407407408 0.025210084033613446 0.014814814814814815
0 0.5406162464985994 0.006481481481481481 0.0056022408963585435 0.012962962962962963
0 0.4005602240896359 0.012037037037037037 0.24089635854341737 0.024074074074074074
0 0.16946778711484595 0.04814814814814815 0.2549019607843137 0.0962962962962963
