0 0.9781420765027322 0.9293478260869565 0.04371584699453552 0.025362318840579712
0 0.4890710382513661 0.9094202898550725 0.03278688524590164 0.007246376811594203
0 0.5409836065573771 0.8931159420289855 0.00546448087431694 0.0036231884057971015
0 0.48633879781420764 0.8903985507246377 0.0273224043715847 0.016304347826086956
0 0.47950819672131145 0.8713768115942029 0.01366120218579235 0.010869565217391304
0 0.5327868852459017 0.8677536231884058 0.0273224043715847 0.010869565217391304
0 0.5027322404371585 0.865036231884058 0.01639344262295082 0.005434782608695652
0 0.5969945355191257 0.8867753623188406 0.05191256830601093 0.07789855072463768
0 0.32103825136612024 0.8876811594202898 0.27049180327868855 0.07971014492753623
0 0.994535519125683 0.8460144927536232 0.01092896174863388 0.057971014492753624
0 0.9726775956284153 0.7844202898550725 0.0546448087431694 0.036231884057971016
0 0.9740437158469946 0.7509057971014492 0.05191256830601093 0.005434782608695652
0 0.9918032786885246 0.7436594202898551 0.01639344262295082 0.005434782608695652
0 0.18442622950819673 0.7101449275362319 0.00819672131147541 0.0036231884057971015
0 0.18032786885245902 0.7028985507246377 0.01639344262295082 0.0036231884057971015
0 0.15710382513661203 0.7019927536231884 0.01912568306010929 0.005434782608695652
0 0.004098360655737705 0.6911231884057971 0.00819672131147541 0.005434782608695652
0 0.4603825136612022 0.6875 0.00819672131147541 0.0018115942028985507
0 0.8743169398907104 0.6829710144927537 0.01092896174863388 0.0036231884057971015
0 0.3879781420765027 0.6793478260869565 0.02185792349726776 0.0036231884057971015
0 0.5204918032786885 0.6711956521739131 0.01366120218579235 0.0018115942028985507
0 0.32103825136612024 0.6648550724637681 0.11748633879781421 0.014492753623188406
0 0.26639344262295084 0.6585144927536232 0.00819672131147541 0.0018115942028985507
0 0.6133879781420765 0.697463768115942 0.5163934426229508 0.09782608695652174
0 0.2937158469945355 0.6503623188405797 0.07377049180327869 0.007246376811594203
0 0.4890710382513661 0.7364130434782609 0.9781420765027322 0.18297101449275363
0 0.036885245901639344 0.5987318840579711 0.07377049180327869 0.1721014492753623
0 0.7185792349726776 0.5027173913043478 0.02185792349726776 0.005434782608695652
0 0.20218579234972678 0.4990942028985507 0.09836065573770492 0.005434782608695652
0 0.0273224043715847 0.5 0.0546448087431694 0.010869565217391304
0 0.12431693989071038 0.4990942028985507 0.04644808743169399 0.012681159420289856
0 0.7090163934426229 0.4927536231884058 0.04644808743169399 0.007246376811594203
0 0.46174863387978143 0.5634057971014492 0.7377049180327869 0.15579710144927536
0 0.7158469945355191 0.483695652173913 0.02185792349726776 0.0036231884057971015
0 0.8210382513661202 0.49094202898550726 0.01912568306010929 0.025362318840579712
0 0.32650273224043713 0.4791666666666667 0.040983606557377046 0.005434782608695652
0 0.13797814207650272 0.48188405797101447 0.07923497267759563 0.010869565217391304
0 0.02459016393442623 0.48188405797101447 0.04918032786885246 0.010869565217391304
0 0.5450819672131147 0.47644927536231885 0.00819672131147541 0.0036231884057971015
0 0.7131147540983607 0.4746376811594203 0.02185792349726776 0.0036231884057971015
0 0.8237704918032787 0.4692028985507246 0.01366120218579235 0.014492753623188406
0 0.32650273224043713 0.46195652173913043 0.030054644808743168 0.0036231884057971015
0 0.12431693989071038 0.46467391304347827 0.05737704918032787 0.009057971014492754
0 0.02185792349726776 0.46467391304347827 0.04371584699453552 0.009057971014492754
0 0.7117486338797814 0.45742753623188404 0.00819672131147541 0.0018115942028985507
0 0.6666666666666666 0.45742753623188404 0.00546448087431694 0.0018115942028985507
0 0.610655737704918 0.4601449275362319 0.09562841530054644 0.007246376811594203
0 0.825136612021858 0.45561594202898553 0.01639344262295082 0.005434782608695652
0 0.5724043715846995 0.4492753623188406 0.01366120218579235 0.0036231884057971015
0 0.8237704918032787 0.447463768115942 0.02459016393442623 0.007246376811594203
0 0.3292349726775956 0.4429347826086957 0.04644808743169399 0.005434782608695652
0 0.9658469945355191 0.43568840579710144 0.06830601092896176 0.005434782608695652
0 0.319672131147541 0.4338768115942029 0.04371584699453552 0.005434782608695652
0 0.5614754098360656 0.43568840579710144 0.07923497267759563 0.016304347826086956
0 0.9644808743169399 0.42481884057971014 0.07103825136612021 0.005434782608695652
0 0.3128415300546448 0.42391304347826086 0.05191256830601093 0.007246376811594203
0 0.19672131147540983 0.42391304347826086 0.12568306010928962 0.007246376811594203
0 0.5806010928961749 0.41938405797101447 0.00273224043715847 0.0018115942028985507
0 0.6147540983606558 0.41938405797101447 0.01092896174863388 0.005434782608695652
0 0.30191256830601093 0.4121376811594203 0.05737704918032787 0.005434782608695652
0 0.6010928961748634 0.40851449275362317 0.06557377049180328 0.009057971014492754
0 0.9453551912568307 0.4048913043478261 0.02185792349726776 0.005434782608695652
0 0.025956284153005466 0.4257246376811594 0.05191256830601093 0.05434782608695652
0 0.5792349726775956 0.39855072463768115 0.03278688524590164 0.0036231884057971015
0 0.6243169398907104 0.39855072463768115 0.01912568306010929 0.007246376811594203
0 0.3756830601092896 0.3813405797101449 0.00819672131147541 0.0018115942028985507
0 0.41939890710382516 0.3813405797101449 0.05191256830601093 0.005434782608695652
0 0.6202185792349727 0.3786231884057971 0.00546448087431694 0.0036231884057971015
0 0.015027322404371584 0.35054347826086957 0.030054644808743168 0.08152173913043478
0 0.9713114754098361 0.2971014492753623 0.05737704918032787 0.15942028985507245
0 0.4822404371584699 0.23641304347826086 0.9644808743169399 0.42934782608695654
0 0.6366120218579235 0.01177536231884058 0.0546448087431694 0.02355072463768116
0 0.5792349726775956 0.002717391304347826 0.00546448087431694 0.005434782608695652
0 0.5259562841530054 0.006340579710144928 0.02459016393442623 0.012681159420289856
0 0.3510928961748634 0.010869565217391304 0.27595628415300544 0.021739130434782608
