0 0.013623978201634877 0.9945848375451264 0.027247956403269755 0.010830324909747292
0 0.1226158038147139 0.990072202166065 0.0653950953678474 0.019855595667870037
0 0.31743869209809267 0.9819494584837545 0.37329700272479566 0.036101083032490974
0 0.6607629427792916 0.9620938628158845 0.013623978201634877 0.007220216606498195
0 0.9713896457765667 0.953971119133574 0.02997275204359673 0.009025270758122744
0 0.7833787465940054 0.9503610108303249 0.0027247956403269754 0.0018050541516245488
0 0.9959128065395095 0.9476534296028881 0.008174386920980926 0.0036101083032490976
0 0.8637602179836512 0.9494584837545126 0.05994550408719346 0.010830324909747292
0 0.603542234332425 0.9214801444043321 0.0027247956403269754 0.0018050541516245488
0 0.989100817438692 0.9133574007220217 0.021798365122615803 0.0036101083032490976
0 0.6362397820163488 0.9034296028880866 0.0027247956403269754 0.0018050541516245488
0 0.6198910081743869 0.9034296028880866 0.013623978201634877 0.005415162454873646
0 0.5858310626702997 0.9016245487364621 0.021798365122615803 0.009025270758122744
0 0.5640326975476839 0.9007220216606499 0.005449591280653951 0.007220216606498195
0 0.6362397820163488 0.8844765342960289 0.008174386920980926 0.0036101083032490976
0 0.6089918256130791 0.881768953068592 0.008174386920980926 0.0018050541516245488
0 0.5858310626702997 0.8871841155234657 0.021798365122615803 0.01263537906137184
0 0.5640326975476839 0.8826714801444043 0.010899182561307902 0.018050541516245487
0 0.6307901907356949 0.8646209386281588 0.01907356948228883 0.007220216606498195
0 0.5667574931880109 0.8646209386281588 0.01634877384196185 0.01444043321299639
0 0.5871934604904632 0.855595667870036 0.01907356948228883 0.007220216606498195
0 0.42370572207084467 0.881768953068592 0.3079019073569482 0.08844765342960288
0 0.6839237057220708 0.8772563176895307 0.05994550408719346 0.09025270758122744
0 0.9959128065395095 0.7509025270758123 0.008174386920980926 0.010830324909747292
0 0.896457765667575 0.740072202166065 0.04904632152588556 0.0036101083032490976
0 0.8419618528610354 0.7229241877256317 0.010899182561307902 0.0018050541516245488
0 0.8746594005449592 0.7220216606498195 0.010899182561307902 0.0036101083032490976
0 0.8991825613079019 0.7211191335740073 0.027247956403269755 0.005415162454873646
0 0.1226158038147139 0.7102888086642599 0.010899182561307902 0.005415162454873646
0 0.8719346049046321 0.7048736462093863 0.005449591280653951 0.0018050541516245488
0 0.8446866485013624 0.7048736462093863 0.005449591280653951 0.0018050541516245488
0 0.38419618528610355 0.7030685920577617 0.021798365122615803 0.005415162454873646
0 0.9986376021798365 0.6561371841155235 0.0027247956403269754 0.0018050541516245488
0 0.997275204359673 0.648014440433213 0.005449591280653951 0.0036101083032490976
0 0.8732970027247956 0.6425992779783394 0.008174386920980926 0.0036101083032490976
0 0.8692098092643051 0.6326714801444043 0.021798365122615803 0.0018050541516245488
0 0.8460490463215259 0.6335740072202166 0.013623978201634877 0.0036101083032490976
0 0.9931880108991825 0.6344765342960289 0.013623978201634877 0.016245487364620937
0 0.773841961852861 0.6272563176895307 0.010899182561307902 0.0018050541516245488
0 0.7942779291553134 0.6263537906137184 0.013623978201634877 0.0036101083032490976
0 0.8487738419618529 0.6236462093862816 0.07901907356948229 0.009025270758122744
0 0.9427792915531336 0.601985559566787 0.010899182561307902 0.01263537906137184
0 0.10899182561307902 0.5631768953068592 0.021798365122615803 0.039711191335740074
0 0.49318801089918257 0.6534296028880866 0.9863760217983651 0.33935018050541516
0 0.9904632152588556 0.5523465703971119 0.01907356948228883 0.1407942238267148
0 0.17574931880108993 0.47833935018050544 0.008174386920980926 0.0036101083032490976
0 0.9986376021798365 0.4720216606498195 0.0027247956403269754 0.0018050541516245488
0 0.9019073569482289 0.4575812274368231 0.005449591280653951 0.0018050541516245488
0 0.997275204359673 0.4566787003610108 0.005449591280653951 0.0036101083032490976
0 0.9032697547683923 0.4404332129963899 0.01907356948228883 0.0036101083032490976
0 0.9959128065395095 0.4395306859205776 0.008174386920980926 0.005415162454873646
0 0.896457765667575 0.4296028880866426 0.010899182561307902 0.0036101083032490976
0 0.723433242506812 0.4214801444043321 0.0027247956403269754 0.0018050541516245488
0 0.896457765667575 0.4214801444043321 0.01634877384196185 0.005415162454873646
0 0.997275204359673 0.4196750902527076 0.005449591280653951 0.005415162454873646
0 0.896457765667575 0.41064981949458484 0.01634877384196185 0.005415162454873646
0 0.9959128065395095 0.39981949458483756 0.008174386920980926 0.005415162454873646
0 0.8978201634877384 0.39981949458483756 0.01907356948228883 0.005415162454873646
0 0.8978201634877384 0.3898916967509025 0.013623978201634877 0.0036101083032490976
0 0.9959128065395095 0.38898916967509023 0.008174386920980926 0.005415162454873646
0 0.18119891008174388 0.3835740072202166 0.04087193460490463 0.005415162454873646
0 0.997275204359673 0.37815884476534295 0.005449591280653951 0.005415162454873646
0 0.7384196185286104 0.36913357400722024 0.005449591280653951 0.0018050541516245488
0 0.8991825613079019 0.36732851985559567 0.005449591280653951 0.0018050541516245488
0 0.9019073569482289 0.3574007220216607 0.005449591280653951 0.0036101083032490976
0 0.9713896457765667 0.34205776173285196 0.0027247956403269754 0.0018050541516245488
0 0.9741144414168937 0.3348375451263538 0.0027247956403269754 0.0018050541516245488
0 0.9918256130790191 0.34205776173285196 0.01634877384196185 0.05595667870036101
0 0.9700272479564033 0.1796028880866426 0.005449591280653951 0.009025270758122744
0 0.5245231607629428 0.29873646209386284 0.9073569482288828 0.3628158844765343
0 0.6430517711171662 0.11191335740072202 0.05994550408719346 0.007220216606498195
0 0.7193460490463215 0.09657039711191336 0.005449591280653951 0.0018050541516245488
0 0.7057220708446866 0.09657039711191336 0.005449591280653951 0.0018050541516245488
0 0.776566757493188 0.09476534296028881 0.010899182561307902 0.0018050541516245488
0 0.9318801089918256 0.09296028880866426 0.005449591280653951 0.0018050541516245488
0 0.9128065395095368 0.09296028880866426 0.005449591280653951 0.0018050541516245488
0 0.8923705722070845 0.09386281588447654 0.008174386920980926 0.0036101083032490976
0 0.9741144414168937 0.09296028880866426 0.02452316076294278 0.005415162454873646
0 0.7098092643051771 0.07851985559566788 0.008174386920980926 0.0018050541516245488
0 0.8732970027247956 0.0776173285198556 0.0027247956403269754 0.0036101083032490976
0 0.9400544959128065 0.07671480144404332 0.10899182561307902 0.005415162454873646
0 0.005449591280653951 0.06588447653429604 0.010899182561307902 0.0018050541516245488
0 0.9632152588555858 0.05685920577617329 0.07356948228882834 0.005415162454873646
0 0.8528610354223434 0.04963898916967509 0.010899182561307902 0.0018050541516245488
0 0.8283378746594006 0.04963898916967509 0.010899182561307902 0.0018050541516245488
0 0.8896457765667575 0.048736462093862815 0.008174386920980926 0.0036101083032490976
0 0.4114441416893733 0.08393501805054152 0.7956403269754768 0.0740072202166065
0 0.9618528610354223 0.04693140794223827 0.07629427792915532 0.007220216606498195
0 0.9809264305177112 0.03700361010830325 0.03814713896457766 0.005415162454873646
0 0.997275204359673 0.02707581227436823 0.005449591280653951 0.0036101083032490976
0 0.6607629427792916 0.010830324909747292 0.0027247956403269754 0.0036101083032490976
0 0.5817438692098093 0.009927797833935019 0.013623978201634877 0.005415162454873646
0 0.6975476839237057 0.009025270758122744 0.01634877384196185 0.007220216606498195
0 0.5722070844686649 0.0009025270758122744 0.005449591280653951 0.0018050541516245488
0 0.4427792915531335 0.002707581227436823 0.008174386920980926 0.005415162454873646
0 0.4114441416893733 0.002707581227436823 0.010899182561307902 0.005415162454873646
0 0.37193460490463215 0.0036101083032490976 0.008174386920980926 0.007220216606498195
0 0.329700272479564 0.007220216606498195 0.0326975476839237 0.01444043321299639
0 0.39509536784741145 0.017148014440433214 0.2779291553133515 0.03429602888086643
