0 0.48271276595744683 0.9903100775193798 0.023936170212765957 0.01937984496124031
0 0.4228723404255319 0.9903100775193798 0.0425531914893617 0.01937984496124031
0 0.3670212765957447 0.9903100775193798 0.03723404255319149 0.01937984496124031
0 0.6569148936170213 0.9844961240310077 0.010638297872340425 0.031007751937984496
0 0.625 0.9709302325581395 0.005319148936170213 0.003875968992248062
0 0.5944148936170213 0.9844961240310077 0.013297872340425532 0.031007751937984496
0 0.43351063829787234 0.9670542635658915 0.2765957446808511 0.06589147286821706
0 0.7207446808510638 0.9631782945736435 0.05319148936170213 0.07364341085271318
0 0.6555851063829787 0.04844961240310078 0.09308510638297872 0.09689922480620156
0 0.5 0.4496124031007752 1.0 0.8992248062015504
