0 0.9779527559055118 0.8372978116079924 0.015748031496062992 0.0019029495718363464
0 0.9763779527559056 0.8315889628924833 0.009448818897637795 0.0019029495718363464
0 0.9968503937007874 0.8249286393910561 0.006299212598425197 0.0019029495718363464
0 0.9795275590551181 0.8254043767840152 0.015748031496062992 0.0028544243577545195
0 0.9598425196850394 0.8196955280685062 0.011023622047244094 0.0028544243577545195
0 0.9858267716535433 0.8192197906755471 0.028346456692913385 0.003805899143672693
0 0.9606299212598425 0.8149381541389153 0.006299212598425197 0.0028544243577545195
0 0.9614173228346456 0.8111322549952427 0.0015748031496062992 0.0009514747859181732
0 0.9622047244094488 0.7997145575642245 0.009448818897637795 0.0028544243577545195
0 0.988976377952756 0.7987630827783063 0.02204724409448819 0.0028544243577545195
0 0.3716535433070866 0.5247383444338725 0.04094488188976378 0.046622264509990484
0 0.4826771653543307 0.2821122740247383 0.014173228346456693 0.0028544243577545195
0 0.9606299212598425 0.2787821122740247 0.012598425196850394 0.0019029495718363464
0 0.8803149606299212 0.2792578496669838 0.12598425196850394 0.004757373929590866
0 0.048031496062992125 0.27735490009514746 0.007874015748031496 0.0009514747859181732
0 0.9354330708661417 0.2668886774500476 0.012598425196850394 0.0009514747859181732
0 0.9614173228346456 0.2664129400570885 0.007874015748031496 0.0019029495718363464
0 0.8748031496062992 0.26736441484300666 0.07716535433070866 0.003805899143672693
0 0.8755905511811024 0.26117982873453854 0.006299212598425197 0.0009514747859181732
0 0.03622047244094488 0.2602283539486204 0.0031496062992125984 0.0009514747859181732
0 0.5 0.6198858230256898 1.0 0.7297811607992388
0 0.8795275590551181 0.2554709800190295 0.07086614173228346 0.0028544243577545195
0 0.5503937007874016 0.25166508087535683 0.02047244094488189 0.0028544243577545195
0 0.5141732283464567 0.24643196955280686 0.007874015748031496 0.0019029495718363464
0 0.8409448818897638 0.24405328258801143 0.0031496062992125984 0.0009514747859181732
0 0.9645669291338582 0.24310180780209326 0.004724409448818898 0.0009514747859181732
0 0.8858267716535433 0.24357754519505234 0.07401574803149606 0.003805899143672693
0 0.5653543307086614 0.24595623215984777 0.08818897637795275 0.014272121788772598
0 0.552755905511811 0.23501427212178877 0.07244094488188976 0.005708848715509039
0 0.8842519685039371 0.23168411037107517 0.06456692913385827 0.0028544243577545195
0 0.9165354330708662 0.219790675547098 0.015748031496062992 0.0019029495718363464
0 0.8748031496062992 0.219790675547098 0.06141732283464567 0.003805899143672693
0 0.9251968503937008 0.19457659372026642 0.0015748031496062992 0.0009514747859181732
0 0.915748031496063 0.1950523311132255 0.007874015748031496 0.0019029495718363464
0 0.8811023622047244 0.1950523311132255 0.048818897637795275 0.003805899143672693
0 0.4637795275590551 0.18886774500475736 0.004724409448818898 0.0028544243577545195
0 0.41023622047244096 0.14319695528068507 0.004724409448818898 0.0028544243577545195
0 0.024409448818897637 0.11845861084681256 0.004724409448818898 0.008563273073263558
0 0.023622047244094488 0.11037107516650808 0.0031496062992125984 0.0019029495718363464
0 0.02283464566929134 0.10085632730732635 0.004724409448818898 0.003805899143672693
0 0.02047244094488189 0.09086584205518554 0.0031496062992125984 0.0028544243577545195
0 0.02125984251968504 0.0851569933396765 0.0015748031496062992 0.0009514747859181732
0 0.8976377952755905 0.11084681255946717 0.2047244094488189 0.15509039010466222
0 0.07480314960629922 0.1137012369172217 0.13700787401574804 0.170313986679353
0 0.6267716535433071 0.021883920076117985 0.009448818897637795 0.007611798287345386
0 0.6440944881889764 0.013320647002854425 0.012598425196850394 0.02664129400570885
0 0.4637795275590551 0.011893434823977164 0.16220472440944883 0.023786869647954328
