0 0.640625 0.9980988593155894 0.005208333333333333 0.0038022813688212928
0 0.3606770833333333 0.9638783269961977 0.0078125 0.011406844106463879
0 0.48046875 0.9771863117870723 0.0234375 0.045627376425855515
0 0.4348958333333333 0.9771863117870723 0.015625 0.045627376425855515
0 0.3893229166666667 0.9771863117870723 0.0234375 0.045627376425855515
0 0.58984375 0.9581749049429658 0.0078125 0.015209125475285171
0 0.5611979166666666 0.5114068441064639 0.0078125 0.0038022813688212928
0 0.0026041666666666665 0.3593155893536122 0.005208333333333333 0.011406844106463879
0 0.0026041666666666665 0.3193916349809886 0.005208333333333333 0.015209125475285171
0 0.0026041666666666665 0.2870722433460076 0.005208333333333333 0.026615969581749048
0 0.765625 0.24904942965779467 0.005208333333333333 0.0038022813688212928
0 0.0013020833333333333 0.2224334600760456 0.0026041666666666665 0.011406844106463879
0 0.0013020833333333333 0.19391634980988592 0.0026041666666666665 0.015209125475285171
0 0.5299479166666666 0.17680608365019013 0.013020833333333334 0.026615969581749048
0 0.0013020833333333333 0.1596958174904943 0.0026041666666666665 0.015209125475285171
0 0.5950520833333334 0.15779467680608364 0.028645833333333332 0.019011406844106463
0 0.63671875 0.13307984790874525 0.028645833333333332 0.022813688212927757
0 0.5807291666666666 0.12737642585551331 0.010416666666666666 0.019011406844106463
0 0.546875 0.1482889733840304 0.03125 0.060836501901140684
0 0.6783854166666666 0.11596958174904944 0.0234375 0.011406844106463879
0 0.578125 0.10836501901140684 0.005208333333333333 0.011406844106463879
0 0.0013020833333333333 0.11406844106463879 0.0026041666666666665 0.053231939163498096
0 0.5052083333333334 0.4600760456273764 0.9895833333333334 0.8060836501901141
0 0.6809895833333334 0.009505703422053232 0.0078125 0.011406844106463879
0 0.7578125 0.017110266159695818 0.020833333333333332 0.034220532319391636
0 0.72265625 0.017110266159695818 0.0078125 0.034220532319391636
0 0.6458333333333334 0.0076045627376425855 0.020833333333333332 0.015209125475285171
0 0.6158854166666666 0.0019011406844106464 0.0026041666666666665 0.0038022813688212928
0 0.4596354166666667 0.02091254752851711 0.2682291666666667 0.04182509505703422
