0 0.5106100795755968 0.9922480620155039 0.01856763925729443 0.015503875968992248
0 0.3952254641909814 0.9922480620155039 0.03183023872679045 0.015503875968992248
0 0.4509283819628647 0.9903100775193798 0.042440318302387266 0.01937984496124031
0 0.6830238726790451 0.9864341085271318 0.013262599469496022 0.027131782945736434
0 0.6511936339522546 0.9767441860465116 0.007957559681697613 0.007751937984496124
0 0.6206896551724138 0.9864341085271318 0.010610079575596816 0.027131782945736434
0 0.46021220159151194 0.9689922480620154 0.27320954907161804 0.06201550387596899
0 0.7453580901856764 0.9651162790697675 0.05305039787798409 0.06976744186046512
0 0.6870026525198939 0.050387596899224806 0.09018567639257294 0.10077519379844961
0 0.5 0.4476744186046512 1.0 0.8953488372093024
