0 0.3293333333333333 0.9961089494163424 0.013333333333333334 0.007782101167315175
0 0.684 0.9824902723735408 0.050666666666666665 0.03501945525291829
0 0.39466666666666667 0.9727626459143969 0.2826666666666667 0.054474708171206226
0 0.6133333333333333 0.02529182879377432 0.005333333333333333 0.0038910505836575876
0 0.5 0.46303501945525294 1.0 0.9260700389105059
0 0.676 0.0019455252918287938 0.0026666666666666666 0.0038910505836575876
0 0.6426666666666667 0.011673151750972763 0.016 0.023346303501945526
0 0.6306666666666667 0.04085603112840467 0.088 0.08171206225680934
0 0.484 0.021400778210116732 0.013333333333333334 0.042801556420233464
0 0.4106666666666667 0.019455252918287938 0.016 0.038910505836575876
0 0.36666666666666664 0.017509727626459144 0.04533333333333334 0.03501945525291829
0 0.432 0.04669260700389105 0.2773333333333333 0.0933852140077821
