0 0.514218009478673 0.99836867862969 0.004739336492890996 0.0032626427406199023
0 0.44470774091627174 0.99836867862969 0.004739336492890996 0.0032626427406199023
0 0.4802527646129542 0.9975530179445351 0.018957345971563982 0.004893964110929853
0 0.5837282780410743 0.9967373572593801 0.007898894154818325 0.0065252854812398045
0 0.6137440758293838 0.9910277324632952 0.001579778830963665 0.0016313213703099511
0 0.5987361769352291 0.9926590538336052 0.01263823064770932 0.008156606851549755
0 0.026066350710900472 0.700652528548124 0.007898894154818325 0.004893964110929853
0 0.07109004739336493 0.3197389885807504 0.00631911532385466 0.0032626427406199023
0 0.06477093206951026 0.299347471451876 0.00631911532385466 0.004893964110929853
0 0.06398104265402843 0.2895595432300163 0.001579778830963665 0.0016313213703099511
0 0.06398104265402843 0.2234910277324633 0.007898894154818325 0.0032626427406199023
0 0.5071090047393365 0.48694942903752036 0.985781990521327 0.9347471451876019
0 0.6105845181674565 0.008156606851549755 0.007898894154818325 0.0032626427406199023
0 0.6327014218009479 0.008156606851549755 0.017377567140600316 0.0065252854812398045
0 0.5955766192733017 0.004893964110929853 0.009478672985781991 0.009787928221859706
