0 0.03110419906687403 0.7632423756019262 0.006220839813374806 0.004815409309791332
0 0.09097978227060653 0.7544141252006421 0.013996889580093312 0.0032102728731942215
0 0.03421461897356143 0.7439807383627608 0.006220839813374806 0.0016051364365971107
0 0.09642301710730948 0.7335473515248796 0.012441679626749611 0.0032102728731942215
0 0.07620528771384137 0.7335473515248796 0.02177293934681182 0.0032102728731942215
0 0.03654743390357698 0.7335473515248796 0.007776049766718507 0.0032102728731942215
0 0.03265940902021773 0.6974317817014446 0.003110419906687403 0.0016051364365971107
0 0.9673405909797823 0.687800963081862 0.003110419906687403 0.0016051364365971107
0 0.41835147744945567 0.41492776886035315 0.006220839813374806 0.008025682182985553
0 0.41601866251944014 0.4085072231139647 0.0015552099533437014 0.0016051364365971107
0 0.13297045101088648 0.38924558587479935 0.0015552099533437014 0.0016051364365971107
0 0.11430793157076205 0.39325842696629215 0.017107309486780714 0.02247191011235955
0 0.5 0.6565008025682183 1.0 0.6003210272873194
0 0.890357698289269 0.23996789727126805 0.0015552099533437014 0.0016051364365971107
0 0.7488335925349923 0.2174959871589085 0.029548989113530325 0.008025682182985553
0 0.5653188180404355 0.20224719101123595 0.004665629860031105 0.0032102728731942215
0 0.8888024883359253 0.2014446227929374 0.007776049766718507 0.004815409309791332
0 0.7581648522550545 0.20465489566613163 0.017107309486780714 0.011235955056179775
0 0.5567651632970451 0.2014446227929374 0.006220839813374806 0.004815409309791332
0 0.5474339035769828 0.20064205457463885 0.003110419906687403 0.0032102728731942215
0 0.7410575427682737 0.2030497592295345 0.01088646967340591 0.011235955056179775
0 0.49455676516329705 0.20064205457463885 0.006220839813374806 0.006420545746388443
0 0.48522550544323484 0.1998394863563403 0.006220839813374806 0.008025682182985553
0 0.5668740279937792 0.19502407704654895 0.007776049766718507 0.004815409309791332
0 0.890357698289269 0.1869983948635634 0.0015552099533437014 0.0016051364365971107
0 0.49455676516329705 0.1869983948635634 0.006220839813374806 0.004815409309791332
0 0.6127527216174183 0.19502407704654895 0.02177293934681182 0.024077046548956663
0 0.5559875583203733 0.1797752808988764 0.004665629860031105 0.006420545746388443
0 0.5489891135303266 0.18057784911717495 0.006220839813374806 0.008025682182985553
0 0.8911353032659409 0.17174959871589085 0.003110419906687403 0.0032102728731942215
0 0.6539657853810265 0.1709470304975923 0.007776049766718507 0.008025682182985553
0 0.6842923794712286 0.17174959871589085 0.00933125972006221 0.012841091492776886
0 0.7939346811819595 0.16853932584269662 0.017107309486780714 0.019261637239165328
0 0.7480559875583204 0.1653290529695024 0.006220839813374806 0.012841091492776886
0 0.7628304821150855 0.16292134831460675 0.004665629860031105 0.011235955056179775
0 0.7091757387247278 0.16693418940609953 0.01866251944012442 0.03210272873194221
0 0.8895800933125972 0.15329052969502407 0.00933125972006221 0.008025682182985553
0 0.4906687402799378 0.16131621187800962 0.02021772939346812 0.0593900481540931
0 0.5388802488335925 0.15971107544141253 0.06998444790046657 0.0593900481540931
0 0.048989113530326596 0.12118780096308186 0.09175738724727839 0.17174959871589085
0 0.6804043545878694 0.12279293739967898 0.6111975116640747 0.18459069020866772
