0 0.5691906005221932 0.9980916030534351 0.005221932114882507 0.003816793893129771
0 0.6018276762402088 0.9961832061068703 0.007832898172323759 0.007633587786259542
0 0.402088772845953 0.9961832061068703 0.03655352480417755 0.007633587786259542
0 0.6174934725848564 0.9923664122137404 0.0026109660574412533 0.007633587786259542
0 0.34203655352480417 0.9942748091603053 0.02610966057441253 0.011450381679389313
0 0.716710182767624 0.9809160305343512 0.013054830287206266 0.03816793893129771
0 0.5195822454308094 0.9809160305343512 0.05221932114882506 0.03816793893129771
0 0.293733681462141 0.9790076335877863 0.0391644908616188 0.04198473282442748
0 0.1279373368146214 0.8282442748091603 0.005221932114882507 0.007633587786259542
0 0.2741514360313316 0.8072519083969466 0.015665796344647518 0.011450381679389313
0 0.23759791122715404 0.8053435114503816 0.005221932114882507 0.007633587786259542
0 0.2689295039164491 0.7843511450381679 0.020887728459530026 0.019083969465648856
0 0.17101827676240208 0.7614503816793893 0.0026109660574412533 0.003816793893129771
0 0.15796344647519583 0.7614503816793893 0.018276762402088774 0.011450381679389313
0 0.27154046997389036 0.7614503816793893 0.031331592689295036 0.019083969465648856
0 0.26631853785900783 0.7385496183206107 0.031331592689295036 0.011450381679389313
0 0.2349869451697128 0.7633587786259542 0.020887728459530026 0.061068702290076333
0 0.24151436031331594 0.7156488549618321 0.007832898172323759 0.011450381679389313
0 0.24151436031331594 0.6927480916030534 0.007832898172323759 0.011450381679389313
0 0.22845953002610966 0.6927480916030534 0.007832898172323759 0.011450381679389313
0 0.6866840731070496 0.019083969465648856 0.06266318537859007 0.03816793893129771
0 0.5992167101827677 0.015267175572519083 0.09138381201044386 0.030534351145038167
0 0.5 0.45038167938931295 1.0 0.9007633587786259
