0 0.2538167938931298 0.7564102564102564 0.003816793893129771 0.00641025641025641
0 0.06870229007633588 0.7451923076923077 0.003816793893129771 0.003205128205128205
0 0.05534351145038168 0.7435897435897436 0.003816793893129771 0.00641025641025641
0 0.0028625954198473282 0.7419871794871795 0.0057251908396946565 0.003205128205128205
0 0.19370229007633588 0.7227564102564102 0.0019083969465648854 0.003205128205128205
0 0.13358778625954199 0.6858974358974359 0.007633587786259542 0.00641025641025641
0 0.06297709923664122 0.6810897435897436 0.022900763358778626 0.009615384615384616
0 0.09255725190839695 0.7035256410256411 0.1851145038167939 0.0673076923076923
0 0.1316793893129771 0.6682692307692307 0.003816793893129771 0.003205128205128205
0 0.12118320610687022 0.6666666666666666 0.0057251908396946565 0.00641025641025641
0 0.05534351145038168 0.6634615384615384 0.05725190839694656 0.01282051282051282
0 0.05725190839694656 0.6442307692307693 0.06870229007633588 0.01282051282051282
0 0.030534351145038167 0.6426282051282052 0.061068702290076333 0.04807692307692308
0 0.12404580152671756 0.6105769230769231 0.003816793893129771 0.003205128205128205
0 0.15839694656488548 0.6121794871794872 0.05343511450381679 0.01282051282051282
0 0.09064885496183206 0.6073717948717948 0.02480916030534351 0.009615384615384616
0 0.029580152671755726 0.6057692307692307 0.05916030534351145 0.01282051282051282
0 0.030534351145038167 0.5881410256410257 0.061068702290076333 0.016025641025641024
0 0.09351145038167939 0.5336538461538461 0.022900763358778626 0.009615384615384616
0 0.060114503816793896 0.532051282051282 0.009541984732824428 0.00641025641025641
0 0.03435114503816794 0.530448717948718 0.015267175572519083 0.003205128205128205
0 0.003816793893129771 0.5288461538461539 0.007633587786259542 0.00641025641025641
0 0.08969465648854962 0.5160256410256411 0.061068702290076333 0.01282051282051282
0 0.035305343511450385 0.5112179487179487 0.02480916030534351 0.009615384615384616
0 0.006679389312977099 0.5096153846153846 0.013358778625954198 0.00641025641025641
0 0.8835877862595419 0.22916666666666666 0.22137404580152673 0.028846153846153848
0 0.49809160305343514 0.594551282051282 0.9961832061068703 0.8108974358974359
0 0.9408396946564885 0.1955128205128205 0.10305343511450382 0.02564102564102564
0 0.7423664122137404 0.1842948717948718 0.003816793893129771 0.003205128205128205
0 0.33969465648854963 0.17467948717948717 0.6793893129770993 0.041666666666666664
0 0.8368320610687023 0.15705128205128205 0.07442748091603053 0.01282051282051282
0 0.9494274809160306 0.16025641025641027 0.08969465648854962 0.02564102564102564
0 0.3377862595419847 0.14102564102564102 0.6755725190839694 0.038461538461538464
0 0.6708015267175572 0.11858974358974358 0.0019083969465648854 0.00641025641025641
0 0.9456106870229007 0.1266025641025641 0.08587786259541985 0.028846153846153848
0 0.32729007633587787 0.10737179487179487 0.6545801526717557 0.041666666666666664
0 0.6803435114503816 0.08333333333333333 0.07061068702290077 0.01282051282051282
0 0.5400763358778626 0.08493589743589744 0.20229007633587787 0.016025641025641024
0 0.4312977099236641 0.07852564102564102 0.007633587786259542 0.003205128205128205
0 0.9456106870229007 0.08333333333333333 0.09732824427480916 0.038461538461538464
0 0.5162213740458015 0.02403846153846154 0.0057251908396946565 0.009615384615384616
0 0.49713740458015265 0.016025641025641024 0.013358778625954198 0.019230769230769232
0 0.5477099236641222 0.009615384615384616 0.011450381679389313 0.019230769230769232
0 0.523854961832061 0.00641025641025641 0.009541984732824428 0.01282051282051282
0 0.4551526717557252 0.01282051282051282 0.03244274809160305 0.02564102564102564
0 0.4112595419847328 0.008012820512820512 0.009541984732824428 0.016025641025641024
0 0.35877862595419846 0.009615384615384616 0.011450381679389313 0.019230769230769232
0 0.32729007633587787 0.009615384615384616 0.02862595419847328 0.019230769230769232
0 0.375 0.02403846153846154 0.20038167938931298 0.04807692307692308
