0 0.5906862745098039 0.9915682967959528 0.0016339869281045752 0.003372681281618887
0 0.553921568627451 0.9856661045531198 0.0032679738562091504 0.00505902192242833
0 0.4852941176470588 0.9915682967959528 0.013071895424836602 0.016863406408094434
0 0.4526143790849673 0.9915682967959528 0.029411764705882353 0.016863406408094434
0 0.4158496732026144 0.9915682967959528 0.011437908496732025 0.016863406408094434
0 0.5841503267973857 0.9806070826306914 0.004901960784313725 0.00505902192242833
0 0.5694444444444444 0.9797639123102867 0.004901960784313725 0.003372681281618887
0 0.0457516339869281 0.7310286677908938 0.006535947712418301 0.0016863406408094434
0 0.05392156862745098 0.38617200674536256 0.006535947712418301 0.006745362563237774
0 0.015522875816993464 0.3145025295109612 0.0016339869281045752 0.0016863406408094434
0 0.04084967320261438 0.3128161888701518 0.0032679738562091504 0.0016863406408094434
0 0.00980392156862745 0.2824620573355818 0.006535947712418301 0.0016863406408094434
0 0.042483660130718956 0.2824620573355818 0.006535947712418301 0.00505902192242833
0 0.5 0.4957841483979764 1.0 0.8903878583473862
0 0.6086601307189542 0.04300168634064081 0.0016339869281045752 0.0016863406408094434
0 0.5563725490196079 0.03204047217537943 0.011437908496732025 0.006745362563237774
0 0.5874183006535948 0.01517706576728499 0.004901960784313725 0.003372681281618887
0 0.5449346405228758 0.0193929173693086 0.004901960784313725 0.011804384485666104
0 0.6299019607843137 0.022765598650927487 0.008169934640522876 0.045531197301854974
0 0.6094771241830066 0.01517706576728499 0.0032679738562091504 0.03035413153456998
0 0.5759803921568627 0.002529510961214165 0.011437908496732025 0.00505902192242833
0 0.5555555555555556 0.0016863406408094434 0.0032679738562091504 0.003372681281618887
0 0.477124183006536 0.013490725126475547 0.016339869281045753 0.026981450252951095
0 0.4395424836601307 0.01433389544688027 0.02287581699346405 0.02866779089376054
0 0.40522875816993464 0.013490725126475547 0.016339869281045753 0.026981450252951095
0 0.45016339869281047 0.022765598650927487 0.16176470588235295 0.045531197301854974
