0 0.4984848484848485 0.3364632237871675 0.0030303030303030303 0.003129890453834116
0 0.5363636363636364 0.32785602503912364 0.006060606060606061 0.004694835680751174
0 0.48787878787878786 0.325508607198748 0.0030303030303030303 0.003129890453834116
0 0.5613636363636364 0.31768388106416273 0.004545454545454545 0.003129890453834116
0 0.5287878787878788 0.31690140845070425 0.0030303030303030303 0.001564945226917058
0 0.5068181818181818 0.31690140845070425 0.0015151515151515152 0.001564945226917058
0 0.4962121212121212 0.31690140845070425 0.004545454545454545 0.004694835680751174
0 0.05 0.31768388106416273 0.00909090909090909 0.006259780907668232
0 0.5598484848484848 0.3082942097026604 0.004545454545454545 0.003129890453834116
0 0.5287878787878788 0.3082942097026604 0.00909090909090909 0.006259780907668232
0 0.5068181818181818 0.30672926447574334 0.004545454545454545 0.003129890453834116
0 0.49242424242424243 0.3075117370892019 0.015151515151515152 0.004694835680751174
0 0.05 0.3075117370892019 0.006060606060606061 0.004694835680751174
0 0.5060606060606061 0.29890453834115804 0.0030303030303030303 0.003129890453834116
0 0.4962121212121212 0.2981220657276995 0.0015151515151515152 0.001564945226917058
0 0.48787878787878786 0.297339593114241 0.0030303030303030303 0.003129890453834116
0 0.048484848484848485 0.297339593114241 0.00909090909090909 0.006259780907668232
0 0.5340909090909091 0.2887323943661972 0.0015151515151515152 0.001564945226917058
0 0.5287878787878788 0.28794992175273865 0.006060606060606061 0.003129890453834116
0 0.5204545454545455 0.28794992175273865 0.004545454545454545 0.003129890453834116
0 0.04772727272727273 0.2871674491392801 0.0015151515151515152 0.001564945226917058
0 0.5189393939393939 0.27699530516431925 0.004545454545454545 0.003129890453834116
0 0.48787878787878786 0.2762128325508607 0.0030303030303030303 0.001564945226917058
0 0.7507575757575757 0.2730829420970266 0.013636363636363636 0.004694835680751174
0 0.6113636363636363 0.2699530516431925 0.0015151515151515152 0.001564945226917058
0 0.5242424242424243 0.2676056338028169 0.01818181818181818 0.006259780907668232
0 0.5053030303030303 0.2668231611893584 0.007575757575757576 0.004694835680751174
0 0.49242424242424243 0.2668231611893584 0.015151515151515152 0.004694835680751174
0 0.759090909090909 0.26369327073552423 0.012121212121212121 0.004694835680751174
0 0.7454545454545455 0.26291079812206575 0.0030303030303030303 0.003129890453834116
0 0.5053030303030303 0.25586854460093894 0.0015151515151515152 0.001564945226917058
0 0.4871212121212121 0.25586854460093894 0.0015151515151515152 0.001564945226917058
0 0.7371212121212121 0.25273865414710484 0.004545454545454545 0.004694835680751174
0 0.7522727272727273 0.25273865414710484 0.022727272727272728 0.00782472613458529
0 0.5371212121212121 0.24647887323943662 0.0015151515151515152 0.001564945226917058
0 0.5196969696969697 0.24726134585289514 0.0030303030303030303 0.003129890453834116
0 0.5272727272727272 0.24647887323943662 0.006060606060606061 0.004694835680751174
0 0.4962121212121212 0.24726134585289514 0.019696969696969695 0.006259780907668232
0 0.7068181818181818 0.2323943661971831 0.007575757575757576 0.00782472613458529
0 0.6833333333333333 0.2323943661971831 0.006060606060606061 0.00782472613458529
0 0.8886363636363637 0.22848200312989045 0.004545454545454545 0.003129890453834116
0 0.5583333333333333 0.229264475743349 0.007575757575757576 0.004694835680751174
0 0.5666666666666667 0.22848200312989045 0.006060606060606061 0.006259780907668232
0 0.5098484848484849 0.22848200312989045 0.05303030303030303 0.009389671361502348
0 0.7098484848484848 0.2190923317683881 0.007575757575757576 0.009389671361502348
0 0.8848484848484849 0.21517996870109546 0.012121212121212121 0.010954616588419406
0 0.7484848484848485 0.22535211267605634 0.03636363636363636 0.03755868544600939
0 0.884090909090909 0.20109546165884193 0.007575757575757576 0.004694835680751174
0 0.6136363636363636 0.20500782472613457 0.024242424242424242 0.03442879499217527
0 0.8833333333333333 0.18701095461658843 0.012121212121212121 0.00782472613458529
0 0.6530303030303031 0.17996870109546165 0.00909090909090909 0.012519561815336464
0 0.7924242424242425 0.1838810641627543 0.024242424242424242 0.026604068857589983
0 0.7515151515151515 0.176056338028169 0.021212121212121213 0.017214397496087636
0 0.884090909090909 0.16823161189358374 0.010606060606060607 0.00782472613458529
0 0.6310606060606061 0.16666666666666666 0.004545454545454545 0.004694835680751174
0 0.696969696969697 0.17683881064162754 0.03939393939393939 0.03755868544600939
0 0.5242424242424243 0.17683881064162754 0.10909090909090909 0.08763693270735524
0 0.5 0.5031298904538342 1.0 0.9280125195618153
0 0.568939393939394 0.002347417840375587 0.007575757575757576 0.004694835680751174
0 0.43863636363636366 0.000782472613458529 0.013636363636363636 0.001564945226917058
