0 0.35537918871252205 0.995069033530572 0.019400352733686066 0.009861932938856016
0 0.16666666666666666 0.985207100591716 0.3333333333333333 0.029585798816568046
0 0.5185185185185185 0.9536489151873767 0.04585537918871252 0.04930966469428008
0 0.5141093474426808 0.9299802761341223 0.008818342151675485 0.005917159763313609
0 0.6516754850088183 0.9497041420118343 0.6613756613756614 0.10059171597633136
0 0.8835978835978836 0.7485207100591716 0.010582010582010581 0.009861932938856016
0 0.8483245149911817 0.7504930966469427 0.01763668430335097 0.01775147928994083
0 0.8324514991181657 0.747534516765286 0.010582010582010581 0.011834319526627219
0 0.019400352733686066 0.722879684418146 0.03880070546737213 0.04930966469428008
0 0.8350970017636684 0.6972386587771203 0.005291005291005291 0.0019723865877712033
0 0.8483245149911817 0.6962524654832347 0.007054673721340388 0.0039447731755424065
0 0.8721340388007055 0.6923076923076923 0.008818342151675485 0.011834319526627219
0 0.8483245149911817 0.6873767258382643 0.003527336860670194 0.0019723865877712033
0 0.8403880070546738 0.6627218934911243 0.005291005291005291 0.0039447731755424065
0 0.018518518518518517 0.6627218934911243 0.037037037037037035 0.03944773175542406
0 0.8474426807760141 0.645956607495069 0.005291005291005291 0.009861932938856016
0 0.8880070546737213 0.5118343195266272 0.005291005291005291 0.005917159763313609
0 0.9223985890652557 0.5108481262327417 0.024691358024691357 0.007889546351084813
0 0.9232804232804233 0.4891518737672584 0.02292768959435626 0.007889546351084813
0 0.9162257495590829 0.47041420118343197 0.001763668430335097 0.0019723865877712033
0 0.9320987654320988 0.4516765285996055 0.005291005291005291 0.0039447731755424065
0 0.9462081128747796 0.3599605522682446 0.07583774250440917 0.1242603550295858
0 0.9488536155202821 0.1942800788954635 0.007054673721340388 0.0019723865877712033
0 0.4929453262786596 0.46646942800788954 0.9858906525573192 0.8658777120315582
0 0.5440917107583775 0.028599605522682446 0.001763668430335097 0.0019723865877712033
0 0.41181657848324515 0.028599605522682446 0.008818342151675485 0.005917159763313609
0 0.5114638447971781 0.03155818540433925 0.007054673721340388 0.015779092702169626
0 0.5335097001763669 0.013806706114398421 0.008818342151675485 0.011834319526627219
0 0.5035273368606702 0.015779092702169626 0.005291005291005291 0.015779092702169626
0 0.4126984126984127 0.009861932938856016 0.003527336860670194 0.0039447731755424065
0 0.4365079365079365 0.01873767258382643 0.012345679012345678 0.02564102564102564
0 0.3915343915343915 0.01873767258382643 0.010582010582010581 0.02564102564102564
0 0.36684303350970016 0.01775147928994083 0.010582010582010581 0.027613412228796843
