0 0.16335740072202165 0.997979797979798 0.03429602888086643 0.00404040404040404
0 0.07851985559566788 0.9858585858585859 0.12093862815884476 0.028282828282828285
0 0.5649819494584838 0.9696969696969697 0.05415162454873646 0.06060606060606061
0 0.5 0.9545454545454546 0.2779783393501805 0.09090909090909091
0 0.9774368231046932 0.7929292929292929 0.03429602888086643 0.026262626262626262
0 0.9666064981949458 0.7555555555555555 0.005415162454873646 0.00404040404040404
0 0.9873646209386282 0.7383838383838384 0.0036101083032490976 0.00202020202020202
0 0.9855595667870036 0.7161616161616161 0.0036101083032490976 0.00202020202020202
0 0.9657039711191335 0.7171717171717171 0.01444043321299639 0.00404040404040404
0 0.9855595667870036 0.6909090909090909 0.01444043321299639 0.00404040404040404
0 0.9648014440433214 0.6909090909090909 0.01263537906137184 0.00404040404040404
0 0.9954873646209387 0.5121212121212121 0.009025270758122744 0.006060606060606061
0 0.0018050541516245488 0.509090909090909 0.0036101083032490976 0.00404040404040404
0 0.9963898916967509 0.501010101010101 0.007220216606498195 0.00404040404040404
0 0.01444043321299639 0.23939393939393938 0.018050541516245487 0.006060606060606061
0 0.5694945848375451 0.06161616161616162 0.005415162454873646 0.006060606060606061
0 0.4503610108303249 0.06161616161616162 0.009025270758122744 0.006060606060606061
0 0.3240072202166065 0.052525252525252523 0.009025270758122744 0.012121212121212121
0 0.42057761732851984 0.044444444444444446 0.0036101083032490976 0.00404040404040404
0 0.5 0.4676767676767677 1.0 0.898989898989899
0 0.5703971119133574 0.021212121212121213 0.018050541516245487 0.022222222222222223
0 0.5595667870036101 0.007070707070707071 0.010830324909747292 0.014141414141414142
0 0.5388086642599278 0.01616161616161616 0.023465703971119134 0.03232323232323232
0 0.4629963898916967 0.010101010101010102 0.009025270758122744 0.020202020202020204
0 0.4287003610108303 0.010101010101010102 0.03429602888086643 0.020202020202020204
0 0.3944043321299639 0.00909090909090909 0.009025270758122744 0.01818181818181818
