0 0.5216535433070866 0.9900662251655629 0.003937007874015748 0.019867549668874173
0 0.07677165354330709 0.9900662251655629 0.1220472440944882 0.019867549668874173
0 0.5492125984251969 0.9817880794701986 0.011811023622047244 0.03642384105960265
0 0.4714566929133858 0.9817880794701986 0.06496062992125984 0.03642384105960265
0 0.3198818897637795 0.9619205298013245 0.22244094488188976 0.076158940397351
0 0.1545275590551181 0.9205298013245033 0.025590551181102362 0.013245033112582781
0 0.6889763779527559 0.8708609271523179 0.015748031496062992 0.07947019867549669
0 0.8188976377952756 0.8609271523178808 0.015748031496062992 0.07947019867549669
0 0.8198818897637795 0.7963576158940397 0.005905511811023622 0.03642384105960265
0 0.9704724409448819 0.5 0.05905511811023622 0.8344370860927153
0 0.5009842519685039 0.009933774834437087 0.017716535433070866 0.019867549668874173
0 0.46358267716535434 0.4586092715231788 0.9271653543307087 0.9172185430463576
