0 0.5556640625 0.9851973684210527 0.021484375 0.029605263157894735
0 0.515625 0.9851973684210527 0.0390625 0.029605263157894735
0 0.4736328125 0.9851973684210527 0.025390625 0.029605263157894735
0 0.6376953125 0.9819078947368421 0.009765625 0.03618421052631579
0 0.67578125 0.9802631578947368 0.02734375 0.039473684210526314
0 0.6552734375 0.9671052631578947 0.017578125 0.013157894736842105
0 0.9912109375 0.6430921052631579 0.017578125 0.009868421052631578
0 0.162109375 0.44243421052631576 0.00390625 0.003289473684210526
0 0.2705078125 0.4292763157894737 0.001953125 0.003289473684210526
0 0.265625 0.42598684210526316 0.00390625 0.003289473684210526
0 0.125 0.4292763157894737 0.01953125 0.009868421052631578
0 0.232421875 0.40131578947368424 0.015625 0.006578947368421052
0 0.25390625 0.3996710526315789 0.01953125 0.009868421052631578
0 0.1982421875 0.3996710526315789 0.041015625 0.009868421052631578
0 0.333984375 0.3848684210526316 0.01171875 0.006578947368421052
0 0.2646484375 0.3832236842105263 0.005859375 0.003289473684210526
0 0.2529296875 0.3848684210526316 0.005859375 0.006578947368421052
0 0.2412109375 0.3832236842105263 0.001953125 0.003289473684210526
0 0.2265625 0.3684210526315789 0.00390625 0.006578947368421052
0 0.205078125 0.3684210526315789 0.0078125 0.006578947368421052
0 0.193359375 0.3684210526315789 0.0078125 0.006578947368421052
0 0.1826171875 0.3667763157894737 0.001953125 0.003289473684210526
0 0.171875 0.3684210526315789 0.00390625 0.006578947368421052
0 0.337890625 0.3667763157894737 0.01171875 0.009868421052631578
0 0.275390625 0.3503289473684211 0.0078125 0.003289473684210526
0 0.2607421875 0.3503289473684211 0.005859375 0.003289473684210526
0 0.2041015625 0.3503289473684211 0.068359375 0.009868421052631578
0 0.298828125 0.33223684210526316 0.01171875 0.006578947368421052
0 0.19140625 0.27631578947368424 0.03125 0.019736842105263157
0 0.1982421875 0.24013157894736842 0.005859375 0.006578947368421052
0 0.009765625 0.2450657894736842 0.01953125 0.029605263157894735
0 0.271484375 0.22203947368421054 0.00390625 0.003289473684210526
0 0.0048828125 0.22039473684210525 0.009765625 0.013157894736842105
0 0.2724609375 0.20888157894736842 0.005859375 0.003289473684210526
0 0.0068359375 0.20559210526315788 0.013671875 0.009868421052631578
0 0.625 0.12171052631578948 0.01171875 0.006578947368421052
0 0.607421875 0.11513157894736842 0.00390625 0.013157894736842105
0 0.4892578125 0.5098684210526315 0.978515625 0.8026315789473685
0 0.6171875 0.10855263157894737 0.00390625 0.006578947368421052
0 0.6298828125 0.09703947368421052 0.009765625 0.01644736842105263
0 0.01171875 0.13651315789473684 0.0234375 0.11513157894736842
0 0.6533203125 0.08881578947368421 0.025390625 0.03289473684210526
0 0.09375 0.2713815789473684 0.12890625 0.3980263157894737
0 0.6142578125 0.07730263157894737 0.017578125 0.04276315789473684
0 0.6328125 0.05921052631578947 0.01171875 0.013157894736842105
0 0.53125 0.0805921052631579 0.01953125 0.05592105263157895
0 0.4970703125 0.07894736842105263 0.013671875 0.05921052631578947
0 0.4560546875 0.07730263157894737 0.041015625 0.0625
0 0.7109375 0.006578947368421052 0.10546875 0.013157894736842105
