0 0.5442890442890443 0.9990925589836661 0.002331002331002331 0.0018148820326678765
0 0.5081585081585082 0.9972776769509982 0.009324009324009324 0.0054446460980036296
0 0.29836829836829837 0.9954627949183303 0.009324009324009324 0.009074410163339383
0 0.4813519813519814 0.9836660617059891 0.006993006993006993 0.007259528130671506
0 0.62004662004662 0.9891107078039928 0.009324009324009324 0.021778584392014518
0 0.585081585081585 0.9872958257713249 0.004662004662004662 0.025408348457350273
0 0.5303030303030303 0.9773139745916516 0.006993006993006993 0.012704174228675136
0 0.3752913752913753 0.9809437386569873 0.023310023310023312 0.038112522686025406
0 0.32400932400932403 0.9809437386569873 0.013986013986013986 0.038112522686025406
0 0.2634032634032634 0.9809437386569873 0.037296037296037296 0.038112522686025406
0 0.4825174825174825 0.9627949183303085 0.004662004662004662 0.0054446460980036296
0 0.585081585081585 0.957350272232305 0.004662004662004662 0.023593466424682397
0 0.36946386946386944 0.941016333938294 0.006993006993006993 0.0018148820326678765
0 0.3275058275058275 0.969147005444646 0.2634032634032634 0.06170598911070781
0 0.8473193473193473 0.9083484573502723 0.002331002331002331 0.0018148820326678765
0 0.993006993006993 0.8548094373865699 0.009324009324009324 0.003629764065335753
0 0.9825174825174825 0.8647912885662432 0.03496503496503497 0.0780399274047187
0 0.717948717948718 0.8194192377495463 0.009324009324009324 0.016333938294010888
0 0.9731934731934732 0.8121597096188747 0.011655011655011656 0.009074410163339383
0 0.8787878787878788 0.8557168784029038 0.13986013986013987 0.09618874773139746
0 0.9731934731934732 0.7885662431941923 0.006993006993006993 0.0054446460980036296
0 0.9743589743589743 0.7776769509981851 0.009324009324009324 0.0054446460980036296
0 0.8414918414918415 0.1851179673321234 0.009324009324009324 0.014519056261343012
0 0.9755244755244755 0.426497277676951 0.04895104895104895 0.6896551724137931
0 0.4731934731934732 0.48003629764065336 0.9463869463869464 0.8874773139745916
0 0.7762237762237763 0.022686025408348458 0.08391608391608392 0.0054446460980036296
0 0.7191142191142191 0.020871143375680582 0.011655011655011656 0.0018148820326678765
