0 0.5725308641975309 0.9695945945945946 0.8549382716049383 0.060810810810810814
0 0.9783950617283951 0.5084459459459459 0.030864197530864196 0.09121621621621621
0 0.5 0.4983108108108108 1.0 0.8344594594594594
0 0.9722222222222222 0.15371621621621623 0.037037037037037035 0.15878378378378377
0 0.5817901234567902 0.05912162162162162 0.015432098765432098 0.010135135135135136
0 0.5879629629629629 0.03547297297297297 0.015432098765432098 0.016891891891891893
0 0.6049382716049383 0.011824324324324325 0.012345679012345678 0.010135135135135136
0 0.5540123456790124 0.02027027027027027 0.009259259259259259 0.04054054054054054
0 0.4444444444444444 0.02702702702702703 0.024691358024691357 0.05405405405405406
0 0.3873456790123457 0.02702702702702703 0.05246913580246913 0.05405405405405406
0 0.33024691358024694 0.02702702702702703 0.037037037037037035 0.05405405405405406
