0 0.11016949152542373 0.9644128113879004 0.003389830508474576 0.0035587188612099642
0 0.761864406779661 0.854982206405694 0.00847457627118644 0.005338078291814947
0 0.5889830508474576 0.8567615658362989 0.025423728813559324 0.008896797153024912
0 0.38389830508474576 0.8558718861209964 0.01864406779661017 0.0071174377224199285
0 0.588135593220339 0.8460854092526691 0.010169491525423728 0.005338078291814947
0 0.4830508474576271 0.8523131672597865 0.020338983050847456 0.017793594306049824
0 0.38389830508474576 0.8460854092526691 0.022033898305084745 0.008896797153024912
0 0.7983050847457627 0.8220640569395018 0.020338983050847456 0.0071174377224199285
0 0.23135593220338982 0.8113879003558719 0.005084745762711864 0.0035587188612099642
0 0.7711864406779662 0.8096085409252669 0.003389830508474576 0.0035587188612099642
0 0.6211864406779661 0.8096085409252669 0.00847457627118644 0.0035587188612099642
0 0.7889830508474577 0.7873665480427047 0.005084745762711864 0.005338078291814947
0 0.614406779661017 0.7775800711743772 0.005084745762711864 0.0035587188612099642
0 0.5076271186440678 0.7775800711743772 0.005084745762711864 0.0035587188612099642
0 0.7864406779661017 0.7766903914590747 0.010169491525423728 0.005338078291814947
0 0.5262711864406779 0.7775800711743772 0.00847457627118644 0.0071174377224199285
0 0.42542372881355933 0.7775800711743772 0.010169491525423728 0.0071174377224199285
0 0.25084745762711863 0.7766903914590747 0.006779661016949152 0.005338078291814947
0 0.34152542372881356 0.7642348754448398 0.0288135593220339 0.005338078291814947
0 0.5398305084745763 0.7633451957295374 0.06271186440677966 0.0071174377224199285
0 0.4559322033898305 0.7642348754448398 0.08813559322033898 0.008896797153024912
0 0.3847457627118644 0.7633451957295374 0.02711864406779661 0.0071174377224199285
0 0.6322033898305085 0.7633451957295374 0.09491525423728814 0.010676156583629894
0 0.49915254237288137 0.8745551601423488 0.9983050847457627 0.2508896797153025
0 0.33305084745762714 0.7411032028469751 0.00847457627118644 0.005338078291814947
0 0.5398305084745763 0.7304270462633452 0.00847457627118644 0.005338078291814947
0 0.9805084745762712 0.5685053380782918 0.015254237288135594 0.030249110320284697
0 0.9830508474576272 0.5462633451957295 0.006779661016949152 0.010676156583629894
0 0.006779661016949152 0.1806049822064057 0.013559322033898305 0.033807829181494664
0 0.35847457627118645 0.12544483985765126 0.005084745762711864 0.005338078291814947
0 0.30338983050847457 0.09252669039145907 0.010169491525423728 0.0035587188612099642
0 0.17203389830508475 0.09341637010676157 0.011864406779661017 0.005338078291814947
0 0.15847457627118644 0.09252669039145907 0.005084745762711864 0.0035587188612099642
0 0.49745762711864405 0.4181494661921708 0.9949152542372881 0.6690391459074733
0 0.14491525423728813 0.06405693950177936 0.00847457627118644 0.0035587188612099642
0 0.39915254237288134 0.06227758007117438 0.01864406779661017 0.0035587188612099642
0 0.3813559322033898 0.06227758007117438 0.006779661016949152 0.0035587188612099642
0 0.3677966101694915 0.06227758007117438 0.006779661016949152 0.0035587188612099642
0 0.3576271186440678 0.06227758007117438 0.010169491525423728 0.0035587188612099642
0 0.1576271186440678 0.06227758007117438 0.006779661016949152 0.0035587188612099642
0 0.08559322033898305 0.09341637010676157 0.10677966101694915 0.06583629893238434
0 0.6652542372881356 0.06583629893238434 0.4491525423728814 0.014234875444839857
0 0.8745762711864407 0.019572953736654804 0.003389830508474576 0.0035587188612099642
0 0.06016949152542373 0.012455516014234875 0.005084745762711864 0.0035587188612099642
