0 0.49029126213592233 0.9475409836065574 0.013592233009708738 0.006557377049180328
0 0.4058252427184466 0.9426229508196722 0.03495145631067961 0.009836065573770493
0 0.33689320388349514 0.9606557377049181 0.6388349514563106 0.07868852459016394
0 0.49029126213592233 0.8803278688524591 0.005825242718446602 0.009836065573770493
0 0.4524271844660194 0.9081967213114754 0.027184466019417475 0.07868852459016394
0 0.470873786407767 0.8950819672131147 0.036893203883495145 0.05901639344262295
0 0.36601941747572814 0.8950819672131147 0.021359223300970873 0.05901639344262295
0 0.3300970873786408 0.8901639344262295 0.038834951456310676 0.06229508196721312
0 0.2854368932038835 0.8885245901639345 0.019417475728155338 0.05901639344262295
0 0.9349514563106797 0.3180327868852459 0.005825242718446602 0.006557377049180328
0 0.933009708737864 0.2967213114754098 0.009708737864077669 0.003278688524590164
0 0.933009708737864 0.1737704918032787 0.009708737864077669 0.006557377049180328
0 0.9339805825242719 0.14098360655737704 0.011650485436893204 0.006557377049180328
0 0.962135922330097 0.5016393442622951 0.07572815533980583 0.7344262295081967
0 0.9737864077669903 0.12131147540983607 0.05242718446601942 0.013114754098360656
0 0.970873786407767 0.10327868852459017 0.007766990291262136 0.003278688524590164
0 0.9883495145631068 0.10327868852459017 0.02330097087378641 0.009836065573770493
0 0.9611650485436893 0.08688524590163935 0.02330097087378641 0.009836065573770493
0 0.9310679611650485 0.08524590163934426 0.009708737864077669 0.006557377049180328
0 0.8854368932038835 0.047540983606557376 0.015533980582524271 0.009836065573770493
0 0.529126213592233 0.00819672131147541 0.036893203883495145 0.01639344262295082
0 0.4601941747572815 0.4262295081967213 0.8970873786407767 0.8524590163934426
