0 0.9680685358255452 0.9915254237288136 0.004672897196261682 0.003766478342749529
0 0.9875389408099688 0.9929378531073446 0.024922118380062305 0.00847457627118644
0 0.9252336448598131 0.9943502824858758 0.024922118380062305 0.011299435028248588
0 0.0763239875389408 0.9595103578154426 0.1059190031152648 0.003766478342749529
0 0.008566978193146417 0.9533898305084746 0.017133956386292833 0.00847457627118644
0 0.5560747663551402 0.9548022598870056 0.056074766355140186 0.02071563088512241
0 0.6090342679127726 0.9529190207156308 0.040498442367601244 0.026365348399246705
0 0.441588785046729 0.949623352165725 0.17601246105919002 0.031073446327683617
0 0.03271028037383177 0.815442561205273 0.006230529595015576 0.003766478342749529
0 0.6978193146417445 0.7824858757062146 0.018691588785046728 0.003766478342749529
0 0.7570093457943925 0.7810734463276836 0.012461059190031152 0.004708097928436911
0 0.6892523364485982 0.777306967984934 0.001557632398753894 0.0009416195856873823
0 0.7071651090342679 0.7768361581920904 0.006230529595015576 0.0018832391713747645
0 0.6985981308411215 0.777306967984934 0.00778816199376947 0.002824858757062147
0 0.02336448598130841 0.8347457627118644 0.04672897196261682 0.11958568738229755
0 0.9906542056074766 0.7735404896421846 0.018691588785046728 0.00847457627118644
0 0.02570093457943925 0.7707156308851224 0.00778816199376947 0.002824858757062147
0 0.48130841121495327 0.7650659133709982 0.003115264797507788 0.0009416195856873823
0 0.45872274143302183 0.7650659133709982 0.004672897196261682 0.0009416195856873823
0 0.43613707165109034 0.7645951035781544 0.006230529595015576 0.0018832391713747645
0 0.7009345794392523 0.7678907721280602 0.03426791277258567 0.010357815442561206
0 0.7492211838006231 0.762241054613936 0.006230529595015576 0.002824858757062147
0 0.02881619937694704 0.7594161958568738 0.014018691588785047 0.002824858757062147
0 0.7188473520249221 0.7504708097928436 0.0264797507788162 0.003766478342749529
0 0.7757009345794392 0.7476459510357816 0.006230529595015576 0.0018832391713747645
0 0.5716510903426791 0.8564030131826742 0.8566978193146417 0.2193973634651601
0 0.0264797507788162 0.7481167608286252 0.012461059190031152 0.002824858757062147
0 0.7975077881619937 0.7467043314500942 0.024922118380062305 0.003766478342749529
0 0.4182242990654206 0.7457627118644068 0.004672897196261682 0.0018832391713747645
0 0.48130841121495327 0.7518832391713748 0.10903426791277258 0.01977401129943503
0 0.027258566978193146 0.7429378531073446 0.004672897196261682 0.0018832391713747645
0 0.9485981308411215 0.7462335216572504 0.040498442367601244 0.010357815442561206
0 0.926791277258567 0.7401129943502824 0.03426791277258567 0.003766478342749529
0 0.26401869158878505 0.7434086629001884 0.2819314641744548 0.010357815442561206
0 0.7414330218068536 0.742467043314501 0.10903426791277258 0.010357815442561206
0 0.8489096573208723 0.7372881355932204 0.009345794392523364 0.0018832391713747645
0 0.02881619937694704 0.7372881355932204 0.00778816199376947 0.0018832391713747645
0 0.4174454828660436 0.7344632768361582 0.012461059190031152 0.0018832391713747645
0 0.9073208722741433 0.7344632768361582 0.03582554517133956 0.003766478342749529
0 0.4968847352024922 0.7344632768361582 0.07165109034267912 0.007532956685499058
0 0.881619937694704 0.7297551789077212 0.012461059190031152 0.0018832391713747645
0 0.647196261682243 0.7325800376647834 0.04205607476635514 0.007532956685499058
0 0.7258566978193146 0.7311676082862524 0.06230529595015576 0.006591337099811676
0 0.2367601246105919 0.7325800376647834 0.3302180685358255 0.009416195856873822
0 0.8115264797507789 0.7278719397363466 0.01557632398753894 0.0018832391713747645
0 0.050623052959501556 0.7278719397363466 0.010903426791277258 0.0018832391713747645
0 0.03115264797507788 0.7274011299435028 0.012461059190031152 0.0009416195856873823
0 0.6674454828660437 0.7264595103578154 0.001557632398753894 0.0009416195856873823
0 0.8738317757009346 0.725517890772128 0.040498442367601244 0.004708097928436911
0 0.4057632398753894 0.7236346516007532 0.001557632398753894 0.0009416195856873823
0 0.5420560747663551 0.7222222222222222 0.012461059190031152 0.003766478342749529
0 0.4984423676012461 0.7236346516007532 0.04361370716510903 0.006591337099811676
0 0.9595015576323987 0.7208097928436912 0.018691588785046728 0.002824858757062147
0 0.7780373831775701 0.7170433145009416 0.014018691588785047 0.002824858757062147
0 0.37772585669781933 0.716572504708098 0.00778816199376947 0.0018832391713747645
0 0.9641744548286605 0.7151600753295668 0.006230529595015576 0.0009416195856873823
0 0.5763239875389408 0.7151600753295668 0.006230529595015576 0.0009416195856873823
0 0.5498442367601246 0.7151600753295668 0.006230529595015576 0.0009416195856873823
0 0.5319314641744548 0.7156308851224106 0.010903426791277258 0.0018832391713747645
0 0.20327102803738317 0.7208097928436912 0.37850467289719625 0.01224105461393597
0 0.8333333333333334 0.7156308851224106 0.03115264797507788 0.003766478342749529
0 0.8777258566978193 0.7137476459510358 0.004672897196261682 0.0018832391713747645
0 0.868380062305296 0.7142184557438794 0.00778816199376947 0.002824858757062147
0 0.07320872274143302 0.711864406779661 0.059190031152647975 0.0018832391713747645
0 0.03348909657320872 0.7109227871939736 0.010903426791277258 0.0018832391713747645
0 0.940809968847352 0.7109227871939736 0.06230529595015576 0.005649717514124294
0 0.38161993769470404 0.7099811676082862 0.018691588785046728 0.005649717514124294
0 0.7429906542056075 0.705743879472693 0.006230529595015576 0.0009416195856873823
0 0.19080996884735202 0.7085687382297552 0.35358255451713394 0.010357815442561206
0 0.9306853582554517 0.7052730696798494 0.08566978193146417 0.005649717514124294
0 0.8099688473520249 0.7033898305084746 0.006230529595015576 0.0018832391713747645
0 0.7904984423676013 0.704331450094162 0.0264797507788162 0.003766478342749529
0 0.8434579439252337 0.7024482109227872 0.004672897196261682 0.0018832391713747645
0 0.8348909657320872 0.7024482109227872 0.006230529595015576 0.0018832391713747645
0 0.8216510903426791 0.7033898305084746 0.010903426791277258 0.003766478342749529
0 0.035046728971962614 0.699623352165725 0.004672897196261682 0.0018832391713747645
0 0.7071651090342679 0.6944444444444444 0.01557632398753894 0.002824858757062147
0 0.794392523364486 0.6916195856873822 0.012461059190031152 0.002824858757062147
0 0.7616822429906542 0.6925612052730696 0.03426791277258567 0.004708097928436911
0 0.7757009345794392 0.684557438794727 0.006230529595015576 0.0018832391713747645
0 0.7624610591900312 0.6831450094161958 0.017133956386292833 0.00847457627118644
0 0.7453271028037384 0.6807909604519774 0.00778816199376947 0.011299435028248588
0 0.602803738317757 0.7000941619585688 0.23052959501557632 0.04990583804143126
0 0.6588785046728972 0.6760828625235404 0.07165109034267912 0.02448210922787194
0 0.6012461059190031 0.6591337099811676 0.006230529595015576 0.003766478342749529
0 0.6884735202492211 0.6713747645951036 0.102803738317757 0.032015065913371
0 0.528816199376947 0.6516007532956686 0.020249221183800622 0.007532956685499058
0 0.0778816199376947 0.6214689265536724 0.006230529595015576 0.0018832391713747645
0 0.7095015576323987 0.6167608286252354 0.004672897196261682 0.0018832391713747645
0 0.02102803738317757 0.615819209039548 0.001557632398753894 0.0018832391713747645
0 0.11682242990654206 0.617231638418079 0.012461059190031152 0.006591337099811676
0 0.7219626168224299 0.6115819209039548 0.004672897196261682 0.002824858757062147
0 0.5249221183800623 0.617231638418079 0.03115264797507788 0.01977401129943503
0 0.1292834890965732 0.6059322033898306 0.012461059190031152 0.006591337099811676
0 0.03660436137071651 0.6054613935969868 0.014018691588785047 0.007532956685499058
0 0.8512461059190031 0.6012241054613936 0.010903426791277258 0.006591337099811676
0 0.07554517133956386 0.594632768361582 0.00778816199376947 0.002824858757062147
0 0.08878504672897196 0.5772128060263654 0.012461059190031152 0.007532956685499058
0 0.9010903426791277 0.5725047080979284 0.010903426791277258 0.007532956685499058
0 0.8014018691588785 0.57015065913371 0.00778816199376947 0.004708097928436911
0 0.5973520249221184 0.5800376647834274 0.04205607476635514 0.032015065913371
0 0.19626168224299065 0.5508474576271186 0.003115264797507788 0.003766478342749529
0 0.8753894080996885 0.5409604519774012 0.003115264797507788 0.0009416195856873823
0 0.21728971962616822 0.5353107344632768 0.001557632398753894 0.0009416195856873823
0 0.7702492211838006 0.5315442561205274 0.004672897196261682 0.002824858757062147
0 0.633177570093458 0.5428436911487758 0.045171339563862926 0.02919020715630885
0 0.8387850467289719 0.5103578154425612 0.004672897196261682 0.0018832391713747645
0 0.6915887850467289 0.5094161958568738 0.003115264797507788 0.0018832391713747645
0 0.28582554517133957 0.6049905838041432 0.5716510903426791 0.19868173258003766
0 0.22429906542056074 0.5131826741996234 0.018691588785046728 0.01694915254237288
0 0.18302180685358255 0.5065913370998116 0.010903426791277258 0.003766478342749529
0 0.7663551401869159 0.6026365348399246 0.4672897196261682 0.19962335216572505
0 0.7795950155763239 0.4985875706214689 0.001557632398753894 0.0009416195856873823
0 0.15809968847352024 0.4985875706214689 0.010903426791277258 0.0009416195856873823
0 0.1791277258566978 0.4985875706214689 0.009345794392523364 0.002824858757062147
0 0.01557632398753894 0.4981167608286252 0.006230529595015576 0.0018832391713747645
0 0.20093457943925233 0.4882297551789077 0.2803738317757009 0.004708097928436911
0 0.02881619937694704 0.487758945386064 0.02336448598130841 0.003766478342749529
0 0.9470404984423676 0.486346516007533 0.009345794392523364 0.002824858757062147
0 0.34735202492211836 0.4774011299435028 0.009345794392523364 0.0018832391713747645
0 0.6487538940809969 0.4769303201506591 0.0514018691588785 0.002824858757062147
0 0.1705607476635514 0.4774011299435028 0.30062305295950154 0.003766478342749529
0 0.9392523364485982 0.4755178907721281 0.021806853582554516 0.003766478342749529
0 0.7975077881619937 0.4665725047080979 0.003115264797507788 0.0009416195856873823
0 0.5420560747663551 0.4661016949152542 0.012461059190031152 0.0018832391713747645
0 0.7733644859813084 0.4651600753295669 0.004672897196261682 0.0018832391713747645
0 0.3543613707165109 0.4661016949152542 0.014018691588785047 0.003766478342749529
0 0.14018691588785046 0.4661016949152542 0.2367601246105919 0.005649717514124294
0 0.9299065420560748 0.4646892655367232 0.028037383177570093 0.004708097928436911
0 0.1853582554517134 0.454331450094162 0.006230529595015576 0.002824858757062147
0 0.05529595015576324 0.4548022598870056 0.05763239875389408 0.005649717514124294
0 0.9166666666666666 0.4533898305084746 0.0264797507788162 0.004708097928436911
0 0.35046728971962615 0.4435028248587571 0.009345794392523364 0.0018832391713747645
0 0.1822429906542056 0.4439736346516008 0.009345794392523364 0.002824858757062147
0 0.9010903426791277 0.4425612052730697 0.020249221183800622 0.003766478342749529
0 0.05763239875389408 0.4435028248587571 0.04984423676012461 0.005649717514124294
0 0.40109034267912774 0.4340866290018832 0.00778816199376947 0.0018832391713747645
0 0.22975077881619937 0.4336158192090395 0.00778816199376947 0.0009416195856873823
0 0.4221183800623053 0.4336158192090395 0.024922118380062305 0.002824858757062147
0 0.661993769470405 0.4326741996233522 0.012461059190031152 0.002824858757062147
0 0.35046728971962615 0.4336158192090395 0.01557632398753894 0.004708097928436911
0 0.16199376947040497 0.4331450094161959 0.009345794392523364 0.003766478342749529
0 0.05996884735202492 0.4331450094161959 0.05451713395638629 0.005649717514124294
0 0.8878504672897196 0.4312617702448211 0.01557632398753894 0.003766478342749529
0 0.4057632398753894 0.4218455743879473 0.04205607476635514 0.003766478342749529
0 0.1557632398753894 0.4218455743879473 0.01557632398753894 0.003766478342749529
0 0.34968847352024923 0.4218455743879473 0.014018691588785047 0.005649717514124294
0 0.061526479750778816 0.4218455743879473 0.05451713395638629 0.005649717514124294
0 0.8722741433021807 0.4204331450094162 0.021806853582554516 0.006591337099811676
0 0.2749221183800623 0.4081920903954802 0.08566978193146417 0.0160075329566855
0 0.26635514018691586 0.3926553672316384 0.021806853582554516 0.005649717514124294
0 0.16199376947040497 0.4011299435028249 0.10903426791277258 0.026365348399246705
0 0.31697819314641745 0.3865348399246704 0.020249221183800622 0.004708097928436911
0 0.4953271028037383 0.3983050847457627 0.24610591900311526 0.03389830508474576
0 0.22819314641744548 0.3700564971751412 0.014018691588785047 0.005649717514124294
0 0.778816199376947 0.3766478342749529 0.07476635514018691 0.04143126177024482
0 0.31386292834890966 0.3498116760828625 0.010903426791277258 0.002824858757062147
0 0.7461059190031153 0.3403954802259887 0.012461059190031152 0.010357815442561206
0 0.8333333333333334 0.3724105461393597 0.09345794392523364 0.0856873822975518
0 0.1954828660436137 0.3691148775894539 0.32554517133956384 0.09792843691148775
0 0.5716510903426791 0.007532956685499058 0.006230529595015576 0.0018832391713747645
0 0.6386292834890965 0.00847457627118644 0.006230529595015576 0.007532956685499058
0 0.42757009345794394 0.005178907721280603 0.004672897196261682 0.0009416195856873823
0 0.4883177570093458 0.005178907721280603 0.10747663551401869 0.010357815442561206
0 0.3839563862928349 0.0018832391713747645 0.014018691588785047 0.003766478342749529
