0 0.6428571428571429 0.9970674486803519 0.003484320557491289 0.005865102639296188
0 0.6655052264808362 0.9956011730205279 0.006968641114982578 0.008797653958944282
0 0.6890243902439024 0.9941348973607038 0.0017421602787456446 0.011730205278592375
0 0.6393728222996515 0.9780058651026393 0.010452961672473868 0.01466275659824047
0 0.6585365853658537 0.9618768328445748 0.003484320557491289 0.005865102639296188
0 0.6489547038327527 0.9648093841642229 0.008710801393728223 0.017595307917888565
0 0.45993031358885017 0.9765395894428153 0.0313588850174216 0.0469208211143695
0 0.49738675958188155 0.9750733137829912 0.029616724738675958 0.04985337243401759
0 0.5383275261324042 0.9736070381231672 0.020905923344947737 0.05278592375366569
0 0.617595818815331 0.966275659824047 0.0156794425087108 0.05571847507331378
0 0.662020905923345 0.9398826979472141 0.010452961672473868 0.01466275659824047
0 0.6350174216027874 0.9369501466275659 0.005226480836236934 0.008797653958944282
0 0.6506968641114983 0.9354838709677419 0.008710801393728223 0.011730205278592375
0 0.5792682926829268 0.9574780058651027 0.036585365853658534 0.08504398826979472
0 0.7125435540069687 0.9501466275659824 0.013937282229965157 0.09970674486803519
0 0.05749128919860627 0.7551319648093842 0.003484320557491289 0.008797653958944282
0 0.10278745644599303 0.717008797653959 0.010452961672473868 0.008797653958944282
0 0.18902439024390244 0.7038123167155426 0.005226480836236934 0.005865102639296188
0 0.10104529616724739 0.7008797653958945 0.017421602787456445 0.005865102639296188
0 0.1019163763066202 0.6818181818181818 0.02613240418118467 0.01466275659824047
0 0.10104529616724739 0.6656891495601173 0.027874564459930314 0.011730205278592375
0 0.1803135888501742 0.6466275659824047 0.012195121951219513 0.008797653958944282
0 0.2029616724738676 0.5982404692082112 0.0156794425087108 0.005865102639296188
0 0.10888501742160278 0.5967741935483871 0.01916376306620209 0.008797653958944282
0 0.20034843205574912 0.5835777126099707 0.006968641114982578 0.005865102639296188
0 0.2273519163763066 0.5821114369501467 0.008710801393728223 0.008797653958944282
0 0.11149825783972125 0.5777126099706745 0.013937282229965157 0.011730205278592375
0 0.17073170731707318 0.49266862170087977 0.013937282229965157 0.011730205278592375
0 0.12020905923344948 0.5073313782991202 0.024390243902439025 0.12316715542521994
0 0.08885017421602788 0.5425219941348973 0.059233449477351915 0.22287390029325513
0 0.9982578397212544 0.4281524926686217 0.003484320557491289 0.02346041055718475
0 0.06184668989547038 0.41348973607038125 0.0017421602787456446 0.005865102639296188
0 0.11759581881533102 0.41348973607038125 0.005226480836236934 0.011730205278592375
0 0.06097560975609756 0.38269794721407624 0.006968641114982578 0.01466275659824047
0 0.06010452961672474 0.3152492668621701 0.005226480836236934 0.008797653958944282
0 0.0627177700348432 0.28152492668621704 0.010452961672473868 0.011730205278592375
0 0.0627177700348432 0.26392961876832843 0.010452961672473868 0.011730205278592375
0 0.06358885017421603 0.24633431085043989 0.008710801393728223 0.005865102639296188
0 0.06445993031358885 0.23020527859237536 0.003484320557491289 0.002932551319648094
0 0.06097560975609756 0.19648093841642228 0.006968641114982578 0.005865102639296188
0 0.06097560975609756 0.17888563049853373 0.010452961672473868 0.011730205278592375
0 0.06010452961672474 0.15249266862170088 0.005226480836236934 0.005865102639296188
0 0.9956445993031359 0.15102639296187684 0.008710801393728223 0.04398826979472141
0 0.025261324041811847 0.5117302052785924 0.050522648083623695 0.8123167155425219
0 0.08623693379790941 0.08944281524926687 0.008710801393728223 0.002932551319648094
0 0.078397212543554 0.1158357771260997 0.05226480836236934 0.05571847507331378
0 0.5087108013937283 0.47947214076246336 0.9094076655052264 0.8357771260997068
0 0.6559233449477352 0.020527859237536656 0.005226480836236934 0.005865102639296188
0 0.6402439024390244 0.021994134897360705 0.008710801393728223 0.008797653958944282
0 0.6193379790940766 0.020527859237536656 0.01916376306620209 0.011730205278592375
0 0.6506968641114983 0.011730205278592375 0.0017421602787456446 0.005865102639296188
0 0.6019163763066202 0.01466275659824047 0.005226480836236934 0.017595307917888565
0 0.5252613240418118 0.007331378299120235 0.008710801393728223 0.01466275659824047
0 0.490418118466899 0.007331378299120235 0.036585365853658534 0.01466275659824047
0 0.4442508710801394 0.007331378299120235 0.027874564459930314 0.01466275659824047
0 0.5513937282229965 0.026392961876832845 0.31881533101045295 0.05278592375366569
