0 0.24224137931034484 0.9294755877034359 0.0017241379310344827 0.003616636528028933
0 0.6517241379310345 0.9059674502712477 0.006896551724137931 0.003616636528028933
0 0.6060344827586207 0.9059674502712477 0.022413793103448276 0.003616636528028933
0 0.5663793103448276 0.9050632911392406 0.0017241379310344827 0.0018083182640144665
0 0.7293103448275862 0.9041591320072333 0.013793103448275862 0.003616636528028933
0 0.5017241379310344 0.9050632911392406 0.02413793103448276 0.0054249547920434
0 0.4810344827586207 0.9041591320072333 0.006896551724137931 0.003616636528028933
0 0.4646551724137931 0.9041591320072333 0.015517241379310345 0.003616636528028933
0 0.08793103448275862 0.9014466546112115 0.0034482758620689655 0.0018083182640144665
0 0.6163793103448276 0.8942133815551537 0.015517241379310345 0.0054249547920434
0 0.5086206896551724 0.8942133815551537 0.020689655172413793 0.0054249547920434
0 0.5508620689655173 0.8942133815551537 0.04655172413793104 0.009041591320072333
0 0.4232758620689655 0.8987341772151899 0.13620689655172413 0.018083182640144666
0 0.9370689655172414 0.891500904159132 0.12586206896551724 0.007233273056057866
0 0.017241379310344827 0.891500904159132 0.034482758620689655 0.007233273056057866
0 0.7034482758620689 0.8833634719710669 0.0034482758620689655 0.0018083182640144665
0 0.6939655172413793 0.8833634719710669 0.005172413793103448 0.0018083182640144665
0 0.6741379310344827 0.8842676311030742 0.027586206896551724 0.003616636528028933
0 0.24482758620689654 0.8833634719710669 0.0034482758620689655 0.0018083182640144665
0 0.16982758620689656 0.8833634719710669 0.0017241379310344827 0.0018083182640144665
0 0.6206896551724138 0.8824593128390597 0.013793103448275862 0.003616636528028933
0 0.5163793103448275 0.8824593128390597 0.015517241379310345 0.003616636528028933
0 0.41293103448275864 0.8824593128390597 0.01206896551724138 0.003616636528028933
0 0.3336206896551724 0.8824593128390597 0.005172413793103448 0.003616636528028933
0 0.30775862068965515 0.8824593128390597 0.005172413793103448 0.003616636528028933
0 0.23017241379310344 0.8833634719710669 0.015517241379310345 0.0054249547920434
0 0.1939655172413793 0.8824593128390597 0.01206896551724138 0.003616636528028933
0 0.5094827586206897 0.9349005424954792 0.9810344827586207 0.11211573236889692
0 0.5482758620689655 0.8824593128390597 0.03103448275862069 0.007233273056057866
0 0.44568965517241377 0.8815551537070524 0.03620689655172414 0.0054249547920434
0 0.13706896551724138 0.8878842676311031 0.1396551724137931 0.018083182640144666
0 0.09741379310344828 0.8815551537070524 0.01206896551724138 0.0054249547920434
0 0.025 0.8815551537070524 0.022413793103448276 0.0054249547920434
0 0.0017241379310344827 0.8806509945750453 0.0034482758620689655 0.003616636528028933
0 0.6241379310344828 0.8716094032549728 0.02413793103448276 0.007233273056057866
0 0.553448275862069 0.8716094032549728 0.034482758620689655 0.007233273056057866
0 0.5206896551724138 0.8716094032549728 0.020689655172413793 0.007233273056057866
0 0.43275862068965515 0.8725135623869801 0.05172413793103448 0.009041591320072333
0 0.005172413793103448 0.8707052441229657 0.010344827586206896 0.0054249547920434
0 0.9568965517241379 0.8707052441229657 0.08620689655172414 0.009041591320072333
0 0.7275862068965517 0.8716094032549728 0.13448275862068965 0.0108499095840868
0 0.11379310344827587 0.8707052441229657 0.20344827586206896 0.009041591320072333
0 0.9706896551724138 0.8598553345388789 0.05862068965517241 0.0054249547920434
0 0.7293103448275862 0.8598553345388789 0.12758620689655173 0.0054249547920434
0 0.6310344827586207 0.8598553345388789 0.017241379310344827 0.0054249547920434
0 0.5620689655172414 0.8598553345388789 0.03793103448275862 0.0054249547920434
0 0.5275862068965518 0.8598553345388789 0.013793103448275862 0.0054249547920434
0 0.4232758620689655 0.8589511754068716 0.015517241379310345 0.003616636528028933
0 0.45689655172413796 0.8589511754068716 0.041379310344827586 0.007233273056057866
0 0.26120689655172413 0.8598553345388789 0.0603448275862069 0.009041591320072333
0 0.11982758620689656 0.8598553345388789 0.20172413793103447 0.009041591320072333
0 0.006896551724137931 0.8580470162748643 0.013793103448275862 0.0054249547920434
0 0.9568965517241379 0.8471971066907775 0.08620689655172414 0.0054249547920434
0 0.7353448275862069 0.849005424954792 0.13275862068965516 0.009041591320072333
0 0.6224137931034482 0.8481012658227848 0.04827586206896552 0.007233273056057866
0 0.525 0.8481012658227848 0.032758620689655175 0.007233273056057866
0 0.4396551724137931 0.8481012658227848 0.06206896551724138 0.007233273056057866
0 0.009482758620689655 0.8471971066907775 0.01896551724137931 0.0054249547920434
0 0.5620689655172414 0.8471971066907775 0.03103448275862069 0.009041591320072333
0 0.2991379310344828 0.8598553345388789 0.15 0.034358047016274866
0 0.12586206896551724 0.8471971066907775 0.20344827586206896 0.009041591320072333
0 0.7301724137931035 0.8363471971066908 0.008620689655172414 0.0018083182640144665
0 0.9698275862068966 0.8354430379746836 0.0603448275862069 0.003616636528028933
0 0.7974137931034483 0.8363471971066908 0.01896551724137931 0.0054249547920434
0 0.6974137931034483 0.8363471971066908 0.04310344827586207 0.0054249547920434
0 0.6431034482758621 0.8363471971066908 0.017241379310344827 0.0054249547920434
0 0.38362068965517243 0.8354430379746836 0.008620689655172414 0.003616636528028933
0 0.7612068965517241 0.8363471971066908 0.032758620689655175 0.009041591320072333
0 0.5732758620689655 0.8354430379746836 0.03620689655172414 0.007233273056057866
0 0.5370689655172414 0.8354430379746836 0.01896551724137931 0.007233273056057866
0 0.45689655172413796 0.8363471971066908 0.06896551724137931 0.009041591320072333
0 0.30948275862068964 0.8354430379746836 0.13620689655172413 0.007233273056057866
0 0.13189655172413794 0.8354430379746836 0.20172413793103447 0.0108499095840868
0 0.01293103448275862 0.8345388788426763 0.02586206896551724 0.009041591320072333
0 0.9517241379310345 0.8236889692585895 0.017241379310344827 0.0018083182640144665
0 0.6129310344827587 0.8245931283905967 0.01896551724137931 0.003616636528028933
0 0.506896551724138 0.8245931283905967 0.017241379310344827 0.003616636528028933
0 0.4060344827586207 0.8236889692585895 0.01206896551724138 0.0018083182640144665
0 0.9818965517241379 0.8236889692585895 0.03620689655172414 0.0054249547920434
0 0.8025862068965517 0.8245931283905967 0.01896551724137931 0.007233273056057866
0 0.7336206896551725 0.8245931283905967 0.10517241379310345 0.007233273056057866
0 0.6482758620689655 0.8236889692585895 0.020689655172413793 0.0054249547920434
0 0.5422413793103448 0.8236889692585895 0.01896551724137931 0.0054249547920434
0 0.575 0.8236889692585895 0.029310344827586206 0.009041591320072333
0 0.45775862068965517 0.8236889692585895 0.05344827586206897 0.009041591320072333
0 0.3474137931034483 0.8236889692585895 0.06724137931034482 0.009041591320072333
0 0.2793103448275862 0.8227848101265823 0.06206896551724138 0.007233273056057866
0 0.13189655172413794 0.8227848101265823 0.19137931034482758 0.007233273056057866
0 0.01810344827586207 0.8218806509945751 0.02586206896551724 0.0054249547920434
0 0.7853448275862069 0.8128390596745028 0.005172413793103448 0.0018083182640144665
0 0.8077586206896552 0.8119349005424955 0.01206896551724138 0.003616636528028933
0 0.5060344827586207 0.8119349005424955 0.01206896551724138 0.003616636528028933
0 0.4060344827586207 0.8119349005424955 0.015517241379310345 0.003616636528028933
0 0.9637931034482758 0.8119349005424955 0.07241379310344828 0.007233273056057866
0 0.7318965517241379 0.8128390596745028 0.09137931034482759 0.009041591320072333
0 0.6491379310344828 0.8119349005424955 0.029310344827586206 0.007233273056057866
0 0.5784482758620689 0.8128390596745028 0.029310344827586206 0.009041591320072333
0 0.5456896551724137 0.8119349005424955 0.022413793103448276 0.007233273056057866
0 0.4586206896551724 0.8119349005424955 0.05517241379310345 0.007233273056057866
0 0.01896551724137931 0.8110307414104883 0.03103448275862069 0.0054249547920434
0 0.3456896551724138 0.8110307414104883 0.07413793103448275 0.009041591320072333
0 0.27241379310344827 0.8110307414104883 0.041379310344827586 0.009041591320072333
0 0.5293103448275862 0.8001808318264014 0.006896551724137931 0.0018083182640144665
0 0.9568965517241379 0.8001808318264014 0.06896551724137931 0.0054249547920434
0 0.7362068965517241 0.8010849909584087 0.0896551724137931 0.007233273056057866
0 0.6594827586206896 0.8010849909584087 0.01896551724137931 0.007233273056057866
0 0.5525862068965517 0.7992766726943942 0.022413793103448276 0.007233273056057866
0 0.46293103448275863 0.8001808318264014 0.06379310344827586 0.009041591320072333
0 0.325 0.7992766726943942 0.13275862068965516 0.007233273056057866
0 0.23189655172413792 0.7992766726943942 0.032758620689655175 0.007233273056057866
0 0.14224137931034483 0.8047016274864376 0.20172413793103447 0.0216998191681736
0 0.02413793103448276 0.7974683544303798 0.034482758620689655 0.007233273056057866
0 0.9327586206896552 0.7875226039783002 0.0034482758620689655 0.0018083182640144665
0 0.9215517241379311 0.7884267631103075 0.0017241379310344827 0.003616636528028933
0 0.968103448275862 0.7875226039783002 0.06379310344827586 0.0054249547920434
0 0.8206896551724138 0.7875226039783002 0.017241379310344827 0.0054249547920434
0 0.7422413793103448 0.7884267631103075 0.08793103448275862 0.007233273056057866
0 0.6646551724137931 0.7884267631103075 0.022413793103448276 0.007233273056057866
0 0.5543103448275862 0.7884267631103075 0.032758620689655175 0.007233273056057866
0 0.5974137931034482 0.7938517179023508 0.056896551724137934 0.0216998191681736
0 0.47586206896551725 0.7884267631103075 0.06896551724137931 0.0108499095840868
0 0.15258620689655172 0.7875226039783002 0.20172413793103447 0.009041591320072333
0 0.028448275862068967 0.786618444846293 0.039655172413793106 0.007233273056057866
0 0.9775862068965517 0.7766726943942134 0.006896551724137931 0.0018083182640144665
0 0.9672413793103448 0.7766726943942134 0.006896551724137931 0.0018083182640144665
0 0.9560344827586207 0.7766726943942134 0.005172413793103448 0.0018083182640144665
0 0.8275862068965517 0.7757685352622061 0.010344827586206896 0.003616636528028933
0 0.746551724137931 0.7775768535262206 0.08620689655172414 0.007233273056057866
0 0.6698275862068965 0.7766726943942134 0.022413793103448276 0.0054249547920434
0 0.5672413793103448 0.7757685352622061 0.010344827586206896 0.003616636528028933
0 0.1267241379310345 0.7748643761301989 0.005172413793103448 0.0018083182640144665
0 0.1146551724137931 0.7748643761301989 0.0017241379310344827 0.0018083182640144665
0 0.596551724137931 0.7757685352622061 0.027586206896551724 0.007233273056057866
0 0.4879310344827586 0.7757685352622061 0.027586206896551724 0.007233273056057866
0 0.46206896551724136 0.7757685352622061 0.017241379310344827 0.007233273056057866
0 0.31551724137931036 0.7757685352622061 0.0896551724137931 0.007233273056057866
0 0.18879310344827585 0.7748643761301989 0.11206896551724138 0.0054249547920434
0 0.0353448275862069 0.7739602169981917 0.032758620689655175 0.003616636528028933
0 0.3353448275862069 0.7811934900542495 0.14655172413793102 0.0216998191681736
0 0.07672413793103448 0.7739602169981917 0.032758620689655175 0.007233273056057866
0 0.9103448275862069 0.7640144665461122 0.006896551724137931 0.0018083182640144665
0 0.8991379310344828 0.7640144665461122 0.005172413793103448 0.0018083182640144665
0 0.8689655172413793 0.7640144665461122 0.0034482758620689655 0.0018083182640144665
0 0.8275862068965517 0.7649186256781193 0.02413793103448276 0.003616636528028933
0 0.9586206896551724 0.7640144665461122 0.08275862068965517 0.0054249547920434
0 0.7543103448275862 0.7658227848101266 0.09137931034482759 0.009041591320072333
0 0.5387931034482759 0.7640144665461122 0.022413793103448276 0.0054249547920434
0 0.6775862068965517 0.7640144665461122 0.020689655172413793 0.009041591320072333
0 0.6189655172413793 0.7640144665461122 0.04827586206896552 0.009041591320072333
0 0.5681034482758621 0.7631103074141049 0.022413793103448276 0.007233273056057866
0 0.3956896551724138 0.7640144665461122 0.022413793103448276 0.009041591320072333
0 0.3758620689655172 0.7640144665461122 0.010344827586206896 0.009041591320072333
0 0.31982758620689655 0.7640144665461122 0.09137931034482759 0.009041591320072333
0 0.47155172413793106 0.7631103074141049 0.08103448275862069 0.0108499095840868
0 0.15689655172413794 0.7622061482820977 0.1896551724137931 0.009041591320072333
0 0.03620689655172414 0.7613019891500904 0.04482758620689655 0.007233273056057866
0 0.7931034482758621 0.7531645569620253 0.013793103448275862 0.0054249547920434
0 0.5775862068965517 0.7531645569620253 0.010344827586206896 0.0054249547920434
0 0.5086206896551724 0.7522603978300181 0.02413793103448276 0.003616636528028933
0 0.4724137931034483 0.7531645569620253 0.013793103448275862 0.0054249547920434
0 0.7353448275862069 0.7522603978300181 0.04310344827586207 0.007233273056057866
0 0.6836206896551724 0.7522603978300181 0.015517241379310345 0.007233273056057866
0 0.4060344827586207 0.7513562386980108 0.02586206896551724 0.0054249547920434
0 0.3586206896551724 0.7513562386980108 0.020689655172413793 0.0054249547920434
0 0.04396551724137931 0.7504520795660036 0.03620689655172414 0.007233273056057866
0 0.6620689655172414 0.7423146473779385 0.006896551724137931 0.0054249547920434
0 0.6405172413793103 0.7423146473779385 0.005172413793103448 0.0054249547920434
0 0.4508620689655172 0.7414104882459313 0.005172413793103448 0.003616636528028933
0 0.9086206896551724 0.7414104882459313 0.18275862068965518 0.007233273056057866
0 0.7965517241379311 0.7423146473779385 0.02413793103448276 0.009041591320072333
0 0.6844827586206896 0.7423146473779385 0.027586206896551724 0.009041591320072333
0 0.553448275862069 0.740506329113924 0.006896551724137931 0.0054249547920434
0 0.5344827586206896 0.740506329113924 0.006896551724137931 0.0054249547920434
0 0.7482758620689656 0.7414104882459313 0.06206896551724138 0.0108499095840868
0 0.6163793103448276 0.7459312839059674 0.02586206896551724 0.019891500904159132
0 0.5793103448275863 0.740506329113924 0.02413793103448276 0.009041591320072333
0 0.5094827586206897 0.7414104882459313 0.02586206896551724 0.0108499095840868
0 0.47672413793103446 0.7414104882459313 0.022413793103448276 0.0108499095840868
0 0.4068965517241379 0.740506329113924 0.02413793103448276 0.012658227848101266
0 0.3336206896551724 0.744122965641953 0.10172413793103448 0.019891500904159132
0 0.14482758620689656 0.7432188065099458 0.23793103448275862 0.0216998191681736
0 0.7793103448275862 0.7269439421338155 0.0034482758620689655 0.003616636528028933
0 0.8974137931034483 0.7260397830018083 0.20517241379310344 0.009041591320072333
0 0.2810344827586207 0.7233273056057866 0.006896551724137931 0.003616636528028933
0 0.5525862068965517 0.7242314647377939 0.09137931034482759 0.009041591320072333
0 0.46551724137931033 0.7242314647377939 0.05862068965517241 0.009041591320072333
0 0.41551724137931034 0.7242314647377939 0.02413793103448276 0.009041591320072333
0 0.8560344827586207 0.7142857142857143 0.008620689655172414 0.003616636528028933
0 0.4672413793103448 0.713381555153707 0.006896551724137931 0.0018083182640144665
0 0.8267241379310345 0.7142857142857143 0.039655172413793106 0.007233273056057866
0 0.7448275862068966 0.7197106690777577 0.041379310344827586 0.0216998191681736
0 0.5586206896551724 0.713381555153707 0.0896551724137931 0.009041591320072333
0 0.48879310344827587 0.7124773960216998 0.022413793103448276 0.007233273056057866
0 0.42758620689655175 0.7124773960216998 0.034482758620689655 0.007233273056057866
0 0.3793103448275862 0.7124773960216998 0.017241379310344827 0.007233273056057866
0 0.9698275862068966 0.7043399638336347 0.01206896551724138 0.0018083182640144665
0 0.9905172413793103 0.7034358047016275 0.01896551724137931 0.003616636528028933
0 0.6724137931034483 0.7034358047016275 0.0034482758620689655 0.003616636528028933
0 0.8336206896551724 0.7034358047016275 0.06724137931034482 0.007233273056057866
0 0.46120689655172414 0.7007233273056058 0.0017241379310344827 0.0018083182640144665
0 0.7577586206896552 0.7025316455696202 0.04310344827586207 0.009041591320072333
0 0.7025862068965517 0.7025316455696202 0.029310344827586206 0.009041591320072333
0 0.5922413793103448 0.701627486437613 0.032758620689655175 0.007233273056057866
0 0.3396551724137931 0.7007233273056058 0.010344827586206896 0.0054249547920434
0 0.2706896551724138 0.7007233273056058 0.020689655172413793 0.0054249547920434
0 0.43103448275862066 0.7007233273056058 0.03103448275862069 0.009041591320072333
0 0.38620689655172413 0.7007233273056058 0.02413793103448276 0.009041591320072333
0 0.33706896551724136 0.7124773960216998 0.09137931034482759 0.0325497287522604
0 0.8551724137931035 0.6916817359855335 0.03103448275862069 0.0054249547920434
0 0.8094827586206896 0.6916817359855335 0.04655172413793104 0.0054249547920434
0 0.756896551724138 0.6916817359855335 0.03103448275862069 0.009041591320072333
0 0.7068965517241379 0.6907775768535263 0.027586206896551724 0.007233273056057866
0 0.6629310344827586 0.7088607594936709 0.09827586206896552 0.0433996383363472
0 0.5982758620689655 0.6907775768535263 0.03103448275862069 0.007233273056057866
0 0.3612068965517241 0.6889692585895117 0.01206896551724138 0.003616636528028933
0 0.2767241379310345 0.6889692585895117 0.01896551724137931 0.003616636528028933
0 0.25 0.6889692585895117 0.006896551724137931 0.003616636528028933
0 0.5474137931034483 0.6962025316455697 0.056896551724137934 0.0216998191681736
0 0.3913793103448276 0.689873417721519 0.027586206896551724 0.009041591320072333
0 0.9517241379310345 0.6826401446654611 0.0034482758620689655 0.0018083182640144665
0 0.9862068965517241 0.6826401446654611 0.027586206896551724 0.0054249547920434
0 0.8612068965517241 0.6799276672694394 0.03620689655172414 0.007233273056057866
0 0.5741379310344827 0.6790235081374322 0.0896551724137931 0.009041591320072333
0 0.2836206896551724 0.6781193490054249 0.04310344827586207 0.007233273056057866
0 0.2353448275862069 0.6781193490054249 0.01206896551724138 0.007233273056057866
0 0.8293103448275863 0.6699819168173599 0.020689655172413793 0.0054249547920434
0 0.3646551724137931 0.6681735985533453 0.005172413793103448 0.0018083182640144665
0 0.7922413793103448 0.6754068716094033 0.09137931034482759 0.019891500904159132
0 0.5784482758620689 0.6672694394213382 0.09137931034482759 0.007233273056057866
0 0.28448275862068967 0.6672694394213382 0.02413793103448276 0.007233273056057866
0 0.15862068965517243 0.6672694394213382 0.006896551724137931 0.007233273056057866
0 0.07327586206896551 0.6735985533453888 0.05344827586206897 0.019891500904159132
0 0.4939655172413793 0.6835443037974683 0.05 0.0433996383363472
0 0.6853448275862069 0.6708860759493671 0.09482758620689655 0.02531645569620253
0 0.621551724137931 0.6582278481012658 0.005172413793103448 0.003616636528028933
0 0.09913793103448276 0.6582278481012658 0.008620689655172414 0.003616636528028933
0 0.5155172413793103 0.6564195298372514 0.020689655172413793 0.007233273056057866
0 0.14482758620689656 0.6564195298372514 0.010344827586206896 0.007233273056057866
0 0.5612068965517242 0.6555153707052441 0.04310344827586207 0.009041591320072333
0 0.4525862068965517 0.6726943942133815 0.06379310344827586 0.0433996383363472
0 0.2793103448275862 0.6555153707052441 0.04827586206896552 0.009041591320072333
0 0.16034482758620688 0.64376130198915 0.010344827586206896 0.003616636528028933
0 0.296551724137931 0.64376130198915 0.020689655172413793 0.007233273056057866
0 0.993103448275862 0.635623869801085 0.013793103448275862 0.0054249547920434
0 0.8801724137931034 0.6338155515370705 0.029310344827586206 0.009041591320072333
0 0.6301724137931034 0.6311030741410488 0.022413793103448276 0.007233273056057866
0 0.8827586206896552 0.6220614828209765 0.020689655172413793 0.003616636528028933
0 0.8525862068965517 0.6220614828209765 0.01896551724137931 0.007233273056057866
0 0.603448275862069 0.620253164556962 0.017241379310344827 0.003616636528028933
0 0.7103448275862069 0.620253164556962 0.02413793103448276 0.007233273056057866
0 0.6353448275862069 0.620253164556962 0.022413793103448276 0.007233273056057866
0 0.531896551724138 0.620253164556962 0.01896551724137931 0.007233273056057866
0 0.8094827586206896 0.6130198915009042 0.005172413793103448 0.003616636528028933
0 0.993103448275862 0.6121157323688969 0.013793103448275862 0.0054249547920434
0 0.8931034482758621 0.6103074141048824 0.03103448275862069 0.009041591320072333
0 0.846551724137931 0.6103074141048824 0.041379310344827586 0.009041591320072333
0 0.7094827586206897 0.6103074141048824 0.022413793103448276 0.009041591320072333
0 0.6387931034482759 0.6094032549728752 0.02586206896551724 0.0108499095840868
0 0.5025862068965518 0.6094032549728752 0.029310344827586206 0.0108499095840868
0 0.002586206896551724 0.6112115732368897 0.005172413793103448 0.014466546112115732
0 0.5870689655172414 0.6130198915009042 0.0603448275862069 0.0216998191681736
0 0.5362068965517242 0.608499095840868 0.02413793103448276 0.012658227848101266
0 0.8948275862068965 0.5994575045207957 0.020689655172413793 0.0054249547920434
0 0.6387931034482759 0.5976491862567812 0.03620689655172414 0.0054249547920434
0 0.5008620689655172 0.596745027124774 0.005172413793103448 0.003616636528028933
0 0.993103448275862 0.5904159132007233 0.013793103448275862 0.0054249547920434
0 0.9025862068965518 0.5886075949367089 0.029310344827586206 0.009041591320072333
0 0.8603448275862069 0.5940325497287523 0.034482758620689655 0.019891500904159132
0 0.7456896551724138 0.6094032549728752 0.05344827586206897 0.05786618444846293
0 0.6844827586206896 0.6094032549728752 0.05172413793103448 0.05786618444846293
0 0.903448275862069 0.5768535262206148 0.010344827586206896 0.003616636528028933
0 0.868103448275862 0.5759493670886076 0.029310344827586206 0.0054249547920434
0 0.6413793103448275 0.5723327305605787 0.0034482758620689655 0.0018083182640144665
0 0.993103448275862 0.566003616636528 0.013793103448275862 0.007233273056057866
0 0.9155172413793103 0.5641952983725136 0.03103448275862069 0.0108499095840868
0 0.1543103448275862 0.3933092224231465 0.0017241379310344827 0.0018083182640144665
0 0.6043103448275862 0.27034358047016277 0.0017241379310344827 0.0018083182640144665
0 0.8836206896551724 0.4294755877034358 0.23275862068965517 0.4177215189873418
0 0.803448275862069 0.3969258589511754 0.24482758620689654 0.36347197106690776
0 0.996551724137931 0.189873417721519 0.006896551724137931 0.028933092224231464
0 0.49224137931034484 0.16907775768535263 0.01206896551724138 0.012658227848101266
0 0.4086206896551724 0.44394213381555153 0.8172413793103448 0.566003616636528
0 0.17758620689655172 0.009945750452079566 0.006896551724137931 0.019891500904159132
