0 0.7160493827160493 0.9819494584837545 0.0049382716049382715 0.007220216606498195
0 0.5296296296296297 0.9819494584837545 0.027160493827160494 0.036101083032490974
0 0.4740740740740741 0.9819494584837545 0.05432098765432099 0.036101083032490974
0 0.41358024691358025 0.9819494584837545 0.037037037037037035 0.036101083032490974
0 0.7037037037037037 0.9675090252707581 0.009876543209876543 0.01444043321299639
0 0.6691358024691358 0.9584837545126353 0.009876543209876543 0.010830324909747292
0 0.6469135802469136 0.9765342960288809 0.02962962962962963 0.04693140794223827
0 0.6851851851851852 0.9512635379061372 0.007407407407407408 0.0036101083032490976
0 0.48148148148148145 0.9584837545126353 0.2814814814814815 0.08303249097472924
0 0.7691358024691358 0.9566787003610109 0.06172839506172839 0.08664259927797834
0 0.0012345679012345679 0.6209386281588448 0.0024691358024691358 0.007220216606498195
0 0.0012345679012345679 0.6010830324909747 0.0024691358024691358 0.0036101083032490976
0 0.0012345679012345679 0.5379061371841155 0.0024691358024691358 0.007220216606498195
0 0.0024691358024691358 0.4981949458483754 0.0049382716049382715 0.01444043321299639
0 0.003703703703703704 0.4620938628158845 0.007407407407407408 0.036101083032490974
0 0.0024691358024691358 0.4314079422382672 0.0049382716049382715 0.010830324909747292
0 0.0012345679012345679 0.40974729241877256 0.0024691358024691358 0.0036101083032490976
0 0.0012345679012345679 0.3898916967509025 0.0024691358024691358 0.007220216606498195
0 0.0024691358024691358 0.36823104693140796 0.0049382716049382715 0.01444043321299639
0 0.0024691358024691358 0.35018050541516244 0.0049382716049382715 0.01444043321299639
0 0.0024691358024691358 0.3285198555956679 0.0049382716049382715 0.007220216606498195
0 0.003703703703703704 0.30685920577617326 0.007407407407407408 0.01444043321299639
0 0.0024691358024691358 0.27617328519855594 0.0049382716049382715 0.032490974729241874
0 0.0024691358024691358 0.24729241877256317 0.0049382716049382715 0.010830324909747292
0 0.0012345679012345679 0.2292418772563177 0.0024691358024691358 0.010830324909747292
0 0.0024691358024691358 0.17148014440433212 0.0049382716049382715 0.07581227436823104
0 0.5074074074074074 0.48375451263537905 0.9851851851851852 0.8303249097472925
0 0.6234567901234568 0.016245487364620937 0.022222222222222223 0.018050541516245487
0 0.6580246913580247 0.010830324909747292 0.03209876543209877 0.021660649819494584
0 0.5975308641975309 0.01263537906137184 0.019753086419753086 0.02527075812274368
0 0.4802469135802469 0.009025270758122744 0.012345679012345678 0.018050541516245487
0 0.4469135802469136 0.010830324909747292 0.014814814814814815 0.021660649819494584
0 0.40617283950617283 0.010830324909747292 0.012345679012345678 0.021660649819494584
0 0.3654320987654321 0.010830324909747292 0.044444444444444446 0.021660649819494584
