0 0.8395989974937343 0.9560439560439561 0.015037593984962405 0.02197802197802198
0 0.4824561403508772 0.9652014652014652 0.022556390977443608 0.0695970695970696
0 0.5350877192982456 0.9615384615384616 0.042606516290726815 0.07692307692307693
0 0.5864661654135338 0.9597069597069597 0.040100250626566414 0.08058608058608059
0 0.6528822055137845 0.9578754578754579 0.02756892230576441 0.08424908424908426
0 0.6265664160401002 0.8956043956043956 0.010025062656641603 0.003663003663003663
0 0.6090225563909775 0.8956043956043956 0.005012531328320802 0.003663003663003663
0 0.7731829573934837 0.945054945054945 0.03258145363408521 0.10989010989010989
0 0.6453634085213033 0.8937728937728938 0.007518796992481203 0.007326007326007326
0 0.7105263157894737 0.9432234432234432 0.07769423558897243 0.11355311355311355
0 0.9022556390977443 0.9395604395604396 0.020050125313283207 0.12087912087912088
0 0.8621553884711779 0.9194139194139194 0.03508771929824561 0.08791208791208792
0 0.8070175438596491 0.9358974358974359 0.08020050125313283 0.1282051282051282
0 0.9899749373433584 0.6978021978021978 0.020050125313283207 0.01098901098901099
0 0.021303258145363407 0.7802197802197802 0.042606516290726815 0.20512820512820512
0 0.021303258145363407 0.6373626373626373 0.042606516290726815 0.07326007326007326
0 0.021303258145363407 0.5824175824175825 0.042606516290726815 0.029304029304029304
0 0.020050125313283207 0.5018315018315018 0.040100250626566414 0.11721611721611722
0 0.020050125313283207 0.336996336996337 0.040100250626566414 0.1978021978021978
0 0.9887218045112782 0.21978021978021978 0.012531328320802004 0.007326007326007326
0 0.017543859649122806 0.21611721611721613 0.03508771929824561 0.029304029304029304
0 0.020050125313283207 0.14652014652014653 0.040100250626566414 0.08791208791208792
0 0.03508771929824561 0.09340659340659341 0.005012531328320802 0.01098901098901099
0 0.10150375939849623 0.07692307692307693 0.02756892230576441 0.007326007326007326
0 0.5238095238095238 0.47435897435897434 0.9523809523809523 0.8095238095238095
0 0.9511278195488722 0.047619047619047616 0.012531328320802004 0.02197802197802198
0 0.7355889724310777 0.009157509157509158 0.02756892230576441 0.018315018315018316
0 0.6904761904761905 0.009157509157509158 0.047619047619047616 0.018315018315018316
0 0.44611528822055135 0.005494505494505495 0.010025062656641603 0.01098901098901099
0 0.6027568922305765 0.02564102564102564 0.44360902255639095 0.05128205128205128
