0 0.45454545454545453 0.9972426470588235 0.01048951048951049 0.0055147058823529415
0 0.3715034965034965 0.9963235294117647 0.012237762237762238 0.007352941176470588
0 0.3382867132867133 0.9963235294117647 0.012237762237762238 0.007352941176470588
0 0.47202797202797203 0.9944852941176471 0.013986013986013986 0.007352941176470588
0 0.29895104895104896 0.9954044117647058 0.017482517482517484 0.009191176470588236
0 0.3094405594405594 0.8915441176470589 0.017482517482517484 0.003676470588235294
0 0.8050699300699301 0.8823529411764706 0.005244755244755245 0.003676470588235294
0 0.791958041958042 0.8814338235294118 0.0034965034965034965 0.001838235294117647
0 0.3575174825174825 0.8795955882352942 0.026223776223776224 0.009191176470588236
0 0.3531468531468531 0.8685661764705882 0.006993006993006993 0.0055147058823529415
0 0.6520979020979021 0.8575367647058824 0.0034965034965034965 0.001838235294117647
0 0.6398601398601399 0.8575367647058824 0.006993006993006993 0.001838235294117647
0 0.8784965034965035 0.8474264705882353 0.005244755244755245 0.003676470588235294
0 0.8444055944055944 0.8474264705882353 0.0034965034965034965 0.003676470588235294
0 0.6503496503496503 0.8465073529411765 0.0034965034965034965 0.001838235294117647
0 0.15734265734265734 0.8446691176470589 0.013986013986013986 0.0055147058823529415
0 0.18006993006993008 0.8556985294117647 0.03146853146853147 0.03125
0 0.3111888111888112 0.8336397058823529 0.0034965034965034965 0.001838235294117647
0 0.17482517482517482 0.8336397058823529 0.006993006993006993 0.001838235294117647
0 0.28496503496503495 0.8308823529411765 0.01048951048951049 0.007352941176470588
0 0.8365384615384616 0.8262867647058824 0.005244755244755245 0.0055147058823529415
0 0.7036713286713286 0.8253676470588235 0.015734265734265736 0.007352941176470588
0 0.4291958041958042 0.8226102941176471 0.012237762237762238 0.0055147058823529415
0 0.41346153846153844 0.8216911764705882 0.005244755244755245 0.003676470588235294
0 0.19667832167832167 0.8207720588235294 0.0017482517482517483 0.001838235294117647
0 0.2972027972027972 0.8216911764705882 0.013986013986013986 0.007352941176470588
0 0.062062937062937064 0.8106617647058824 0.0472027972027972 0.007352941176470588
0 0.8444055944055944 0.8106617647058824 0.02097902097902098 0.014705882352941176
0 0.7106643356643356 0.8079044117647058 0.02972027972027972 0.02022058823529412
0 0.21678321678321677 0.8235294117647058 0.04895104895104895 0.051470588235294115
0 0.19667832167832167 0.8069852941176471 0.026223776223776224 0.01838235294117647
0 0.4606643356643357 0.8005514705882353 0.012237762237762238 0.009191176470588236
0 0.056818181818181816 0.7987132352941176 0.02972027972027972 0.0055147058823529415
0 0.2491258741258741 0.7950367647058824 0.012237762237762238 0.016544117647058824
0 0.16783216783216784 0.7895220588235294 0.006993006993006993 0.0055147058823529415
0 0.32255244755244755 0.7803308823529411 0.005244755244755245 0.0055147058823529415
0 0.30594405594405594 0.7794117647058824 0.0034965034965034965 0.003676470588235294
0 0.06555944055944056 0.7794117647058824 0.005244755244755245 0.003676470588235294
0 0.3881118881118881 0.7950367647058824 0.045454545454545456 0.042279411764705885
0 0.9982517482517482 0.7766544117647058 0.0034965034965034965 0.009191176470588236
0 0.017482517482517484 0.7637867647058824 0.0034965034965034965 0.001838235294117647
0 0.7062937062937062 0.7637867647058824 0.045454545454545456 0.012867647058823529
0 0.36276223776223776 0.7619485294117647 0.015734265734265736 0.012867647058823529
0 0.20279720279720279 0.7564338235294118 0.013986013986013986 0.012867647058823529
0 0.5087412587412588 0.8529411764705882 0.9545454545454546 0.20955882352941177
0 0.47027972027972026 0.75 0.0034965034965034965 0.003676470588235294
0 0.2945804195804196 0.7610294117647058 0.02972027972027972 0.025735294117647058
0 0.09178321678321678 0.7858455882352942 0.11013986013986014 0.07536764705882353
0 0.0472027972027972 0.7490808823529411 0.006993006993006993 0.0055147058823529415
0 0.2727272727272727 0.7408088235294118 0.013986013986013986 0.007352941176470588
0 0.05244755244755245 0.7398897058823529 0.024475524475524476 0.009191176470588236
0 0.1861888111888112 0.7398897058823529 0.026223776223776224 0.012867647058823529
0 0.9982517482517482 0.7196691176470589 0.0034965034965034965 0.0055147058823529415
0 0.43006993006993005 0.7012867647058824 0.006993006993006993 0.0055147058823529415
0 0.9982517482517482 0.6966911764705882 0.0034965034965034965 0.003676470588235294
0 0.13636363636363635 0.6966911764705882 0.01048951048951049 0.007352941176470588
0 0.3583916083916084 0.6966911764705882 0.017482517482517484 0.014705882352941176
0 0.25 0.6847426470588235 0.0034965034965034965 0.001838235294117647
0 0.34178321678321677 0.6829044117647058 0.008741258741258742 0.009191176470588236
0 0.32954545454545453 0.6691176470588235 0.008741258741258742 0.014705882352941176
0 0.24213286713286714 0.6709558823529411 0.022727272727272728 0.022058823529411766
0 0.15734265734265734 0.6534926470588235 0.0034965034965034965 0.001838235294117647
0 0.04895104895104895 0.6516544117647058 0.006993006993006993 0.001838235294117647
0 0.2692307692307692 0.6654411764705882 0.03146853146853147 0.03308823529411765
0 0.22727272727272727 0.6544117647058824 0.01048951048951049 0.011029411764705883
0 0.16958041958041958 0.6590073529411765 0.013986013986013986 0.02022058823529412
0 0.44143356643356646 0.6516544117647058 0.015734265734265736 0.012867647058823529
0 0.1590909090909091 0.6452205882352942 0.0034965034965034965 0.003676470588235294
0 0.9947552447552448 0.6415441176470589 0.006993006993006993 0.003676470588235294
0 0.050699300699300696 0.6415441176470589 0.0034965034965034965 0.003676470588235294
0 0.050699300699300696 0.6314338235294118 0.01048951048951049 0.0055147058823529415
0 0.4256993006993007 0.6351102941176471 0.015734265734265736 0.016544117647058824
0 0.4117132867132867 0.625 0.008741258741258742 0.007352941176470588
0 0.13636363636363635 0.6268382352941176 0.027972027972027972 0.03676470588235294
0 0.11538461538461539 0.6102941176470589 0.0034965034965034965 0.003676470588235294
0 0.9947552447552448 0.6075367647058824 0.01048951048951049 0.0055147058823529415
0 0.40034965034965037 0.609375 0.017482517482517484 0.012867647058823529
0 0.11975524475524475 0.6038602941176471 0.0017482517482517483 0.001838235294117647
0 0.016608391608391608 0.6066176470588235 0.033216783216783216 0.007352941176470588
0 0.10402097902097902 0.6020220588235294 0.012237762237762238 0.009191176470588236
0 0.26573426573426573 0.5909926470588235 0.02097902097902098 0.02389705882352941
0 0.4361888111888112 0.5753676470588235 0.005244755244755245 0.007352941176470588
0 0.31993006993006995 0.5946691176470589 0.05244755244755245 0.05330882352941176
0 0.0026223776223776225 0.5625 0.005244755244755245 0.022058823529411766
0 0.21503496503496503 0.5799632352941176 0.05944055944055944 0.06066176470588235
0 0.17482517482517482 0.546875 0.013986013986013986 0.012867647058823529
0 0.3374125874125874 0.5395220588235294 0.006993006993006993 0.0055147058823529415
0 0.39073426573426573 0.5386029411764706 0.057692307692307696 0.058823529411764705
0 0.25786713286713286 0.5036764705882353 0.008741258741258742 0.007352941176470588
0 0.243006993006993 0.4880514705882353 0.013986013986013986 0.012867647058823529
0 0.46940559440559443 0.49172794117647056 0.02972027972027972 0.03125
0 0.291958041958042 0.5027573529411765 0.055944055944055944 0.06066176470588235
0 0.18793706293706294 0.4880514705882353 0.057692307692307696 0.05698529411764706
0 0.4423076923076923 0.4650735294117647 0.024475524475524476 0.025735294117647058
0 0.14335664335664336 0.4522058823529412 0.006993006993006993 0.003676470588235294
0 0.3076923076923077 0.44577205882352944 0.006993006993006993 0.009191176470588236
0 0.28146853146853146 0.4522058823529412 0.03496503496503497 0.029411764705882353
0 0.3120629370629371 0.421875 0.005244755244755245 0.0055147058823529415
0 0.36013986013986016 0.44393382352941174 0.055944055944055944 0.05698529411764706
0 0.0034965034965034965 0.39981617647058826 0.006993006993006993 0.012867647058823529
0 0.09353146853146853 0.5128676470588235 0.11013986013986014 0.24632352941176472
0 0.28846153846153844 0.39246323529411764 0.013986013986013986 0.012867647058823529
0 0.30332167832167833 0.38419117647058826 0.012237762237762238 0.014705882352941176
0 0.2202797202797203 0.3952205882352941 0.04195804195804196 0.03676470588235294
0 0.4318181818181818 0.39246323529411764 0.045454545454545456 0.042279411764705885
0 0.1590909090909091 0.3915441176470588 0.055944055944055944 0.0625
0 0.2526223776223776 0.3602941176470588 0.005244755244755245 0.003676470588235294
0 0.3916083916083916 0.3639705882352941 0.013986013986013986 0.014705882352941176
0 0.1145104895104895 0.35753676470588236 0.005244755244755245 0.0055147058823529415
0 0.40559440559440557 0.3556985294117647 0.01048951048951049 0.012867647058823529
0 0.32604895104895104 0.36213235294117646 0.033216783216783216 0.029411764705882353
0 0.48863636363636365 0.3235294117647059 0.005244755244755245 0.003676470588235294
0 0.42832167832167833 0.3336397058823529 0.03146853146853147 0.027573529411764705
0 0.16171328671328672 0.33639705882352944 0.0472027972027972 0.04411764705882353
0 0.018356643356643356 0.20588235294117646 0.03671328671328671 0.0661764705882353
0 0.062062937062937064 0.15992647058823528 0.008741258741258742 0.011029411764705883
0 0.007867132867132868 0.15625 0.005244755244755245 0.007352941176470588
0 0.06818181818181818 0.1479779411764706 0.0034965034965034965 0.0055147058823529415
0 0.9868881118881119 0.359375 0.026223776223776224 0.4834558823529412
0 0.006118881118881119 0.11397058823529412 0.012237762237762238 0.007352941176470588
0 0.9973776223776224 0.10477941176470588 0.005244755244755245 0.011029411764705883
0 0.005244755244755245 0.09099264705882353 0.01048951048951049 0.012867647058823529
0 0.022727272727272728 0.07352941176470588 0.0034965034965034965 0.003676470588235294
0 0.03583916083916084 0.0661764705882353 0.0017482517482517483 0.003676470588235294
0 0.007867132867132868 0.05698529411764706 0.015734265734265736 0.01838235294117647
0 0.024475524475524476 0.019301470588235295 0.0034965034965034965 0.001838235294117647
0 0.01048951048951049 0.02849264705882353 0.02097902097902098 0.027573529411764705
0 0.1853146853146853 0.0009191176470588235 0.0034965034965034965 0.001838235294117647
0 0.5 0.3759191176470588 1.0 0.7518382352941176
0 0.0236013986013986 0.011948529411764705 0.02972027972027972 0.02389705882352941
