0 0.9930015552099534 0.992018779342723 0.007776049766718507 0.008450704225352112
0 0.9494556765163297 0.9938967136150235 0.026438569206842923 0.012206572769953052
0 0.48833592534992226 0.9657276995305164 0.00933125972006221 0.0009389671361502347
0 0.31026438569206843 0.9657276995305164 0.004665629860031105 0.0009389671361502347
0 0.14930015552099535 0.9577464788732394 0.2986003110419907 0.016901408450704224
0 0.5777604976671851 0.9539906103286385 0.05754276827371695 0.024413145539906103
0 0.5202177293934681 0.9492957746478873 0.29704510108864696 0.03568075117370892
0 0.18506998444790046 0.9075117370892019 0.006220839813374806 0.0028169014084507044
0 0.17262830482115085 0.9061032863849765 0.003110419906687403 0.0018779342723004694
0 0.0015552099533437014 0.8544600938967136 0.003110419906687403 0.0018779342723004694
0 0.003110419906687403 0.844131455399061 0.006220839813374806 0.013145539906103286
0 0.14152410575427682 0.8164319248826291 0.003110419906687403 0.0028169014084507044
0 0.6150855365474339 0.7727699530516432 0.004665629860031105 0.0018779342723004694
0 0.7690513219284604 0.7704225352112676 0.01088646967340591 0.004694835680751174
0 0.7115085536547434 0.7694835680751174 0.02021772939346812 0.010328638497652582
0 0.567651632970451 0.7605633802816901 0.00933125972006221 0.003755868544600939
0 0.7534992223950233 0.7572769953051643 0.004665629860031105 0.0028169014084507044
0 0.7091757387247278 0.7563380281690141 0.03732503888024884 0.012206572769953052
0 0.7581648522550545 0.7511737089201878 0.01088646967340591 0.003755868544600939
0 0.9595645412130638 0.7488262910798122 0.012441679626749611 0.0009389671361502347
0 0.6866251944012441 0.7502347417840376 0.017107309486780714 0.011267605633802818
0 0.926905132192846 0.7436619718309859 0.012441679626749611 0.0018779342723004694
0 0.8981337480559876 0.7389671361502348 0.029548989113530325 0.0018779342723004694
0 0.8475894245723172 0.7276995305164319 0.03732503888024884 0.003755868544600939
0 0.04432348367029549 0.7262910798122065 0.013996889580093312 0.0028169014084507044
0 0.016329704510108865 0.7206572769953051 0.004665629860031105 0.0009389671361502347
0 0.9805598755832037 0.7178403755868544 0.004665629860031105 0.0009389671361502347
0 0.8079315707620529 0.7173708920187793 0.03265940902021773 0.003755868544600939
0 0.9191290824261276 0.7140845070422536 0.003110419906687403 0.0009389671361502347
0 0.9230171073094868 0.7253521126760564 0.1290824261275272 0.02535211267605634
0 0.9051321928460342 0.7093896713615023 0.003110419906687403 0.0009389671361502347
0 0.7768273716951789 0.7070422535211267 0.02021772939346812 0.003755868544600939
0 0.8615863141524106 0.7051643192488263 0.09020217729393468 0.005633802816901409
0 0.8242612752721618 0.6990610328638498 0.003110419906687403 0.0009389671361502347
0 0.8460342146189735 0.6985915492957746 0.006220839813374806 0.0018779342723004694
0 0.4432348367029549 0.6985915492957746 0.00933125972006221 0.0018779342723004694
0 0.8934681181959565 0.6971830985915493 0.0015552099533437014 0.0009389671361502347
0 0.7270606531881804 0.6943661971830986 0.017107309486780714 0.0028169014084507044
0 0.8623639191290824 0.6915492957746479 0.0015552099533437014 0.0009389671361502347
0 0.8203732503888025 0.6929577464788732 0.02332814930015552 0.003755868544600939
0 0.8429237947122862 0.692018779342723 0.01866251944012442 0.003755868544600939
0 0.7900466562986003 0.6929577464788732 0.03421461897356143 0.005633802816901409
0 0.5762052877138414 0.6915492957746479 0.013996889580093312 0.0028169014084507044
0 0.7099533437013997 0.6887323943661972 0.004665629860031105 0.0009389671361502347
0 0.7659409020217729 0.687793427230047 0.004665629860031105 0.0009389671361502347
0 0.46578538102643857 0.6859154929577465 0.041990668740279936 0.004694835680751174
0 0.6866251944012441 0.6826291079812207 0.026438569206842923 0.003755868544600939
0 0.797045101088647 0.6812206572769953 0.017107309486780714 0.004694835680751174
0 0.7558320373250389 0.6816901408450704 0.049766718506998445 0.005633802816901409
0 0.5 0.8169014084507042 1.0 0.2948356807511737
0 0.03965785381026438 0.6694835680751173 0.0015552099533437014 0.0018779342723004694
0 0.671850699844479 0.6511737089201878 0.003110419906687403 0.0009389671361502347
0 0.6337480559875583 0.6638497652582159 0.08864696734059098 0.028169014084507043
0 0.12441679626749612 0.6568075117370892 0.03110419906687403 0.01784037558685446
0 0.6959564541213064 0.6624413145539906 0.16329704510108864 0.030985915492957747
0 0.6057542768273717 0.6464788732394366 0.004665629860031105 0.0028169014084507044
0 0.08398133748055987 0.6455399061032864 0.003110419906687403 0.004694835680751174
0 0.03732503888024884 0.6464788732394366 0.015552099533437015 0.010328638497652582
0 0.1290824261275272 0.6422535211267606 0.015552099533437015 0.009389671361502348
0 0.06998444790046657 0.631924882629108 0.00933125972006221 0.005633802816901409
0 0.8063763608087092 0.6239436619718309 0.004665629860031105 0.0009389671361502347
0 0.8009331259720062 0.6178403755868545 0.00933125972006221 0.005633802816901409
0 0.8888024883359253 0.6173708920187794 0.026438569206842923 0.010328638497652582
0 0.08631415241057543 0.6145539906103287 0.01088646967340591 0.006572769953051643
0 0.8374805598755832 0.6150234741784038 0.017107309486780714 0.009389671361502348
0 0.7869362363919129 0.6103286384976526 0.003110419906687403 0.0018779342723004694
0 0.8055987558320373 0.6056338028169014 0.003110419906687403 0.0018779342723004694
0 0.8950233281493002 0.6032863849765259 0.01088646967340591 0.012206572769953052
0 0.8499222395023328 0.6018779342723005 0.02021772939346812 0.011267605633802818
0 0.8538102643856921 0.5906103286384976 0.006220839813374806 0.005633802816901409
0 0.8343701399688958 0.5910798122065728 0.013996889580093312 0.010328638497652582
0 0.8048211508553654 0.5882629107981221 0.017107309486780714 0.008450704225352112
0 0.7721617418351477 0.5849765258215962 0.007776049766718507 0.005633802816901409
0 0.9237947122861586 0.5845070422535211 0.012441679626749611 0.008450704225352112
0 0.8794712286158631 0.5859154929577465 0.026438569206842923 0.015023474178403756
0 0.6625194401244168 0.5863849765258216 0.049766718506998445 0.027230046948356807
0 0.8405909797822706 0.572300469483568 0.004665629860031105 0.0028169014084507044
0 0.8227060653188181 0.5732394366197183 0.006220839813374806 0.004694835680751174
0 0.7947122861586314 0.572300469483568 0.012441679626749611 0.008450704225352112
0 0.003110419906687403 0.5708920187793427 0.006220839813374806 0.005633802816901409
0 0.895800933125972 0.5708920187793427 0.015552099533437015 0.011267605633802818
0 0.9152410575427683 0.5676056338028169 0.01088646967340591 0.006572769953051643
0 0.6119751166407466 0.5652582159624413 0.007776049766718507 0.003755868544600939
0 0.9292379471228616 0.5610328638497653 0.0015552099533437014 0.0009389671361502347
0 0.5 0.612206572769953 1.0 0.23286384976525823
0 0.13297045101088648 0.4953051643192488 0.004665629860031105 0.0009389671361502347
0 0.7799377916018663 0.49577464788732395 0.02021772939346812 0.003755868544600939
0 0.104199066874028 0.49577464788732395 0.03110419906687403 0.003755868544600939
0 0.8094867807153966 0.4943661971830986 0.01088646967340591 0.0028169014084507044
0 0.8514774494556765 0.4924882629107981 0.017107309486780714 0.0009389671361502347
0 0.05054432348367029 0.4953051643192488 0.060653188180404355 0.006572769953051643
0 0.3405909797822706 0.5230046948356808 0.6811819595645412 0.06384976525821597
0 0.942457231726283 0.49061032863849763 0.04665629860031104 0.010328638497652582
0 0.4984447900466563 0.4835680751173709 0.9409020217729394 0.009389671361502348
0 0.26594090202177295 0.47417840375586856 0.13996889580093314 0.003755868544600939
0 0.10108864696734059 0.4737089201877934 0.1368584758942457 0.006572769953051643
0 0.6609642301710731 0.4723004694835681 0.6220839813374806 0.009389671361502348
0 0.40279937791601866 0.46338028169014084 0.003110419906687403 0.0009389671361502347
0 0.2379471228615863 0.4619718309859155 0.003110419906687403 0.0018779342723004694
0 0.3188180404354588 0.46338028169014084 0.12130637636080871 0.006572769953051643
0 0.24805598755832037 0.4629107981220657 0.007776049766718507 0.005633802816901409
0 0.6415241057542769 0.4624413145539906 0.17262830482115085 0.006572769953051643
0 0.47667185069984447 0.4624413145539906 0.14152410575427682 0.006572769953051643
0 0.1290824261275272 0.4629107981220657 0.19906687402799378 0.007511737089201878
0 0.8678071539657853 0.46056338028169014 0.208398133748056 0.008450704225352112
0 0.5590979782270606 0.45023474178403755 0.02332814930015552 0.0028169014084507044
0 0.7534992223950233 0.45023474178403755 0.03576982892690513 0.004694835680751174
0 0.504665629860031 0.45117370892018777 0.08242612752721618 0.006572769953051643
0 0.37947122861586313 0.45117370892018777 0.08398133748055987 0.006572769953051643
0 0.328149300155521 0.4497652582159624 0.003110419906687403 0.003755868544600939
0 0.7916018662519441 0.44929577464788734 0.024883359253499222 0.004694835680751174
0 0.3118195956454121 0.4497652582159624 0.007776049766718507 0.005633802816901409
0 0.1625194401244168 0.45117370892018777 0.27527216174183516 0.008450704225352112
0 0.9004665629860031 0.44835680751173707 0.14618973561430793 0.008450704225352112
0 0.27682737169517885 0.43802816901408453 0.003110419906687403 0.0009389671361502347
0 0.7869362363919129 0.43802816901408453 0.01866251944012442 0.0028169014084507044
0 0.25505443234836706 0.43896713615023475 0.015552099533437015 0.004694835680751174
0 0.5194401244167963 0.43896713615023475 0.04354587869362364 0.006572769953051643
0 0.3880248833592535 0.43896713615023475 0.11975116640746501 0.006572769953051643
0 0.30793157076205285 0.4394366197183099 0.03732503888024884 0.007511737089201878
0 0.12830482115085537 0.43990610328638496 0.2099533437013997 0.008450704225352112
0 0.8965785381026439 0.4375586854460094 0.14152410575427682 0.007511737089201878
0 0.6866251944012441 0.4375586854460094 0.17262830482115085 0.007511737089201878
0 0.5155520995334371 0.42769953051643195 0.041990668740279936 0.004694835680751174
0 0.26283048211508553 0.428169014084507 0.006220839813374806 0.005633802816901409
0 0.7846034214618973 0.4262910798122066 0.02021772939346812 0.003755868544600939
0 0.3678071539657854 0.428169014084507 0.15396578538102643 0.007511737089201878
0 0.1368584758942457 0.428169014084507 0.223950233281493 0.007511737089201878
0 0.8211508553654744 0.4262910798122066 0.00933125972006221 0.005633802816901409
0 0.9004665629860031 0.4253521126760563 0.13063763608087092 0.007511737089201878
0 0.7363919129082426 0.42582159624413146 0.06998444790046657 0.008450704225352112
0 0.9603421461897356 0.41455399061032866 0.004665629860031105 0.0009389671361502347
0 0.7807153965785381 0.4140845070422535 0.015552099533437015 0.003755868544600939
0 0.4984447900466563 0.41502347417840374 0.06687402799377916 0.007511737089201878
0 0.8227060653188181 0.4140845070422535 0.015552099533437015 0.007511737089201878
0 0.5660964230171073 0.4028169014084507 0.006220839813374806 0.003755868544600939
0 0.5925349922239502 0.40187793427230045 0.006220839813374806 0.009389671361502348
0 0.5762052877138414 0.3957746478873239 0.0015552099533437014 0.0009389671361502347
0 0.6057542768273717 0.4 0.01088646967340591 0.013145539906103286
0 0.619751166407465 0.39812206572769954 0.02332814930015552 0.018779342723004695
0 0.6360808709175739 0.39436619718309857 0.04043545878693624 0.02629107981220657
0 0.6376360808709176 0.3826291079812207 0.015552099533437015 0.008450704225352112
0 0.640746500777605 0.3769953051643192 0.012441679626749611 0.004694835680751174
0 0.7122861586314152 0.3596244131455399 0.006220839813374806 0.003755868544600939
0 0.9883359253499222 0.3530516431924883 0.004665629860031105 0.003755868544600939
0 0.7542768273716952 0.38215962441314555 0.07153965785381027 0.07323943661971831
0 0.4572317262830482 0.3464788732394366 0.003110419906687403 0.0018779342723004694
0 0.2892690513219285 0.3474178403755869 0.012441679626749611 0.003755868544600939
0 0.2161741835147745 0.3389671361502347 0.003110419906687403 0.0018779342723004694
0 0.18818040435458788 0.33849765258215964 0.003110419906687403 0.0028169014084507044
0 0.2410575427682737 0.33661971830985915 0.003110419906687403 0.0009389671361502347
0 0.4556765163297045 0.33474178403755867 0.003110419906687403 0.0028169014084507044
0 0.4735614307931571 0.3352112676056338 0.017107309486780714 0.007511737089201878
0 0.3110419906687403 0.3305164319248826 0.006220839813374806 0.003755868544600939
0 0.97900466562986 0.32816901408450705 0.004665629860031105 0.0028169014084507044
0 0.44245723172628304 0.32535211267605635 0.004665629860031105 0.0028169014084507044
0 0.2744945567651633 0.33004694835680753 0.03265940902021773 0.012206572769953052
0 0.45023328149300157 0.3187793427230047 0.0015552099533437014 0.0009389671361502347
0 0.42068429237947125 0.3187793427230047 0.007776049766718507 0.004694835680751174
0 0.5069984447900466 0.3154929577464789 0.003110419906687403 0.0018779342723004694
0 0.9813374805598756 0.3145539906103286 0.00933125972006221 0.003755868544600939
0 0.39968895800933124 0.3136150234741784 0.003110419906687403 0.0018779342723004694
0 0.3911353032659409 0.3112676056338028 0.0015552099533437014 0.0009389671361502347
0 0.9712286158631416 0.3112676056338028 0.004665629860031105 0.0028169014084507044
0 0.380248833592535 0.3107981220657277 0.0015552099533437014 0.0018779342723004694
0 0.171850699844479 0.307981220657277 0.013996889580093312 0.003755868544600939
0 0.9860031104199067 0.3051643192488263 0.003110419906687403 0.003755868544600939
0 0.9696734059097978 0.3051643192488263 0.004665629860031105 0.003755868544600939
0 0.5466562986003111 0.2953051643192488 0.0015552099533437014 0.0009389671361502347
0 0.9805598755832037 0.29295774647887324 0.01088646967340591 0.005633802816901409
0 0.9782270606531882 0.28075117370892017 0.003110419906687403 0.0018779342723004694
0 0.5326594090202177 0.2784037558685446 0.0015552099533437014 0.0009389671361502347
0 0.47900466562986005 0.31220657276995306 0.12752721617418353 0.06854460093896714
0 0.9626749611197511 0.27136150234741785 0.003110419906687403 0.0018779342723004694
0 0.9828926905132193 0.2633802816901408 0.006220839813374806 0.008450704225352112
0 0.7807153965785381 0.2652582159624413 0.015552099533437015 0.012206572769953052
0 0.9774494556765163 0.25727699530516435 0.007776049766718507 0.013145539906103286
0 0.9844479004665629 0.24647887323943662 0.012441679626749611 0.012206572769953052
0 0.9821150855365475 0.23615023474178404 0.02021772939346812 0.008450704225352112
0 0.33670295489891133 0.2291079812206573 0.16640746500777606 0.005633802816901409
0 0.8872472783825817 0.32018779342723 0.2223950233281493 0.19530516431924883
0 0.2713841368584759 0.3211267605633803 0.5241057542768274 0.19906103286384977
0 0.8755832037325039 0.21971830985915494 0.03110419906687403 0.003755868544600939
0 0.4976671850699845 0.21737089201877935 0.003110419906687403 0.0009389671361502347
0 0.5458786936236392 0.2164319248826291 0.003110419906687403 0.0009389671361502347
0 0.5178849144634525 0.21690140845070421 0.012441679626749611 0.0018779342723004694
0 0.3094867807153966 0.21690140845070421 0.012441679626749611 0.0018779342723004694
0 0.06298600311041991 0.21830985915492956 0.05132192846034215 0.004694835680751174
0 0.5357698289269052 0.2164319248826291 0.013996889580093312 0.0028169014084507044
0 0.588646967340591 0.21549295774647886 0.038880248833592534 0.0028169014084507044
0 0.8833592534992224 0.2140845070422535 0.05598755832037325 0.005633802816901409
0 0.8965785381026439 0.207981220657277 0.004665629860031105 0.0009389671361502347
0 0.6990668740279938 0.207981220657277 0.0015552099533437014 0.0009389671361502347
0 0.7169517884914464 0.20375586854460093 0.006220839813374806 0.0018779342723004694
0 0.7853810264385692 0.2028169014084507 0.08087091757387248 0.003755868544600939
0 0.059875583203732506 0.19859154929577466 0.04821150855365474 0.03286384976525822
0 0.8724727838258165 0.19436619718309858 0.08398133748055987 0.03192488262910798
0 0.05443234836702955 0.1755868544600939 0.04354587869362364 0.009389671361502348
0 0.9191290824261276 0.16854460093896714 0.003110419906687403 0.0009389671361502347
0 0.053654743390357695 0.1624413145539906 0.04510108864696734 0.005633802816901409
0 0.8849144634525661 0.1516431924882629 0.006220839813374806 0.0009389671361502347
0 0.3786936236391913 0.14929577464788732 0.01088646967340591 0.0018779342723004694
0 0.2729393468118196 0.14929577464788732 0.004665629860031105 0.0018779342723004694
0 0.5404354587869362 0.14835680751173708 0.004665629860031105 0.0018779342723004694
0 0.3584758942457232 0.14929577464788732 0.02021772939346812 0.003755868544600939
0 0.573094867807154 0.14788732394366197 0.038880248833592534 0.0028169014084507044
0 0.39346811819595645 0.13286384976525822 0.006220839813374806 0.010328638497652582
0 0.47433903576982894 0.12629107981220658 0.006220839813374806 0.0009389671361502347
0 0.640746500777605 0.12582159624413145 0.003110419906687403 0.0018779342723004694
0 0.5038880248833593 0.12441314553990611 0.006220839813374806 0.0009389671361502347
0 0.3895800933125972 0.11173708920187793 0.004665629860031105 0.009389671361502348
0 0.6516329704510109 0.09624413145539906 0.006220839813374806 0.0028169014084507044
0 0.3864696734059098 0.09530516431924882 0.004665629860031105 0.004694835680751174
0 0.6205287713841369 0.09248826291079812 0.003110419906687403 0.0028169014084507044
0 0.614307931570762 0.10985915492957747 0.18351477449455678 0.06572769953051644
0 0.46267496111975115 0.06056338028169014 0.007776049766718507 0.004694835680751174
0 0.34136858475894244 0.04976525821596244 0.0015552099533437014 0.0018779342723004694
0 0.3421461897356143 0.03943661971830986 0.006220839813374806 0.003755868544600939
0 0.359253499222395 0.03380281690140845 0.04043545878693624 0.03943661971830986
0 0.34914463452566097 0.009389671361502348 0.007776049766718507 0.003755868544600939
0 0.3678071539657854 0.010328638497652582 0.013996889580093312 0.009389671361502348
0 0.8833592534992224 0.09014084507042254 0.2208398133748056 0.1727699530516432
0 0.6391912908242613 0.00046948356807511736 0.003110419906687403 0.0009389671361502347
0 0.2255054432348367 0.07746478873239436 0.4510108864696734 0.15492957746478872
