0 0.663235294117647 0.9951768488745981 0.014705882352941176 0.00964630225080386
0 0.48676470588235293 0.9951768488745981 0.014705882352941176 0.00964630225080386
0 0.6544117647058824 0.9758842443729904 0.008823529411764706 0.01607717041800643
0 0.40147058823529413 0.9839228295819936 0.03823529411764706 0.03215434083601286
0 0.6985294117647058 0.9742765273311897 0.026470588235294117 0.02572347266881029
0 0.46176470588235297 0.9807073954983923 0.052941176470588235 0.03858520900321544
0 0.5161764705882353 0.977491961414791 0.026470588235294117 0.04501607717041801
0 0.6852941176470588 0.9533762057877814 0.0058823529411764705 0.00964630225080386
0 0.6294117647058823 0.9694533762057878 0.01764705882352941 0.06109324758842444
0 0.7014705882352941 0.9405144694533762 0.014705882352941176 0.01607717041800643
0 0.6588235294117647 0.9356913183279743 0.0058823529411764705 0.006430868167202572
0 0.4764705882352941 0.477491961414791 0.9529411764705882 0.8842443729903537
0 0.7029411764705882 0.00482315112540193 0.0058823529411764705 0.00964630225080386
0 0.6823529411764706 0.02090032154340836 0.08235294117647059 0.04180064308681672
0 0.5323529411764706 0.01929260450160772 0.023529411764705882 0.03858520900321544
0 0.47794117647058826 0.024115755627009645 0.05588235294117647 0.04823151125401929
0 0.4102941176470588 0.024115755627009645 0.04411764705882353 0.04823151125401929
