0 0.5497512437810945 0.9981751824817519 0.004975124378109453 0.0036496350364963502
0 0.5696517412935324 0.9927007299270073 0.009950248756218905 0.014598540145985401
0 0.5422885572139303 0.9744525547445255 0.029850746268656716 0.051094890510948905
0 0.49502487562189057 0.958029197080292 0.014925373134328358 0.06204379562043796
0 0.38308457711442784 0.9635036496350365 0.029850746268656716 0.072992700729927
0 0.5261194029850746 0.9288321167883211 0.007462686567164179 0.010948905109489052
0 0.3308457711442786 0.9598540145985401 0.05970149253731343 0.08029197080291971
0 0.26616915422885573 0.958029197080292 0.029850746268656716 0.07664233576642336
0 0.6181592039800995 0.9452554744525548 0.05721393034825871 0.10948905109489052
0 0.3818407960199005 0.9343065693430657 0.3706467661691542 0.13138686131386862
0 0.5261194029850746 0.8394160583941606 0.007462686567164179 0.0072992700729927005
0 0.9937810945273632 0.8321167883211679 0.012437810945273632 0.043795620437956206
0 0.24253731343283583 0.7791970802919708 0.012437810945273632 0.010948905109489052
0 0.27238805970149255 0.801094890510949 0.4701492537313433 0.09124087591240876
0 0.38930348258706465 0.7591240875912408 0.0472636815920398 0.014598540145985401
0 0.39800995024875624 0.7208029197080292 0.009950248756218905 0.010948905109489052
0 0.38681592039800994 0.718978102189781 0.007462686567164179 0.0072992700729927005
0 0.0472636815920398 0.7153284671532847 0.009950248756218905 0.0072992700729927005
0 0.23756218905472637 0.7153284671532847 0.03233830845771144 0.014598540145985401
0 0.9987562189054726 0.10218978102189781 0.0024875621890547263 0.0072992700729927005
0 0.4937810945273632 0.4562043795620438 0.9129353233830846 0.8102189781021898
0 0.5223880597014925 0.009124087591240875 0.024875621890547265 0.01824817518248175
0 0.47512437810945274 0.010948905109489052 0.04477611940298507 0.021897810218978103
