0 0.5335917312661499 0.9283018867924528 0.023255813953488372 0.01509433962264151
0 0.5064599483204134 0.9188679245283019 0.0103359173126615 0.018867924528301886
0 0.5852713178294574 0.9037735849056604 0.007751937984496124 0.011320754716981131
0 0.5633074935400517 0.9018867924528302 0.046511627906976744 0.07547169811320754
0 0.5400516795865633 0.839622641509434 0.00516795865633075 0.0037735849056603774
0 0.5077519379844961 0.8660377358490566 0.012919896640826873 0.06415094339622641
0 0.6356589147286822 0.8830188679245283 0.056847545219638244 0.1660377358490566
0 0.4018087855297158 0.8849056603773585 0.7416020671834626 0.23018867924528302
0 0.7054263565891473 0.6943396226415094 0.0103359173126615 0.01509433962264151
0 0.7131782945736435 0.6773584905660377 0.015503875968992248 0.011320754716981131
0 0.9521963824289406 0.7188679245283018 0.028423772609819122 0.12452830188679245
0 0.7958656330749354 0.7037735849056603 0.12919896640826872 0.09433962264150944
0 0.7015503875968992 0.6584905660377358 0.002583979328165375 0.0037735849056603774
0 0.041343669250646 0.6566037735849056 0.00516795865633075 0.007547169811320755
0 0.9547803617571059 0.6415094339622641 0.012919896640826873 0.01509433962264151
0 0.9121447028423773 0.5962264150943396 0.10335917312661498 0.01509433962264151
0 0.7790697674418605 0.590566037735849 0.012919896640826873 0.018867924528301886
0 0.18733850129198967 0.569811320754717 0.01808785529715762 0.007547169811320755
0 0.9276485788113695 0.560377358490566 0.06718346253229975 0.018867924528301886
0 0.8023255813953488 0.5566037735849056 0.03875968992248062 0.011320754716981131
0 0.7403100775193798 0.5528301886792453 0.01808785529715762 0.011320754716981131
0 0.7674418604651163 0.5188679245283019 0.056847545219638244 0.018867924528301886
0 0.9328165374677002 0.5018867924528302 0.07235142118863049 0.06792452830188679
0 0.9599483204134367 0.45660377358490567 0.012919896640826873 0.01509433962264151
0 0.9599483204134367 0.439622641509434 0.012919896640826873 0.011320754716981131
0 0.9638242894056848 0.4169811320754717 0.00516795865633075 0.0037735849056603774
0 0.9418604651162791 0.03773584905660377 0.06976744186046512 0.07547169811320754
0 0.40568475452196384 0.38301886792452833 0.7493540051679587 0.7660377358490567
