0 0.5825958702064897 0.9903846153846154 0.02064896755162242 0.019230769230769232
0 0.7566371681415929 0.9807692307692307 0.02064896755162242 0.019230769230769232
0 0.6917404129793511 0.9711538461538461 0.008849557522123894 0.019230769230769232
0 0.03392330383480826 0.8974358974358975 0.06784660766961652 0.1282051282051282
0 0.20353982300884957 0.7660256410256411 0.0058997050147492625 0.00641025641025641
0 0.22861356932153393 0.7355769230769231 0.0029498525073746312 0.003205128205128205
0 0.20353982300884957 0.7403846153846154 0.029498525073746312 0.019230769230769232
0 0.048672566371681415 0.7019230769230769 0.014749262536873156 0.03205128205128205
0 0.030973451327433628 0.5288461538461539 0.061946902654867256 0.15384615384615385
0 0.030973451327433628 0.1778846153846154 0.061946902654867256 0.0673076923076923
0 0.5353982300884956 0.49198717948717946 0.8997050147492626 0.9326923076923077
0 0.5221238938053098 0.03205128205128205 0.011799410029498525 0.03205128205128205
0 0.4808259587020649 0.03205128205128205 0.029498525073746312 0.03205128205128205
0 0.7463126843657817 0.020833333333333332 0.04129793510324484 0.022435897435897436
0 0.56047197640118 0.019230769230769232 0.011799410029498525 0.019230769230769232
0 0.7079646017699115 0.016025641025641024 0.017699115044247787 0.03205128205128205
0 0.5929203539823009 0.014423076923076924 0.017699115044247787 0.028846153846153848
