0 0.7535612535612536 0.9791666666666666 0.042735042735042736 0.041666666666666664
0 0.5854700854700855 0.9770833333333333 0.03133903133903134 0.04583333333333333
0 0.5356125356125356 0.9770833333333333 0.05698005698005698 0.04583333333333333
0 0.4700854700854701 0.975 0.039886039886039885 0.05
0 0.7293447293447294 0.9541666666666667 0.011396011396011397 0.016666666666666666
0 0.7037037037037037 0.9729166666666667 0.02849002849002849 0.05416666666666667
0 0.13247863247863248 0.46041666666666664 0.042735042735042736 0.029166666666666667
0 0.13105413105413105 0.41458333333333336 0.039886039886039885 0.029166666666666667
0 0.5 0.48333333333333334 1.0 0.8
0 0.6994301994301995 0.027083333333333334 0.08262108262108261 0.05416666666666667
0 0.5555555555555556 0.020833333333333332 0.017094017094017096 0.041666666666666664
0 0.5113960113960114 0.022916666666666665 0.019943019943019943 0.04583333333333333
0 0.452991452991453 0.020833333333333332 0.06267806267806268 0.041666666666666664
