0 0.5633608815426997 0.9817813765182186 0.030303030303030304 0.03643724696356275
0 0.512396694214876 0.9817813765182186 0.05509641873278237 0.03643724696356275
0 0.45179063360881544 0.9817813765182186 0.03305785123966942 0.03643724696356275
0 0.6818181818181818 0.9757085020242915 0.030303030303030304 0.048582995951417005
0 0.7245179063360881 0.9736842105263158 0.049586776859504134 0.05263157894736842
0 0.06473829201101929 0.8724696356275303 0.013774104683195593 0.012145748987854251
0 0.023415977961432508 0.7408906882591093 0.046831955922865015 0.291497975708502
0 0.11707988980716254 0.4797570850202429 0.01928374655647383 0.012145748987854251
0 0.1046831955922865 0.4433198380566802 0.03856749311294766 0.05263157894736842
0 0.10192837465564739 0.4048582995951417 0.03305785123966942 0.016194331983805668
0 0.5 0.48582995951417 1.0 0.8178137651821862
0 0.6776859504132231 0.02834008097165992 0.08264462809917356 0.05668016194331984
0 0.5344352617079889 0.022267206477732792 0.01652892561983471 0.044534412955465584
0 0.4889807162534435 0.024291497975708502 0.01928374655647383 0.048582995951417005
0 0.4325068870523416 0.024291497975708502 0.06060606060606061 0.048582995951417005
