0 0.5878839590443686 0.9938380281690141 0.0017064846416382253 0.0017605633802816902
0 0.5665529010238908 0.9911971830985915 0.0034129692832764505 0.0035211267605633804
0 0.5520477815699659 0.9920774647887324 0.005119453924914676 0.00528169014084507
0 0.5827645051194539 0.983274647887324 0.005119453924914676 0.00528169014084507
0 0.4709897610921502 0.988556338028169 0.020477815699658702 0.022887323943661973
0 0.43686006825938567 0.9876760563380281 0.030716723549488054 0.02464788732394366
0 0.3993174061433447 0.9876760563380281 0.020477815699658702 0.02464788732394366
0 0.5494880546075085 0.9867957746478874 0.027303754266211604 0.02640845070422535
0 0.5870307167235495 0.0528169014084507 0.0034129692832764505 0.0035211267605633804
0 0.5 0.5211267605633803 1.0 0.9577464788732394
0 0.5750853242320819 0.030809859154929578 0.017064846416382253 0.02640845070422535
0 0.5895904436860068 0.016725352112676055 0.005119453924914676 0.008802816901408451
0 0.5503412969283277 0.029049295774647887 0.02218430034129693 0.04753521126760563
0 0.47440273037542663 0.020246478873239437 0.017064846416382253 0.03697183098591549
0 0.560580204778157 0.0044014084507042256 0.011945392491467578 0.008802816901408451
0 0.43856655290102387 0.018485915492957746 0.034129692832764506 0.03697183098591549
0 0.40102389078498296 0.016725352112676055 0.017064846416382253 0.03345070422535211
