0 0.6079913606911447 0.9866255144032922 0.0064794816414686825 0.006172839506172839
0 0.12526997840172785 0.9876543209876543 0.22894168466522677 0.024691358024691357
0 0.6123110151187905 0.9670781893004116 0.019438444924406047 0.01646090534979424
0 0.5777537796976242 0.9763374485596708 0.0367170626349892 0.047325102880658436
0 0.5842332613390929 0.9537037037037037 0.01079913606911447 0.006172839506172839
0 0.6555075593952484 0.9660493827160493 0.04103671706263499 0.06790123456790123
0 0.4470842332613391 0.9629629629629629 0.20734341252699784 0.07407407407407407
0 0.0010799136069114472 0.09362139917695474 0.0021598272138228943 0.00205761316872428
0 0.5583153347732182 0.01954732510288066 0.0064794816414686825 0.006172839506172839
0 0.5 0.46810699588477367 1.0 0.9074074074074074
0 0.5593952483801296 0.00823045267489712 0.004319654427645789 0.00411522633744856
0 0.44384449244060475 0.009259259259259259 0.01079913606911447 0.006172839506172839
0 0.550755939524838 0.00411522633744856 0.004319654427645789 0.00823045267489712
0 0.4719222462203024 0.00720164609053498 0.0064794816414686825 0.01440329218106996
0 0.4190064794816415 0.006172839506172839 0.012958963282937365 0.012345679012345678
0 0.39092872570194387 0.006172839506172839 0.008639308855291577 0.012345679012345678
