0 0.6413043478260869 0.9817629179331308 0.0036231884057971015 0.0060790273556231
0 0.6304347826086957 0.9787234042553191 0.010869565217391304 0.0243161094224924
0 0.5163043478260869 0.9817629179331308 0.021739130434782608 0.0364741641337386
0 0.47101449275362317 0.9802431610942249 0.028985507246376812 0.03951367781155015
0 0.4320652173913043 0.9802431610942249 0.02717391304347826 0.03951367781155015
0 0.5969202898550725 0.9787234042553191 0.012681159420289856 0.0425531914893617
0 0.6141304347826086 0.9604863221884499 0.018115942028985508 0.0121580547112462
0 0.697463768115942 0.9650455927051672 0.014492753623188406 0.06990881458966565
0 0.6748188405797102 0.9650455927051672 0.009057971014492754 0.06990881458966565
0 0.4782608695652174 0.9650455927051672 0.19927536231884058 0.06990881458966565
0 0.007246376811594203 0.5182370820668692 0.014492753623188406 0.7203647416413373
0 0.9954710144927537 0.1474164133738602 0.009057971014492754 0.02735562310030395
0 0.007246376811594203 0.12310030395136778 0.014492753623188406 0.06382978723404255
0 0.009963768115942028 0.06838905775075987 0.0018115942028985507 0.00303951367781155
0 0.5932971014492754 0.037993920972644375 0.016304347826086956 0.04559270516717325
0 0.5661231884057971 0.0364741641337386 0.030797101449275364 0.0486322188449848
0 0.5452898550724637 0.02735562310030395 0.010869565217391304 0.0547112462006079
0 0.46557971014492755 0.02127659574468085 0.010869565217391304 0.0425531914893617
0 0.4257246376811594 0.02127659574468085 0.043478260869565216 0.0425531914893617
0 0.38315217391304346 0.019756838905775075 0.030797101449275364 0.03951367781155015
0 0.4954710144927536 0.44680851063829785 0.9365942028985508 0.8936170212765957
