0 0.4423076923076923 0.9964788732394366 0.02403846153846154 0.007042253521126761
0 0.6418269230769231 0.9929577464788732 0.014423076923076924 0.014084507042253521
0 0.6658653846153846 0.971830985915493 0.004807692307692308 0.007042253521126761
0 0.640625 0.9735915492957746 0.021634615384615384 0.02464788732394366
0 0.4795673076923077 0.9788732394366197 0.026442307692307692 0.04225352112676056
0 0.42427884615384615 0.977112676056338 0.06009615384615385 0.045774647887323945
0 0.3605769230769231 0.977112676056338 0.038461538461538464 0.045774647887323945
0 0.6189903846153846 0.948943661971831 0.007211538461538462 0.01056338028169014
0 0.59375 0.971830985915493 0.02403846153846154 0.056338028169014086
0 0.6346153846153846 0.9471830985915493 0.009615384615384616 0.014084507042253521
0 0.6550480769230769 0.9102112676056338 0.01201923076923077 0.0035211267605633804
0 0.6382211538461539 0.9102112676056338 0.007211538461538462 0.0035211267605633804
0 0.6177884615384616 0.9102112676056338 0.004807692307692308 0.0035211267605633804
0 0.5997596153846154 0.9119718309859155 0.007211538461538462 0.007042253521126761
0 0.4338942307692308 0.954225352112676 0.2956730769230769 0.09154929577464789
0 0.7067307692307693 0.9524647887323944 0.0673076923076923 0.09507042253521127
0 0.5 0.4735915492957746 1.0 0.8133802816901409
0 0.6370192307692307 0.014084507042253521 0.004807692307692308 0.007042253521126761
0 0.6081730769230769 0.008802816901408451 0.028846153846153848 0.017605633802816902
0 0.5817307692307693 0.00528169014084507 0.004807692307692308 0.01056338028169014
