0 0.6238532110091743 0.9845201238390093 0.025688073394495414 0.030959752321981424
0 0.6082568807339449 0.9721362229102167 0.012844036697247707 0.01238390092879257
0 0.6220183486238532 0.9442724458204335 0.003669724770642202 0.006191950464396285
0 0.6110091743119266 0.9411764705882353 0.011009174311926606 0.02476780185758514
0 0.4954128440366973 0.958204334365325 0.022018348623853212 0.06501547987616099
0 0.44954128440366975 0.958204334365325 0.029357798165137616 0.06501547987616099
0 0.41192660550458715 0.958204334365325 0.031192660550458717 0.06501547987616099
0 0.5853211009174312 0.9613003095975232 0.029357798165137616 0.07739938080495357
0 0.5944954128440367 0.9241486068111455 0.01834862385321101 0.015479876160990712
0 0.45688073394495415 0.9473684210526315 0.2018348623853211 0.10526315789473684
0 0.6788990825688074 0.9458204334365325 0.01834862385321101 0.10835913312693499
0 0.655045871559633 0.9458204334365325 0.007339449541284404 0.10835913312693499
0 0.9926605504587156 0.6764705882352942 0.014678899082568808 0.08359133126934984
0 0.9880733944954129 0.5526315789473685 0.005504587155963303 0.0030959752321981426
0 0.9899082568807339 0.3993808049535604 0.02018348623853211 0.11145510835913312
0 0.9908256880733946 0.1563467492260062 0.003669724770642202 0.0030959752321981426
0 0.9880733944954129 0.13777089783281735 0.001834862385321101 0.0030959752321981426
0 0.9862385321100917 0.09442724458204334 0.027522935779816515 0.06501547987616099
0 0.5678899082568807 0.009287925696594427 0.012844036697247707 0.018575851393188854
0 0.5385321100917431 0.009287925696594427 0.031192660550458717 0.018575851393188854
0 0.5165137614678899 0.007739938080495356 0.009174311926605505 0.015479876160990712
0 0.4743119266055046 0.42879256965944273 0.9486238532110092 0.8575851393188855
