0 0.40318302387267907 0.9844961240310077 0.005305039787798408 0.007751937984496124
0 0.45755968169761274 0.9883720930232558 0.007957559681697613 0.023255813953488372
0 0.4270557029177719 0.9883720930232558 0.010610079575596816 0.023255813953488372
0 0.5291777188328912 0.9864341085271318 0.023872679045092837 0.027131782945736434
0 0.4986737400530504 0.9864341085271318 0.010610079575596816 0.027131782945736434
0 0.6392572944297082 0.9709302325581395 0.005305039787798408 0.011627906976744186
0 0.7042440318302388 0.9631782945736435 0.002652519893899204 0.003875968992248062
0 0.18037135278514588 0.9050387596899225 0.005305039787798408 0.003875968992248062
0 0.15517241379310345 0.8856589147286822 0.01856763925729443 0.011627906976744186
0 0.14588859416445624 0.8701550387596899 0.05305039787798409 0.011627906976744186
0 0.3395225464190981 0.8449612403100775 0.021220159151193633 0.007751937984496124
0 0.5185676392572944 0.8042635658914729 0.002652519893899204 0.003875968992248062
0 0.3726790450928382 0.812015503875969 0.129973474801061 0.050387596899224806
0 0.42838196286472147 0.7868217054263565 0.013262599469496022 0.007751937984496124
0 0.003978779840848806 0.8410852713178295 0.007957559681697613 0.11627906976744186
0 0.6551724137931034 0.7616279069767442 0.005305039787798408 0.003875968992248062
0 0.47214854111405835 0.7713178294573644 0.021220159151193633 0.031007751937984496
0 0.002652519893899204 0.7558139534883721 0.005305039787798408 0.031007751937984496
0 0.05305039787798409 0.8255813953488372 0.058355437665782495 0.17829457364341086
0 0.058355437665782495 0.7209302325581395 0.015915119363395226 0.007751937984496124
0 0.03978779840848806 0.7209302325581395 0.010610079575596816 0.007751937984496124
0 0.7771883289124668 0.7112403100775194 0.015915119363395226 0.011627906976744186
0 0.05305039787798409 0.6996124031007752 0.03713527851458886 0.011627906976744186
0 0.07824933687002653 0.6569767441860465 0.01856763925729443 0.003875968992248062
0 0.04907161803713528 0.6550387596899225 0.023872679045092837 0.007751937984496124
0 0.7453580901856764 0.622093023255814 0.005305039787798408 0.003875968992248062
0 0.7042440318302388 0.5988372093023255 0.007957559681697613 0.003875968992248062
0 0.6763925729442971 0.5988372093023255 0.005305039787798408 0.003875968992248062
0 0.6472148541114059 0.5988372093023255 0.005305039787798408 0.003875968992248062
0 0.5716180371352785 0.5930232558139535 0.17771883289124668 0.023255813953488372
0 0.39920424403183025 0.5872093023255814 0.10344827586206896 0.011627906976744186
0 0.6206896551724138 0.7344961240310077 0.7586206896551724 0.3449612403100775
0 0.003978779840848806 0.5697674418604651 0.007957559681697613 0.015503875968992248
0 0.002652519893899204 0.5096899224806202 0.005305039787798408 0.06589147286821706
0 0.001326259946949602 0.4689922480620155 0.002652519893899204 0.007751937984496124
0 0.002652519893899204 0.3430232558139535 0.005305039787798408 0.22868217054263565
0 0.001326259946949602 0.20930232558139536 0.002652519893899204 0.015503875968992248
0 0.001326259946949602 0.1298449612403101 0.002652519893899204 0.011627906976744186
0 0.5092838196286472 0.3430232558139535 0.9814323607427056 0.47674418604651164
0 0.6856763925729443 0.05813953488372093 0.013262599469496022 0.015503875968992248
0 0.6485411140583555 0.044573643410852716 0.029177718832891247 0.050387596899224806
0 0.6193633952254642 0.027131782945736434 0.007957559681697613 0.015503875968992248
0 0.38992042440318303 0.031007751937984496 0.021220159151193633 0.023255813953488372
0 0.5092838196286472 0.023255813953488372 0.010610079575596816 0.046511627906976744
0 0.46286472148541113 0.023255813953488372 0.01856763925729443 0.046511627906976744
0 0.4204244031830239 0.02131782945736434 0.029177718832891247 0.04263565891472868
