0 0.5475746268656716 0.9978540772532188 0.0018656716417910447 0.004291845493562232
0 0.9039179104477612 0.8927038626609443 0.024253731343283583 0.017167381974248927
0 0.9748134328358209 0.878755364806867 0.009328358208955223 0.01072961373390558
0 0.9906716417910447 0.8605150214592274 0.011194029850746268 0.02575107296137339
0 0.15298507462686567 0.3594420600858369 0.0037313432835820895 0.002145922746781116
0 0.9263059701492538 0.41630901287553645 0.054104477611940295 0.15879828326180256
0 0.9057835820895522 0.3293991416309013 0.0018656716417910447 0.002145922746781116
0 0.14832089552238806 0.3240343347639485 0.009328358208955223 0.004291845493562232
0 0.16138059701492538 0.2982832618025751 0.005597014925373134 0.004291845493562232
0 0.20522388059701493 0.24034334763948498 0.014925373134328358 0.008583690987124463
0 0.8694029850746269 0.21351931330472104 0.0037313432835820895 0.002145922746781116
0 0.23134328358208955 0.21351931330472104 0.007462686567164179 0.002145922746781116
0 0.14832089552238806 0.20278969957081544 0.0018656716417910447 0.002145922746781116
0 0.8666044776119403 0.20064377682403434 0.0018656716417910447 0.002145922746781116
0 0.8610074626865671 0.18776824034334763 0.013059701492537313 0.01072961373390558
0 0.8488805970149254 0.17381974248927037 0.029850746268656716 0.008583690987124463
0 0.8134328358208955 0.1630901287553648 0.007462686567164179 0.004291845493562232
0 0.8871268656716418 0.07296137339055794 0.005597014925373134 0.012875536480686695
0 0.4076492537313433 0.5118025751072961 0.8152985074626866 0.9163090128755365
0 0.7555970149253731 0.09120171673819742 0.26492537313432835 0.15236051502145923
0 0.5867537313432836 0.012875536480686695 0.005597014925373134 0.004291845493562232
0 0.5503731343283582 0.013948497854077254 0.022388059701492536 0.01072961373390558
0 0.6194029850746269 0.016094420600858368 0.011194029850746268 0.023605150214592276
0 0.6408582089552238 0.012875536480686695 0.013059701492537313 0.02575107296137339
0 0.5932835820895522 0.002145922746781116 0.0037313432835820895 0.004291845493562232
0 0.5634328358208955 0.003218884120171674 0.007462686567164179 0.006437768240343348
0 0.4608208955223881 0.00536480686695279 0.007462686567164179 0.01072961373390558
0 0.40951492537313433 0.006437768240343348 0.013059701492537313 0.012875536480686695
0 0.36847014925373134 0.0075107296137339056 0.013059701492537313 0.015021459227467811
0 0.4244402985074627 0.0203862660944206 0.19962686567164178 0.0407725321888412
