0 0.4122137404580153 0.9983974358974359 0.003816793893129771 0.003205128205128205
0 0.3816793893129771 0.9967948717948718 0.007633587786259542 0.00641025641025641
0 0.5209923664122137 0.9951923076923077 0.007633587786259542 0.009615384615384616
0 0.3520992366412214 0.9951923076923077 0.02099236641221374 0.009615384615384616
0 0.5572519083969466 0.9903846153846154 0.007633587786259542 0.00641025641025641
0 0.5391221374045801 0.9919871794871795 0.02099236641221374 0.016025641025641024
0 0.9971374045801527 0.8397435897435898 0.0057251908396946565 0.00641025641025641
0 0.941793893129771 0.7099358974358975 0.05916030534351145 0.022435897435897436
0 0.9284351145038168 0.6875 0.08206106870229007 0.016025641025641024
0 0.6593511450381679 0.17467948717948717 0.0019083969465648854 0.003205128205128205
0 0.6717557251908397 0.1362179487179487 0.011450381679389313 0.022435897435897436
0 0.8435114503816794 0.10897435897435898 0.007633587786259542 0.00641025641025641
0 0.5 0.5016025641025641 1.0 0.8557692307692307
0 0.5477099236641222 0.041666666666666664 0.022900763358778626 0.01282051282051282
0 0.5286259541984732 0.038461538461538464 0.003816793893129771 0.01282051282051282
0 0.5763358778625954 0.04006410256410257 0.019083969465648856 0.022435897435897436
0 0.5830152671755725 0.017628205128205128 0.0057251908396946565 0.009615384615384616
0 0.5687022900763359 0.011217948717948718 0.007633587786259542 0.022435897435897436
0 0.5419847328244275 0.01282051282051282 0.030534351145038167 0.02564102564102564
0 0.44561068702290074 0.016025641025641024 0.009541984732824428 0.03205128205128205
0 0.4112595419847328 0.017628205128205128 0.013358778625954198 0.035256410256410256
0 0.36927480916030536 0.016025641025641024 0.04007633587786259 0.03205128205128205
