0 0.4777960526315789 0.9864176570458404 0.004934210526315789 0.006791171477079796
0 0.3881578947368421 0.8633276740237691 0.003289473684210526 0.001697792869269949
0 0.3379934210526316 0.8641765704584041 0.004934210526315789 0.003395585738539898
0 0.3182565789473684 0.8641765704584041 0.024671052631578948 0.003395585738539898
0 0.29851973684210525 0.8641765704584041 0.008223684210526315 0.003395585738539898
0 0.2878289473684211 0.8633276740237691 0.006578947368421052 0.001697792869269949
0 0.2582236842105263 0.8633276740237691 0.003289473684210526 0.001697792869269949
0 0.4473684210526316 0.8633276740237691 0.046052631578947366 0.0050933786078098476
0 0.4128289473684211 0.8633276740237691 0.01644736842105263 0.0050933786078098476
0 0.3980263157894737 0.8633276740237691 0.006578947368421052 0.0050933786078098476
0 0.37664473684210525 0.8633276740237691 0.006578947368421052 0.0050933786078098476
0 0.35773026315789475 0.8633276740237691 0.027960526315789474 0.0050933786078098476
0 0.1981907894736842 0.8616298811544991 0.001644736842105263 0.001697792869269949
0 0.17927631578947367 0.8607809847198642 0.003289473684210526 0.003395585738539898
0 0.49917763157894735 0.8955857385398981 0.9983552631578947 0.0831918505942275
0 0.5016447368421053 0.8429541595925297 0.006578947368421052 0.001697792869269949
0 0.40213815789473684 0.8429541595925297 0.001644736842105263 0.001697792869269949
0 0.4901315789473684 0.8421052631578947 0.009868421052631578 0.003395585738539898
0 0.7368421052631579 0.8395585738539898 0.45394736842105265 0.011884550084889643
0 0.028782894736842105 0.8293718166383701 0.001644736842105263 0.001697792869269949
0 0.4909539473684211 0.8225806451612904 0.004934210526315789 0.001697792869269949
0 0.4613486842105263 0.8225806451612904 0.001644736842105263 0.001697792869269949
0 0.45230263157894735 0.8225806451612904 0.003289473684210526 0.001697792869269949
0 0.4407894736842105 0.8225806451612904 0.006578947368421052 0.001697792869269949
0 0.4284539473684211 0.8234295415959253 0.014802631578947368 0.003395585738539898
0 0.5394736842105263 0.8217317487266553 0.009868421052631578 0.003395585738539898
0 0.5213815789473685 0.8217317487266553 0.023026315789473683 0.003395585738539898
0 0.37993421052631576 0.8225806451612904 0.07236842105263158 0.0050933786078098476
0 0.28536184210526316 0.8225806451612904 0.11019736842105263 0.0050933786078098476
0 0.21052631578947367 0.8217317487266553 0.01644736842105263 0.003395585738539898
0 0.7549342105263158 0.8183361629881154 0.41776315789473684 0.013582342954159592
0 0.17023026315789475 0.8047538200339559 0.001644736842105263 0.003395585738539898
0 0.03453947368421053 0.8030560271646859 0.006578947368421052 0.003395585738539898
0 0.5707236842105263 0.801358234295416 0.7894736842105263 0.013582342954159592
0 0.9580592105263158 0.7886247877758913 0.001644736842105263 0.001697792869269949
0 0.038651315789473686 0.7758913412563667 0.011513157894736841 0.003395585738539898
0 0.03536184210526316 0.7555178268251274 0.004934210526315789 0.003395585738539898
0 0.24671052631578946 0.7478777589134126 0.4276315789473684 0.011884550084889643
0 0.5 0.764855687606112 0.9375 0.05602716468590832
0 0.22697368421052633 0.7190152801358234 0.029605263157894735 0.0050933786078098476
0 0.07648026315789473 0.7190152801358234 0.03453947368421053 0.008488964346349746
0 0.22532894736842105 0.6926994906621392 0.03618421052631579 0.030560271646859084
0 0.07730263157894737 0.6926994906621392 0.03618421052631579 0.030560271646859084
0 0.9884868421052632 0.6901528013582343 0.013157894736842105 0.042444821731748725
0 0.9819078947368421 0.6511035653650254 0.003289473684210526 0.022071307300509338
0 0.22203947368421054 0.6502546689303905 0.03618421052631579 0.027164685908319185
0 0.078125 0.6494057724957555 0.03453947368421053 0.025466893039049237
0 0.078125 0.6281833616298812 0.03125 0.006791171477079796
0 0.22532894736842105 0.6264855687606112 0.023026315789473683 0.006791171477079796
0 0.9712171052631579 0.6086587436332768 0.004934210526315789 0.011884550084889643
0 0.9712171052631579 0.5908319185059423 0.004934210526315789 0.010186757215619695
0 0.046052631578947366 0.4855687606112054 0.003289473684210526 0.003395585738539898
0 0.0649671052631579 0.6052631578947368 0.09375 0.2563667232597623
0 0.16776315789473684 0.466893039049236 0.003289473684210526 0.003395585738539898
0 0.31085526315789475 0.45500848896434637 0.003289473684210526 0.003395585738539898
0 0.453125 0.4533106960950764 0.004934210526315789 0.003395585738539898
0 0.615953947368421 0.45076400679117146 0.024671052631578948 0.0050933786078098476
0 0.45230263157894735 0.44482173174872663 0.003289473684210526 0.003395585738539898
0 0.3100328947368421 0.4456706281833616 0.008223684210526315 0.008488964346349746
0 0.6233552631578947 0.4431239388794567 0.04276315789473684 0.006791171477079796
0 0.6611842105263158 0.44142614601018676 0.023026315789473683 0.006791171477079796
0 0.9087171052631579 0.4380305602716469 0.011513157894736841 0.003395585738539898
0 0.8544407894736842 0.44227504244482174 0.09046052631578948 0.01867572156196944
0 0.6299342105263158 0.4244482173174873 0.08223684210526316 0.006791171477079796
0 0.8495065789473685 0.4227504244482173 0.09046052631578948 0.013582342954159592
0 0.31085526315789475 0.41850594227504245 0.003289473684210526 0.0050933786078098476
0 0.5444078947368421 0.5730050933786078 0.8585526315789473 0.32088285229202035
0 0.31167763157894735 0.4100169779286927 0.008223684210526315 0.008488964346349746
0 0.7055921052631579 0.4032258064516129 0.003289473684210526 0.001697792869269949
0 0.6307565789473685 0.4057724957555178 0.07730263157894737 0.006791171477079796
0 0.8182565789473685 0.4032258064516129 0.014802631578947368 0.0050933786078098476
0 0.9350328947368421 0.40407470288624786 0.02138157894736842 0.01697792869269949
0 0.6143092105263158 0.39558573853989815 0.024671052631578948 0.003395585738539898
0 0.16776315789473684 0.39134125636672323 0.003289473684210526 0.0050933786078098476
0 0.45148026315789475 0.38794567062818336 0.004934210526315789 0.0050933786078098476
0 0.3100328947368421 0.3930390492359932 0.011513157894736841 0.01867572156196944
0 0.31167763157894735 0.3794567062818336 0.004934210526315789 0.0050933786078098476
0 0.16776315789473684 0.3709677419354839 0.003289473684210526 0.001697792869269949
0 0.3100328947368421 0.3701188455008489 0.008223684210526315 0.006791171477079796
0 0.7763157894736842 0.3624787775891341 0.009868421052631578 0.0050933786078098476
0 0.7549342105263158 0.3624787775891341 0.009868421052631578 0.0050933786078098476
0 0.31085526315789475 0.35059422750424446 0.009868421052631578 0.008488964346349746
0 0.506578947368421 0.2903225806451613 0.006578947368421052 0.03735144312393888
0 0.5049342105263158 0.266553480475382 0.003289473684210526 0.003395585738539898
0 0.5041118421052632 0.23938879456706283 0.008223684210526315 0.03735144312393888
0 0.4925986842105263 0.2164685908319185 0.001644736842105263 0.001697792869269949
0 0.03536184210526316 0.23853989813242785 0.014802631578947368 0.17487266553480477
0 0.032072368421052634 0.13157894736842105 0.004934210526315789 0.035653650254668934
0 0.71875 0.2300509337860781 0.5493421052631579 0.36502546689303905
0 0.03125 0.07894736842105263 0.006578947368421052 0.06621392190152801
0 0.3190789473684211 0.1935483870967742 0.039473684210526314 0.298811544991511
0 0.16611842105263158 0.18930390492359933 0.013157894736842105 0.29711375212224106
0 0.03042763157894737 0.04074702886247878 0.001644736842105263 0.003395585738539898
