0 0.6116152450090744 0.9937238493723849 0.007259528130671506 0.012552301255230125
0 0.6370235934664247 0.9926778242677824 0.021778584392014518 0.014644351464435146
0 0.6524500907441017 0.9811715481171548 0.0054446460980036296 0.0041841004184100415
0 0.4482758620689655 0.9874476987447699 0.029038112522686024 0.02510460251046025
0 0.49364791288566245 0.9853556485355649 0.039927404718693285 0.029288702928870293
0 0.5317604355716878 0.9843096234309623 0.018148820326678767 0.03138075313807531
0 0.6497277676950998 0.9665271966527197 0.003629764065335753 0.0041841004184100415
0 0.6098003629764065 0.9675732217573222 0.007259528130671506 0.014644351464435146
0 0.6415607985480943 0.9550209205020921 0.0018148820326678765 0.0020920502092050207
0 0.6270417422867514 0.9571129707112971 0.012704174228675136 0.006276150627615063
0 0.9945553539019963 0.7573221757322176 0.010889292196007259 0.0041841004184100415
0 0.9918330308529946 0.7060669456066946 0.016333938294010888 0.006276150627615063
0 0.9918330308529946 0.6820083682008368 0.016333938294010888 0.0041841004184100415
0 0.9455535390199638 0.24686192468619247 0.010889292196007259 0.0041841004184100415
0 0.9455535390199638 0.22071129707112971 0.003629764065335753 0.0020920502092050207
0 0.9918330308529946 0.20920502092050208 0.016333938294010888 0.0041841004184100415
0 0.9491833030852994 0.20920502092050208 0.007259528130671506 0.0041841004184100415
0 0.5 0.47280334728033474 1.0 0.9372384937238494
0 0.6678765880217786 0.010460251046025104 0.036297640653357534 0.02092050209205021
0 0.6261343012704175 0.0041841004184100415 0.010889292196007259 0.008368200836820083
0 0.5916515426497277 0.005230125523012552 0.025408348457350273 0.010460251046025104
0 0.47005444646098005 0.011506276150627616 0.19600725952813067 0.02301255230125523
