0 0.5758564437194127 0.9983164983164983 0.0032626427406199023 0.003367003367003367
0 0.6158238172920065 0.9755892255892256 0.004893964110929853 0.005050505050505051
0 0.5065252854812398 0.9865319865319865 0.01468189233278956 0.026936026936026935
0 0.4730831973898858 0.9865319865319865 0.02936378466557912 0.026936026936026935
0 0.4363784665579119 0.9865319865319865 0.011419249592169658 0.026936026936026935
0 0.5758564437194127 0.9730639730639731 0.0032626427406199023 0.003367003367003367
0 0.5921696574225123 0.9671717171717171 0.0032626427406199023 0.0016835016835016834
0 0.013050570962479609 0.8038720538720538 0.013050570962479609 0.005050505050505051
0 0.015497553017944535 0.7954545454545454 0.008156606851549755 0.005050505050505051
0 0.012234910277324634 0.7542087542087542 0.008156606851549755 0.003367003367003367
0 0.5 0.484006734006734 1.0 0.9006734006734006
0 0.5889070146818923 0.020202020202020204 0.0065252854812398045 0.003367003367003367
0 0.5978792822185971 0.010942760942760943 0.0016313213703099511 0.005050505050505051
0 0.6076672104404568 0.007575757575757576 0.011419249592169658 0.011784511784511785
0 0.6566068515497553 0.017676767676767676 0.01468189233278956 0.03535353535353535
0 0.6402936378466558 0.017676767676767676 0.008156606851549755 0.03535353535353535
0 0.5799347471451876 0.007575757575757576 0.01794453507340946 0.015151515151515152
0 0.5040783034257749 0.005892255892255892 0.0065252854812398045 0.011784511784511785
0 0.46900489396411094 0.006734006734006734 0.024469820554649267 0.013468013468013467
0 0.4371941272430669 0.005892255892255892 0.0065252854812398045 0.011784511784511785
0 0.4763458401305057 0.016835016835016835 0.16639477977161501 0.03367003367003367
