0 0.5979623824451411 0.9904661016949152 0.004702194357366771 0.006355932203389831
0 0.48510971786833856 0.9925847457627118 0.017241379310344827 0.014830508474576272
0 0.4396551724137931 0.9925847457627118 0.0109717868338558 0.014830508474576272
0 0.4106583072100313 0.9925847457627118 0.01567398119122257 0.014830508474576272
0 0.5517241379310345 0.986228813559322 0.003134796238244514 0.006355932203389831
0 0.5689655172413793 0.9809322033898306 0.003134796238244514 0.00423728813559322
0 0.3926332288401254 0.9798728813559322 0.03918495297805643 0.04025423728813559
0 0.4788401253918495 0.9788135593220338 0.11755485893416928 0.0423728813559322
0 0.4161442006269592 0.9332627118644068 0.007836990595611285 0.00211864406779661
0 0.677115987460815 0.934322033898305 0.04075235109717868 0.00847457627118644
0 0.5431034482758621 0.9364406779661016 0.05172413793103448 0.012711864406779662
0 0.33620689655172414 0.9300847457627118 0.017241379310344827 0.00847457627118644
0 0.731974921630094 0.9300847457627118 0.025078369905956112 0.012711864406779662
0 0.89576802507837 0.9163135593220338 0.029780564263322883 0.006355932203389831
0 0.9357366771159875 0.9110169491525424 0.01567398119122257 0.00847457627118644
0 0.5023510971786834 0.8877118644067796 0.004702194357366771 0.00423728813559322
0 0.8119122257053292 0.8315677966101694 0.0438871473354232 0.20127118644067796
0 0.9968652037617555 0.7213983050847458 0.006269592476489028 0.006355932203389831
0 0.02664576802507837 0.7213983050847458 0.0219435736677116 0.01059322033898305
0 0.7907523510971787 0.711864406779661 0.004702194357366771 0.012711864406779662
0 0.9968652037617555 0.7002118644067796 0.006269592476489028 0.00211864406779661
0 0.7899686520376176 0.698093220338983 0.003134796238244514 0.006355932203389831
0 0.9976489028213166 0.6864406779661016 0.004702194357366771 0.00423728813559322
0 0.7884012539184952 0.6864406779661016 0.003134796238244514 0.00847457627118644
0 0.9968652037617555 0.673728813559322 0.006269592476489028 0.00423728813559322
0 0.7876175548589341 0.673728813559322 0.001567398119122257 0.00847457627118644
0 0.9960815047021944 0.6588983050847458 0.007836990595611285 0.00423728813559322
0 0.034482758620689655 0.6567796610169492 0.003134796238244514 0.00423728813559322
0 0.9952978056426333 0.6483050847457628 0.009404388714733543 0.00423728813559322
0 0.9921630094043887 0.6313559322033898 0.01567398119122257 0.012711864406779662
0 0.5 0.5010593220338984 1.0 0.8834745762711864
0 0.0054858934169279 0.06779661016949153 0.0109717868338558 0.0211864406779661
0 0.591692789968652 0.013771186440677966 0.007836990595611285 0.01059322033898305
0 0.6293103448275862 0.020127118644067795 0.032915360501567396 0.04025423728813559
0 0.5838557993730408 0.0031779661016949155 0.007836990595611285 0.006355932203389831
0 0.5619122257053292 0.013771186440677966 0.023510971786833857 0.02754237288135593
0 0.5517241379310345 0.001059322033898305 0.003134796238244514 0.00211864406779661
0 0.48510971786833856 0.009533898305084746 0.007836990595611285 0.019067796610169493
0 0.4561128526645768 0.022245762711864406 0.1724137931034483 0.04449152542372881
