0 0.9064327485380117 0.9667651403249631 0.023391812865497075 0.007385524372230428
0 0.13840155945419103 0.9217134416543574 0.24951267056530213 0.04431314623338257
0 0.4697855750487329 0.931314623338257 0.47953216374269003 0.06942392909896603
0 0.6530214424951267 0.8951255539143279 0.007797270955165692 0.0029542097488921715
0 0.11793372319688109 0.8330871491875923 0.005847953216374269 0.0029542097488921715
0 0.753411306042885 0.829394387001477 0.001949317738791423 0.0014771048744460858
0 0.7017543859649122 0.844903988183161 0.042884990253411304 0.03249630723781388
0 0.7192982456140351 0.8345642540620384 0.03508771929824561 0.029542097488921712
0 0.7319688109161794 0.8286558345642541 0.025341130604288498 0.023633677991137372
0 0.7387914230019493 0.8168389955686853 0.023391812865497075 0.0206794682422452
0 0.7816764132553606 0.808714918759232 0.05458089668615984 0.022156573116691284
0 0.7602339181286549 0.7939438700147711 0.003898635477582846 0.0014771048744460858
0 0.776803118908382 0.793205317577548 0.005847953216374269 0.0029542097488921715
0 0.7719298245614035 0.7865583456425406 0.011695906432748537 0.004431314623338257
0 0.23586744639376217 0.7850812407680945 0.003898635477582846 0.0014771048744460858
0 0.7884990253411306 0.7850812407680945 0.009746588693957114 0.004431314623338257
0 0.783625730994152 0.7799113737075333 0.003898635477582846 0.0029542097488921715
0 0.20077972709551656 0.7540620384047267 0.003898635477582846 0.0014771048744460858
0 0.14230019493177387 0.7503692762186115 0.011695906432748537 0.0029542097488921715
0 0.20760233918128654 0.8124076809453471 0.4152046783625731 0.17134416543574593
0 0.36257309941520466 0.7186115214180206 0.08966861598440545 0.013293943870014771
0 0.29142300194931775 0.7141802067946824 0.037037037037037035 0.022156573116691284
0 0.3820662768031189 0.6986706056129985 0.04678362573099415 0.005908419497784343
0 0.34405458089668617 0.691285081240768 0.009746588693957114 0.0029542097488921715
0 0.3908382066276803 0.6905465288035451 0.01364522417153996 0.004431314623338257
0 0.30116959064327486 0.6816838995568686 0.009746588693957114 0.004431314623338257
0 0.3557504873294347 0.6794682422451994 0.021442495126705652 0.005908419497784343
0 0.3908382066276803 0.6772525849335302 0.03313840155945419 0.01624815361890694
0 0.1530214424951267 0.6713441654357459 0.01364522417153996 0.004431314623338257
0 0.13352826510721247 0.6676514032496307 0.01364522417153996 0.005908419497784343
0 0.2524366471734893 0.6794682422451994 0.1111111111111111 0.0413589364844904
0 0.07115009746588694 0.6521418020679468 0.04873294346978557 0.01624815361890694
0 0.20955165692007796 0.6056129985228951 0.4191033138401559 0.12998522895125553
0 0.0009746588693957114 0.5369276218611522 0.001949317738791423 0.0014771048744460858
0 0.003898635477582846 0.5125553914327917 0.007797270955165692 0.005908419497784343
0 0.0029239766081871343 0.4963072378138848 0.005847953216374269 0.0029542097488921715
0 0.001949317738791423 0.48670605612998524 0.003898635477582846 0.0014771048744460858
0 0.003898635477582846 0.48005908419497784 0.007797270955165692 0.0029542097488921715
0 0.05360623781676413 0.4076809453471196 0.017543859649122806 0.014771048744460856
0 0.01949317738791423 0.24076809453471196 0.015594541910331383 0.0029542097488921715
0 0.018518518518518517 0.2311669128508124 0.009746588693957114 0.0014771048744460858
0 0.022417153996101363 0.22304283604135894 0.021442495126705652 0.005908419497784343
0 0.001949317738791423 0.18242245199409157 0.003898635477582846 0.0014771048744460858
0 0.5 0.4468242245199409 1.0 0.8936484490398818
