0 0.5612449799196787 0.999227202472952 0.006024096385542169 0.0015455950540958269
0 0.6044176706827309 0.9961360123647605 0.04417670682730924 0.0077279752704791345
0 0.5311244979919679 0.9961360123647605 0.050200803212851405 0.0077279752704791345
0 0.39759036144578314 0.9853168469860897 0.20883534136546184 0.02936630602782071
0 0.9969879518072289 0.9435857805255023 0.006024096385542169 0.013910355486862442
0 0.007028112449799197 0.9173106646058733 0.006024096385542169 0.0015455950540958269
0 0.9668674698795181 0.9204018547140649 0.02208835341365462 0.06027820710973725
0 0.020080321285140562 0.8918083462132921 0.040160642570281124 0.03709428129829984
0 0.9518072289156626 0.7843894899536321 0.004016064257028112 0.010819165378670788
0 0.891566265060241 0.7511591962905718 0.008032128514056224 0.0061823802163833074
0 0.3815261044176707 0.7125193199381762 0.028112449799196786 0.021638330757341576
0 0.34236947791164657 0.6986089644513137 0.03815261044176707 0.015455950540958269
0 0.3815261044176707 0.6924265842349304 0.0321285140562249 0.021638330757341576
0 0.3433734939759036 0.6808346213292118 0.040160642570281124 0.023183925811437404
0 0.3845381526104418 0.6723338485316847 0.030120481927710843 0.015455950540958269
0 0.3463855421686747 0.6615146831530139 0.03413654618473896 0.01854714064914992
0 0.3865461847389558 0.6530139103554868 0.030120481927710843 0.013910355486862442
0 0.028112449799196786 0.7333848531684699 0.05622489959839357 0.18083462132921174
0 0.3785140562248996 0.6437403400309119 0.010040160642570281 0.00463678516228748
0 0.41767068273092367 0.642967542503864 0.008032128514056224 0.0061823802163833074
0 0.2469879518072289 0.7279752704791345 0.43775100401606426 0.19783616692426584
0 0.002008032128514056 0.6228748068006182 0.004016064257028112 0.0030911901081916537
0 0.3865461847389558 0.6197836166924265 0.006024096385542169 0.0030911901081916537
0 0.7078313253012049 0.7071097372488409 0.4598393574297189 0.18083462132921174
0 0.30823293172690763 0.6182380216383307 0.002008032128514056 0.0030911901081916537
0 0.28012048192771083 0.6197836166924265 0.03413654618473896 0.0061823802163833074
0 0.09036144578313253 0.6221020092735703 0.07630522088353414 0.010819165378670788
0 0.46184738955823296 0.6182380216383307 0.012048192771084338 0.00927357032457496
0 0.10843373493975904 0.6128284389489954 0.008032128514056224 0.0015455950540958269
0 0.5311244979919679 0.616692426584235 0.07028112449799197 0.012364760432766615
0 0.21586345381526104 0.6136012364760433 0.06626506024096386 0.0061823802163833074
0 0.142570281124498 0.6136012364760433 0.0321285140562249 0.0061823802163833074
0 0.09136546184738956 0.6120556414219475 0.010040160642570281 0.0030911901081916537
0 0.8795180722891566 0.6128284389489954 0.07630522088353414 0.010819165378670788
0 0.20281124497991967 0.6035548686244204 0.060240963855421686 0.00463678516228748
0 0.0321285140562249 0.6027820710973725 0.004016064257028112 0.0030911901081916537
0 0.0030120481927710845 0.6035548686244204 0.006024096385542169 0.00463678516228748
0 0.40160642570281124 0.5996908809891809 0.004016064257028112 0.0030911901081916537
0 0.26907630522088355 0.6020092735703245 0.05622489959839357 0.0077279752704791345
0 0.09839357429718876 0.6035548686244204 0.11244979919678715 0.010819165378670788
0 0.5401606425702812 0.6004636785162287 0.08433734939759036 0.0077279752704791345
0 0.463855421686747 0.5996908809891809 0.012048192771084338 0.0061823802163833074
0 0.19779116465863453 0.5958268933539412 0.006024096385542169 0.0015455950540958269
0 0.9939759036144579 0.5935085007727975 0.012048192771084338 0.00927357032457496
0 0.8554216867469879 0.5965996908809892 0.14457831325301204 0.015455950540958269
0 0.7349397590361446 0.589644513137558 0.14457831325301204 0.010819165378670788
0 0.08333333333333333 0.5880989180834622 0.0783132530120482 0.0077279752704791345
0 0.42971887550200805 0.5757341576506955 0.01606425702811245 0.00463678516228748
0 0.5502008032128514 0.5757341576506955 0.10040160642570281 0.013910355486862442
0 0.46586345381526106 0.5749613601236476 0.01606425702811245 0.012364760432766615
0 0.1606425702811245 0.5726429675425039 0.24096385542168675 0.010819165378670788
0 0.7901606425702812 0.5734157650695518 0.25502008032128515 0.015455950540958269
0 0.9939759036144579 0.5695517774343122 0.012048192771084338 0.010819165378670788
0 0.4367469879518072 0.5556414219474498 0.006024096385542169 0.0077279752704791345
0 0.5542168674698795 0.5564142194744977 0.10441767068273092 0.012364760432766615
0 0.46686746987951805 0.5556414219474498 0.018072289156626505 0.010819165378670788
0 0.9578313253012049 0.5510046367851623 0.008032128514056224 0.00463678516228748
0 0.20883534136546184 0.5556414219474498 0.3373493975903614 0.013910355486862442
0 0.8072289156626506 0.5564142194744977 0.285140562248996 0.01854714064914992
0 0.9869477911646586 0.5502318392581144 0.02610441767068273 0.012364760432766615
0 0.9487951807228916 0.535548686244204 0.006024096385542169 0.0015455950540958269
0 0.5552208835341366 0.5401854714064915 0.10240963855421686 0.010819165378670788
0 0.46887550200803213 0.5386398763523956 0.018072289156626505 0.010819165378670788
0 0.2319277108433735 0.5386398763523956 0.3795180722891566 0.010819165378670788
0 0.8002008032128514 0.5386398763523956 0.2710843373493976 0.017001545595054096
0 0.9869477911646586 0.5340030911901081 0.02610441767068273 0.010819165378670788
0 0.46987951807228917 0.5224111282843895 0.01606425702811245 0.00927357032457496
0 0.9939759036144579 0.5193199381761978 0.012048192771084338 0.0061823802163833074
0 0.9959839357429718 0.5046367851622875 0.008032128514056224 0.010819165378670788
0 0.5552208835341366 0.4899536321483771 0.09839357429718876 0.07727975270479134
0 0.9548192771084337 0.42581143740340033 0.002008032128514056 0.0015455950540958269
0 0.7299196787148594 0.42272024729520863 0.45180722891566266 0.21483771251931993
0 0.9166666666666666 0.31530139103554866 0.02208835341365462 0.0030911901081916537
0 0.6696787148594378 0.3083462132921175 0.002008032128514056 0.0015455950540958269
0 0.26305220883534136 0.4180834621329212 0.4738955823293173 0.22102009273570325
0 0.7981927710843374 0.312210200927357 0.19477911646586346 0.012364760432766615
0 0.6837349397590361 0.3083462132921175 0.010040160642570281 0.00463678516228748
0 0.1636546184738956 0.3044822256568779 0.26305220883534136 0.012364760432766615
0 0.5522088353413654 0.30370942812983 0.20883534136546184 0.013910355486862442
0 0.6957831325301205 0.294435857805255 0.38755020080321284 0.017001545595054096
0 0.9076305220883534 0.28593508500772796 0.012048192771084338 0.0030911901081916537
0 0.4598393574297189 0.2867078825347759 0.060240963855421686 0.00463678516228748
0 0.4186746987951807 0.28516228748068007 0.002008032128514056 0.0015455950540958269
0 0.4006024096385542 0.2836166924265842 0.006024096385542169 0.0015455950540958269
0 0.2248995983935743 0.29134466769706335 0.3855421686746988 0.02009273570324575
0 0.9016064257028112 0.26816074188562594 0.004016064257028112 0.0015455950540958269
0 0.1285140562248996 0.27202472952086554 0.18473895582329317 0.00927357032457496
0 0.7951807228915663 0.26661514683153015 0.18473895582329317 0.010819165378670788
0 0.6857429718875502 0.26275115919629055 0.006024096385542169 0.0030911901081916537
0 0.464859437751004 0.27202472952086554 0.8493975903614458 0.03400309119010819
0 0.5692771084337349 0.258887171561051 0.19477911646586346 0.010819165378670788
0 0.3373493975903614 0.25193199381761977 0.2570281124497992 0.012364760432766615
0 0.8453815261044176 0.24806800618238023 0.07228915662650602 0.0077279752704791345
0 0.785140562248996 0.24652241112828438 0.040160642570281124 0.00463678516228748
0 0.751004016064257 0.24574961360123648 0.024096385542168676 0.0030911901081916537
0 0.641566265060241 0.24188562596599691 0.010040160642570281 0.0015455950540958269
0 0.6275100401606426 0.241112828438949 0.010040160642570281 0.0030911901081916537
0 0.11847389558232932 0.24343122102009274 0.1606425702811245 0.013910355486862442
0 0.5532128514056225 0.23879443585780524 0.13052208835341367 0.0077279752704791345
0 0.463855421686747 0.23647604327666152 0.012048192771084338 0.0030911901081916537
0 0.8433734939759037 0.22952086553323028 0.06827309236947791 0.0077279752704791345
0 0.8012048192771084 0.22720247295208656 0.008032128514056224 0.0030911901081916537
0 0.7640562248995983 0.22642967542503864 0.050200803212851405 0.00463678516228748
0 0.7198795180722891 0.2241112828438949 0.030120481927710843 0.0030911901081916537
0 0.48092369477911645 0.2187017001545595 0.002008032128514056 0.0015455950540958269
0 0.10542168674698796 0.223338485316847 0.13052208835341367 0.010819165378670788
0 0.5732931726907631 0.22024729520865532 0.1746987951807229 0.0077279752704791345
0 0.8895582329317269 0.2117465224111283 0.004016064257028112 0.0030911901081916537
0 0.16566265060240964 0.20788253477588872 0.002008032128514056 0.0015455950540958269
0 0.15261044176706828 0.2063369397217929 0.004016064257028112 0.0015455950540958269
0 0.8052208835341366 0.21020092735703247 0.15261044176706828 0.012364760432766615
0 0.0963855421686747 0.20401854714064915 0.0963855421686747 0.00927357032457496
0 0.5592369477911646 0.20247295208655333 0.25100401606425704 0.012364760432766615
0 0.30120481927710846 0.19397217928902627 0.14056224899598393 0.0077279752704791345
0 0.11546184738955824 0.18624420401854713 0.15060240963855423 0.010819165378670788
0 0.9206827309236948 0.13523956723338484 0.006024096385542169 0.010819165378670788
0 0.10542168674698796 0.11128284389489954 0.006024096385542169 0.0030911901081916537
0 0.4819277108433735 0.13987635239567234 0.963855421686747 0.12828438948995363
0 0.535140562248996 0.0571870170015456 0.006024096385542169 0.0030911901081916537
0 0.5230923694779116 0.04404945904173107 0.014056224899598393 0.017001545595054096
0 0.5190763052208835 0.023956723338485315 0.002008032128514056 0.0015455950540958269
0 0.4006024096385542 0.03554868624420402 0.20682730923694778 0.06491499227202473
0 0.6114457831325302 0.03323029366306028 0.03815261044176707 0.06646058732612056
