0 0.470856102003643 0.9969325153374233 0.00546448087431694 0.006134969325153374
0 0.4854280510018215 0.99079754601227 0.012750455373406194 0.018404907975460124
0 0.43989071038251365 0.9877300613496932 0.012750455373406194 0.024539877300613498
0 0.4553734061930783 0.9800613496932515 0.018214936247723135 0.015337423312883436
0 0.3588342440801457 0.9861963190184049 0.02185792349726776 0.027607361963190184
0 0.31693989071038253 0.9831288343558282 0.03278688524590164 0.03374233128834356
0 0.27595628415300544 0.9815950920245399 0.020036429872495445 0.03680981595092025
0 0.5382513661202186 0.9800613496932515 0.012750455373406194 0.03987730061349693
0 0.5154826958105647 0.9785276073619632 0.01092896174863388 0.04294478527607362
0 0.3233151183970856 0.9616564417177914 0.19854280510018216 0.07668711656441718
0 0.9644808743169399 0.4892638036809816 0.07103825136612021 0.8374233128834356
0 0.46265938069216755 0.4662576687116564 0.9253187613843351 0.901840490797546
0 0.5437158469945356 0.010736196319018405 0.03825136612021858 0.02147239263803681
0 0.48178506375227687 0.006134969325153374 0.060109289617486336 0.012269938650306749
0 0.34335154826958103 0.009202453987730062 0.19854280510018216 0.018404907975460124
