0 0.7349726775956285 0.996 0.00546448087431694 0.008
0 0.7540983606557377 0.992 0.01092896174863388 0.016
0 0.7718579234972678 0.984 0.01366120218579235 0.032
0 0.4849726775956284 0.968 0.04644808743169399 0.064
0 0.5956284153005464 0.966 0.0273224043715847 0.068
0 0.5450819672131147 0.966 0.05737704918032787 0.068
0 0.7062841530054644 0.958 0.02459016393442623 0.084
0 0.7431693989071039 0.948 0.03825136612021858 0.072
0 0.73224043715847 0.92 0.01092896174863388 0.016
0 0.5 0.466 1.0 0.836
0 0.7336065573770492 0.016 0.08469945355191257 0.032
0 0.5969945355191257 0.012 0.01366120218579235 0.024
0 0.5532786885245902 0.016 0.01912568306010929 0.032
0 0.4972677595628415 0.018 0.06557377049180328 0.036
