0 0.6160541586073501 0.996742671009772 0.009671179883945842 0.006514657980456026
0 0.6054158607350096 0.990228013029316 0.0038684719535783366 0.006514657980456026
0 0.6315280464216635 0.9723127035830619 0.0019342359767891683 0.003257328990228013
0 0.6131528046421664 0.9723127035830619 0.01160541586073501 0.016286644951140065
0 0.4941972920696325 0.9804560260586319 0.02127659574468085 0.03908794788273615
0 0.45454545454545453 0.9804560260586319 0.03868471953578337 0.03908794788273615
0 0.4090909090909091 0.9804560260586319 0.025145067698259187 0.03908794788273615
0 0.5773694390715667 0.9771986970684039 0.009671179883945842 0.04560260586319218
0 0.5938104448742747 0.9543973941368078 0.015473887814313346 0.013029315960912053
0 0.0019342359767891683 0.8778501628664495 0.0038684719535783366 0.003257328990228013
0 0.004835589941972921 0.8599348534201955 0.009671179883945842 0.019543973941368076
0 0.0029013539651837525 0.7785016286644951 0.005802707930367505 0.006514657980456026
0 0.0029013539651837525 0.737785016286645 0.005802707930367505 0.009771986970684038
0 0.0009671179883945841 0.7182410423452769 0.0019342359767891683 0.003257328990228013
0 0.0019342359767891683 0.7003257328990228 0.0038684719535783366 0.006514657980456026
0 0.0019342359767891683 0.6596091205211726 0.0038684719535783366 0.003257328990228013
0 0.9961315280464217 0.5830618892508144 0.007736943907156673 0.006514657980456026
0 0.0029013539651837525 0.5977198697068404 0.005802707930367505 0.06188925081433225
0 0.4825918762088975 0.4576547231270358 0.965183752417795 0.8566775244299675
0 0.6034816247582205 0.02280130293159609 0.015473887814313346 0.019543973941368076
0 0.5831721470019342 0.016286644951140065 0.0019342359767891683 0.006514657980456026
0 0.5793036750483559 0.004885993485342019 0.0019342359767891683 0.009771986970684038
0 0.5638297872340425 0.019543973941368076 0.025145067698259187 0.03908794788273615
0 0.4748549323017408 0.014657980456026058 0.009671179883945842 0.029315960912052116
0 0.44197292069632493 0.016286644951140065 0.013539651837524178 0.03257328990228013
0 0.402321083172147 0.016286644951140065 0.0425531914893617 0.03257328990228013
