0 0.656 0.997093023255814 0.016 0.005813953488372093
0 0.4186666666666667 0.9854651162790697 0.021333333333333333 0.011627906976744186
0 0.448 0.9796511627906976 0.02666666666666667 0.01744186046511628
0 0.44133333333333336 0.9665697674418605 0.0026666666666666666 0.0029069767441860465
0 0.18933333333333333 0.9752906976744186 0.042666666666666665 0.04941860465116279
0 0.24533333333333332 0.9723837209302325 0.05333333333333334 0.055232558139534885
0 0.2946666666666667 0.9665697674418605 0.024 0.04941860465116279
0 0.46 0.934593023255814 0.008 0.00872093023255814
0 0.4 0.9578488372093024 0.02666666666666667 0.061046511627906974
0 0.43733333333333335 0.938953488372093 0.021333333333333333 0.03488372093023256
0 0.4226666666666667 0.9258720930232558 0.008 0.00872093023255814
0 0.7466666666666667 0.6744186046511628 0.037333333333333336 0.05232558139534884
0 0.7786666666666666 0.6351744186046512 0.005333333333333333 0.0029069767441860465
0 0.748 0.6293604651162791 0.034666666666666665 0.02616279069767442
0 0.8253333333333334 0.5145348837209303 0.013333333333333334 0.09302325581395349
0 0.7493333333333333 0.41569767441860467 0.032 0.0872093023255814
0 0.7666666666666667 0.1686046511627907 0.06133333333333333 0.09883720930232558
0 0.344 0.4622093023255814 0.688 0.8546511627906976
0 0.908 0.5 0.184 1.0
0 0.492 0.0014534883720930232 0.0026666666666666666 0.0029069767441860465
0 0.44 0.00436046511627907 0.042666666666666665 0.00872093023255814
