0 0.0009487666034155598 0.9489208633093525 0.0018975332068311196 0.0014388489208633094
0 0.4478178368121442 0.9345323741007194 0.4781783681214421 0.058992805755395686
0 0.6631878557874763 0.9028776978417267 0.0018975332068311196 0.0014388489208633094
0 0.1432637571157495 0.923021582733813 0.24478178368121442 0.04460431654676259
0 0.7229601518026565 0.8705035971223022 0.007590132827324478 0.008633093525179856
0 0.7618595825426945 0.8525179856115108 0.0018975332068311196 0.0014388489208633094
0 0.7296015180265655 0.8575539568345324 0.020872865275142316 0.02302158273381295
0 0.9971537001897534 0.8553956834532375 0.0056925996204933585 0.02446043165467626
0 0.7419354838709677 0.8532374100719424 0.022770398481973434 0.025899280575539568
0 0.8406072106261859 0.8172661870503597 0.003795066413662239 0.0028776978417266188
0 0.8216318785578748 0.823021582733813 0.015180265654648957 0.014388489208633094
0 0.8055028462998103 0.8251798561151079 0.024667931688804556 0.01870503597122302
0 0.5246679316888045 0.8122302158273381 0.0056925996204933585 0.0014388489208633094
0 0.2286527514231499 0.8136690647482014 0.03225806451612903 0.004316546762589928
0 0.6366223908918406 0.7935251798561151 0.013282732447817837 0.0014388489208633094
0 0.6470588235294118 0.7856115107913669 0.007590132827324478 0.0028776978417266188
0 0.222011385199241 0.7805755395683454 0.026565464895635674 0.004316546762589928
0 0.6461100569259962 0.7762589928057554 0.013282732447817837 0.0014388489208633094
0 0.3092979127134725 0.7712230215827338 0.03415559772296015 0.0057553956834532375
0 0.4990512333965844 0.7690647482014389 0.007590132827324478 0.004316546762589928
0 0.21347248576850095 0.7647482014388489 0.0018975332068311196 0.0014388489208633094
0 0.4981024667931689 0.7611510791366907 0.0056925996204933585 0.0028776978417266188
0 0.6337760910815939 0.758273381294964 0.018975332068311195 0.0028776978417266188
0 0.7428842504743833 0.7568345323741007 0.013282732447817837 0.0028776978417266188
0 0.6916508538899431 0.758273381294964 0.08159392789373814 0.0057553956834532375
0 0.3092979127134725 0.7553956834532374 0.018975332068311195 0.0028776978417266188
0 0.4981024667931689 0.7525179856115108 0.0056925996204933585 0.0028776978417266188
0 0.31024667931688804 0.7474820143884892 0.020872865275142316 0.004316546762589928
0 0.4981024667931689 0.7431654676258993 0.0018975332068311196 0.0014388489208633094
0 0.3045540796963947 0.7402877697841727 0.03225806451612903 0.004316546762589928
0 0.7884250474383302 0.7381294964028777 0.020872865275142316 0.0057553956834532375
0 0.21821631878557876 0.8179856115107914 0.4364326375711575 0.1683453237410072
0 0.38235294117647056 0.7266187050359713 0.06261859582542695 0.011510791366906475
0 0.3377609108159393 0.7215827338129497 0.003795066413662239 0.0014388489208633094
0 0.49620493358633777 0.7201438848920864 0.013282732447817837 0.004316546762589928
0 0.357685009487666 0.7136690647482015 0.013282732447817837 0.0028776978417266188
0 0.3387096774193548 0.7143884892086331 0.009487666034155597 0.004316546762589928
0 0.49430740037950666 0.7028776978417266 0.009487666034155597 0.004316546762589928
0 0.4089184060721063 0.685611510791367 0.0056925996204933585 0.0014388489208633094
0 0.40132827324478176 0.681294964028777 0.0056925996204933585 0.007194244604316547
0 0.29411764705882354 0.679136690647482 0.003795066413662239 0.0028776978417266188
0 0.2314990512333966 0.6784172661870503 0.022770398481973434 0.004316546762589928
0 0.16223908918406071 0.676978417266187 0.0056925996204933585 0.0014388489208633094
0 0.26091081593927895 0.6755395683453237 0.020872865275142316 0.004316546762589928
0 0.29601518026565465 0.6705035971223021 0.003795066413662239 0.0028776978417266188
0 0.1015180265654649 0.6705035971223021 0.009487666034155597 0.0028776978417266188
0 0.08064516129032258 0.6654676258992805 0.024667931688804556 0.007194244604316547
0 0.25996204933586337 0.6640287769784172 0.10246679316888045 0.015827338129496403
0 0.022770398481973434 0.641726618705036 0.003795066413662239 0.0028776978417266188
0 0.007590132827324478 0.6553956834532374 0.015180265654648957 0.033093525179856115
0 0.3889943074003795 0.5748201438848921 0.05313092979127135 0.004316546762589928
0 0.21062618595825428 0.6100719424460431 0.42125237191650855 0.08345323741007195
0 0.8500948766603416 0.5661870503597123 0.003795066413662239 0.0014388489208633094
0 0.8368121442125237 0.5669064748201439 0.015180265654648957 0.0028776978417266188
0 0.006641366223908918 0.5640287769784172 0.013282732447817837 0.0057553956834532375
0 0.7495256166982922 0.560431654676259 0.018975332068311195 0.0014388489208633094
0 0.8709677419354839 0.5589928057553957 0.04174573055028463 0.004316546762589928
0 0.538899430740038 0.5546762589928057 0.007590132827324478 0.0014388489208633094
0 0.6850094876660342 0.7287769784172662 0.6299810246679317 0.35251798561151076
0 0.5815939278937381 0.5539568345323741 0.013282732447817837 0.0028776978417266188
0 0.7447817836812144 0.5517985611510792 0.04743833017077799 0.004316546762589928
0 0.8462998102466793 0.5489208633093525 0.030360531309297913 0.004316546762589928
0 0.9867172675521821 0.5474820143884892 0.026565464895635674 0.004316546762589928
0 0.937381404174573 0.5482014388489208 0.0683111954459203 0.0057553956834532375
0 0.5806451612903226 0.543884892086331 0.011385199240986717 0.0028776978417266188
0 0.7049335863377609 0.5424460431654676 0.06261859582542695 0.0057553956834532375
0 0.9079696394686907 0.5381294964028777 0.028462998102466792 0.0028776978417266188
0 0.8605313092979127 0.539568345323741 0.024667931688804556 0.0057553956834532375
0 0.9905123339658444 0.537410071942446 0.018975332068311195 0.004316546762589928
0 0.9392789373814042 0.537410071942446 0.022770398481973434 0.004316546762589928
0 0.6518026565464896 0.5345323741007194 0.0018975332068311196 0.0014388489208633094
0 0.7362428842504743 0.5330935251798561 0.003795066413662239 0.0014388489208633094
0 0.6973434535104365 0.5338129496402878 0.04743833017077799 0.0057553956834532375
0 0.9089184060721063 0.5302158273381294 0.003795066413662239 0.0014388489208633094
0 0.896584440227704 0.5302158273381294 0.009487666034155597 0.0014388489208633094
0 0.8709677419354839 0.5309352517985612 0.015180265654648957 0.0057553956834532375
0 0.8339658444022771 0.5309352517985612 0.009487666034155597 0.0057553956834532375
0 0.8026565464895635 0.5359712230215827 0.0872865275142315 0.015827338129496403
0 0.5863377609108159 0.5244604316546763 0.2428842504743833 0.007194244604316547
0 0.8225806451612904 0.5215827338129496 0.009487666034155597 0.004316546762589928
0 0.7685009487666035 0.5230215827338129 0.08349146110056926 0.007194244604316547
0 0.5872865275142315 0.516546762589928 0.017077798861480076 0.0057553956834532375
0 0.6603415559772297 0.5151079136690647 0.056925996204933584 0.0057553956834532375
0 0.5161290322580645 0.5158273381294964 0.09867172675521822 0.007194244604316547
0 0.6850094876660342 0.5064748201438849 0.011385199240986717 0.0057553956834532375
0 0.5891840607210627 0.5064748201438849 0.009487666034155597 0.0057553956834532375
0 0.5189753320683111 0.5071942446043165 0.08538899430740038 0.007194244604316547
0 0.5132827324478179 0.4985611510791367 0.024667931688804556 0.004316546762589928
0 0.5740037950664136 0.49712230215827335 0.024667931688804556 0.004316546762589928
0 0.7960151802656547 0.4949640287769784 0.13092979127134724 0.0057553956834532375
0 0.8472485768500949 0.5064748201438849 0.3055028462998102 0.034532374100719423
0 0.5635673624288425 0.48848920863309353 0.03795066413662239 0.004316546762589928
0 0.8538899430740038 0.4841726618705036 0.011385199240986717 0.0014388489208633094
0 0.8074003795066413 0.4856115107913669 0.051233396584440226 0.007194244604316547
0 0.849146110056926 0.47553956834532374 0.0056925996204933585 0.0014388489208633094
0 0.8092979127134725 0.47697841726618706 0.024667931688804556 0.004316546762589928
0 0.5123339658444023 0.47050359712230216 0.007590132827324478 0.0028776978417266188
0 0.0018975332068311196 0.4683453237410072 0.003795066413662239 0.0014388489208633094
0 0.713472485768501 0.4676258992805755 0.03795066413662239 0.0028776978417266188
0 0.8311195445920304 0.45827338129496403 0.03795066413662239 0.004316546762589928
0 0.6963946869070209 0.4510791366906475 0.007590132827324478 0.0014388489208633094
0 0.5417457305502846 0.45179856115107914 0.04743833017077799 0.0028776978417266188
0 0.5056925996204934 0.45179856115107914 0.009487666034155597 0.0028776978417266188
0 0.7144212523719166 0.4503597122302158 0.013282732447817837 0.0028776978417266188
0 0.6793168880455408 0.4503597122302158 0.018975332068311195 0.0028776978417266188
0 0.6973434535104365 0.441726618705036 0.06641366223908918 0.0057553956834532375
0 0.03984819734345351 0.41223021582733815 0.015180265654648957 0.010071942446043165
0 0.6963946869070209 0.418705035971223 0.07590132827324478 0.034532374100719423
0 0.7144212523719166 0.36906474820143886 0.009487666034155597 0.007194244604316547
0 0.7514231499051234 0.3424460431654676 0.011385199240986717 0.008633093525179856
0 0.5521821631878557 0.31798561151079136 0.003795066413662239 0.0028776978417266188
0 0.45445920303605314 0.260431654676259 0.05502846299810247 0.0057553956834532375
0 0.7115749525616698 0.25107913669064746 0.003795066413662239 0.0014388489208633094
0 0.48956356736242884 0.2517985611510791 0.007590132827324478 0.0028776978417266188
0 0.4364326375711575 0.2517985611510791 0.015180265654648957 0.0028776978417266188
0 0.7552182163187856 0.24964028776978417 0.007590132827324478 0.0014388489208633094
0 0.1888045540796964 0.2460431654676259 0.009487666034155597 0.0028776978417266188
0 0.42125237191650855 0.24388489208633093 0.007590132827324478 0.0014388489208633094
0 0.45351043643263755 0.24316546762589927 0.003795066413662239 0.0028776978417266188
0 0.786527514231499 0.24100719424460432 0.0056925996204933585 0.0014388489208633094
0 0.476280834914611 0.24244604316546764 0.026565464895635674 0.007194244604316547
0 0.4278937381404175 0.23525179856115108 0.017077798861480076 0.0014388489208633094
0 0.7381404174573055 0.23237410071942446 0.04174573055028463 0.0014388489208633094
0 0.7115749525616698 0.23237410071942446 0.003795066413662239 0.0014388489208633094
0 0.4639468690702087 0.23453237410071942 0.04364326375711575 0.0057553956834532375
0 0.2836812144212524 0.33525179856115106 0.5673624288425048 0.22446043165467625
0 0.855787476280835 0.3532374100719424 0.2884250474383302 0.26906474820143883
0 0.33586337760910817 0.21942446043165467 0.007590132827324478 0.0014388489208633094
0 0.8719165085388995 0.2143884892086331 0.1461100569259962 0.0057553956834532375
0 0.4079696394686907 0.21079136690647482 0.003795066413662239 0.0014388489208633094
0 0.428842504743833 0.21007194244604316 0.015180265654648957 0.0028776978417266188
0 0.39753320683111953 0.21007194244604316 0.013282732447817837 0.0028776978417266188
0 0.8946869070208728 0.20719424460431654 0.0777988614800759 0.0057553956834532375
0 0.27798861480075904 0.20431654676258992 0.0056925996204933585 0.0028776978417266188
0 0.19165085388994307 0.21726618705035972 0.269449715370019 0.02877697841726619
0 0.2495256166982922 0.20431654676258992 0.04743833017077799 0.0057553956834532375
0 0.4506641366223909 0.19640287769784173 0.04364326375711575 0.004316546762589928
0 0.4459203036053131 0.18920863309352517 0.018975332068311195 0.004316546762589928
0 0.7077798861480076 0.19136690647482013 0.04933586337760911 0.011510791366906475
0 0.44022770398481975 0.18129496402877698 0.011385199240986717 0.0028776978417266188
0 0.7770398481973435 0.17913669064748203 0.028462998102466792 0.0014388489208633094
0 0.7210626185958254 0.18057553956834532 0.015180265654648957 0.004316546762589928
0 0.6907020872865275 0.17985611510791366 0.018975332068311195 0.0057553956834532375
0 0.4098671726755218 0.17194244604316547 0.003795066413662239 0.0014388489208633094
0 0.43263757115749524 0.17266187050359713 0.03415559772296015 0.0057553956834532375
0 0.7172675521821632 0.16906474820143885 0.003795066413662239 0.0014388489208633094
0 0.6954459203036053 0.1712230215827338 0.0056925996204933585 0.0057553956834532375
0 0.2286527514231499 0.1841726618705036 0.36242884250474383 0.031654676258992806
0 0.7296015180265655 0.1697841726618705 0.013282732447817837 0.0057553956834532375
0 0.8738140417457305 0.17985611510791366 0.23719165085388993 0.031654676258992806
0 0.4240986717267552 0.16402877697841728 0.009487666034155597 0.0028776978417266188
0 0.4079696394686907 0.16402877697841728 0.007590132827324478 0.0028776978417266188
0 0.3747628083491461 0.16402877697841728 0.009487666034155597 0.0028776978417266188
0 0.3567362428842505 0.16402877697841728 0.007590132827324478 0.0028776978417266188
0 0.3396584440227704 0.16330935251798562 0.003795066413662239 0.0014388489208633094
0 0.3216318785578748 0.16330935251798562 0.0056925996204933585 0.0014388489208633094
0 0.3055028462998102 0.16402877697841728 0.011385199240986717 0.0028776978417266188
0 0.2884250474383302 0.16330935251798562 0.003795066413662239 0.0014388489208633094
0 0.715370018975332 0.1618705035971223 0.003795066413662239 0.0014388489208633094
0 0.2685009487666034 0.16330935251798562 0.028462998102466792 0.004316546762589928
0 0.8804554079696395 0.15899280575539568 0.011385199240986717 0.0014388489208633094
0 0.9089184060721063 0.15899280575539568 0.03415559772296015 0.004316546762589928
0 0.45445920303605314 0.1539568345323741 0.013282732447817837 0.0057553956834532375
0 0.6944971537001897 0.15251798561151078 0.04554079696394687 0.0057553956834532375
0 0.4250474383301708 0.14532374100719425 0.003795066413662239 0.0028776978417266188
0 0.4686907020872865 0.14532374100719425 0.06451612903225806 0.0057553956834532375
0 0.6774193548387096 0.14316546762589927 0.018975332068311195 0.004316546762589928
0 0.635673624288425 0.13525179856115108 0.007590132827324478 0.0028776978417266188
0 0.49620493358633777 0.08345323741007195 0.9924098671726755 0.1669064748201439
