0 0.7419786096256684 0.9901960784313726 0.008021390374331552 0.0196078431372549
0 0.4585561497326203 0.9745098039215686 0.040106951871657755 0.050980392156862744
0 0.5681818181818182 0.9725490196078431 0.029411764705882353 0.054901960784313725
0 0.5187165775401069 0.9725490196078431 0.053475935828877004 0.054901960784313725
0 0.7125668449197861 0.9627450980392157 0.040106951871657755 0.07450980392156863
0 0.7032085561497327 0.9294117647058824 0.0053475935828877 0.00784313725490196
0 0.6764705882352942 0.9588235294117647 0.016042780748663103 0.06666666666666667
0 0.5 0.4803921568627451 1.0 0.8352941176470589
0 0.6991978609625669 0.0196078431372549 0.08288770053475936 0.0392156862745098
0 0.5641711229946524 0.01568627450980392 0.016042780748663103 0.03137254901960784
0 0.5200534759358288 0.0196078431372549 0.01871657754010695 0.0392156862745098
0 0.46524064171123 0.021568627450980392 0.058823529411764705 0.043137254901960784
