0 0.5191204588910134 0.9951612903225806 0.0019120458891013384 0.00967741935483871
0 0.5076481835564054 0.9870967741935484 0.017208413001912046 0.025806451612903226
0 0.5258126195028681 0.9693548387096774 0.011472275334608031 0.016129032258064516
0 0.4808795411089866 0.9790322580645161 0.0248565965583174 0.041935483870967745
0 0.49521988527724664 0.9596774193548387 0.019120458891013385 0.016129032258064516
0 0.3919694072657744 0.9758064516129032 0.022944550669216062 0.04838709677419355
0 0.3479923518164436 0.9741935483870968 0.03441682600382409 0.05161290322580645
0 0.30401529636711283 0.9725806451612903 0.022944550669216062 0.054838709677419356
0 0.5822179732313576 0.9693548387096774 0.01338432122370937 0.06129032258064516
0 0.5554493307839388 0.967741935483871 0.009560229445506692 0.06451612903225806
0 0.35372848948374763 0.9532258064516129 0.21032504780114722 0.0935483870967742
0 0.0057361376673040155 0.4806451612903226 0.011472275334608031 0.012903225806451613
0 0.9913957934990439 0.5612903225806452 0.017208413001912046 0.6193548387096774
0 0.9904397705544933 0.22903225806451613 0.019120458891013385 0.025806451612903226
0 0.994263862332696 0.1935483870967742 0.011472275334608031 0.025806451612903226
0 0.994263862332696 0.09032258064516129 0.011472275334608031 0.15483870967741936
0 0.4904397705544933 0.44516129032258067 0.9808795411089866 0.8903225806451613
