0 0.04639175257731959 0.8288288288288288 0.006872852233676976 0.007207207207207207
0 0.13487972508591065 0.818018018018018 0.001718213058419244 0.0036036036036036037
0 0.25171821305841924 0.818018018018018 0.005154639175257732 0.007207207207207207
0 0.2259450171821306 0.8153153153153153 0.00859106529209622 0.005405405405405406
0 0.16323024054982818 0.8153153153153153 0.006872852233676976 0.012612612612612612
0 0.13573883161512026 0.80990990990991 0.003436426116838488 0.0018018018018018018
0 0.01288659793814433 0.8198198198198198 0.018900343642611683 0.025225225225225224
0 0.21649484536082475 0.8081081081081081 0.010309278350515464 0.005405405405405406
0 0.12628865979381443 0.8081081081081081 0.00859106529209622 0.005405405405405406
0 0.12886597938144329 0.8 0.003436426116838488 0.0036036036036036037
0 0.2259450171821306 0.7504504504504504 0.03951890034364261 0.05225225225225225
0 0.02147766323024055 0.7450450450450451 0.0429553264604811 0.07747747747747748
0 0.22079037800687284 0.709009009009009 0.03951890034364261 0.023423423423423424
0 0.13487972508591065 0.7297297297297297 0.04639175257731959 0.07207207207207207
0 0.11512027491408934 0.6828828828828829 0.010309278350515464 0.010810810810810811
0 0.14347079037800686 0.672972972972973 0.012027491408934709 0.005405405405405406
0 0.018900343642611683 0.6828828828828829 0.037800687285223365 0.032432432432432434
0 0.1323024054982818 0.6648648648648648 0.01718213058419244 0.0036036036036036037
0 0.11512027491408934 0.6693693693693694 0.010309278350515464 0.012612612612612612
0 0.21563573883161513 0.6738738738738739 0.03951890034364261 0.02882882882882883
0 0.01804123711340206 0.563963963963964 0.03608247422680412 0.11891891891891893
0 0.013745704467353952 0.45765765765765765 0.027491408934707903 0.06486486486486487
0 0.01288659793814433 0.2918918918918919 0.02577319587628866 0.25585585585585585
0 0.5 0.5063063063063064 1.0 0.9225225225225225
0 0.9673539518900344 0.0009009009009009009 0.003436426116838488 0.0018018018018018018
0 0.023195876288659795 0.0036036036036036037 0.04639175257731959 0.007207207207207207
