0 0.5697115384615384 0.9956709956709957 0.0016025641025641025 0.004329004329004329
0 0.5032051282051282 0.9967532467532467 0.00641025641025641 0.006493506493506494
0 0.45753205128205127 0.9945887445887446 0.004807692307692308 0.010822510822510822
0 0.4310897435897436 0.9945887445887446 0.009615384615384616 0.010822510822510822
0 0.06570512820512821 0.7943722943722944 0.00641025641025641 0.004329004329004329
0 0.9911858974358975 0.7608225108225108 0.004807692307692308 0.0021645021645021645
0 0.049679487179487176 0.7554112554112554 0.009615384615384616 0.004329004329004329
0 0.9911858974358975 0.7478354978354979 0.0016025641025641025 0.0021645021645021645
0 0.05048076923076923 0.7337662337662337 0.008012820512820512 0.004329004329004329
0 0.041666666666666664 0.7002164502164502 0.022435897435897436 0.006493506493506494
0 0.047275641025641024 0.6742424242424242 0.004807692307692308 0.0021645021645021645
0 0.5024038461538461 0.5 0.9951923076923077 0.8874458874458875
0 0.5921474358974359 0.03896103896103896 0.004807692307692308 0.004329004329004329
0 0.5841346153846154 0.027056277056277056 0.004807692307692308 0.006493506493506494
0 0.6530448717948718 0.02922077922077922 0.03365384615384615 0.05844155844155844
0 0.5096153846153846 0.01406926406926407 0.00641025641025641 0.02813852813852814
0 0.4751602564102564 0.016233766233766232 0.03365384615384615 0.032467532467532464
0 0.4391025641025641 0.015151515151515152 0.00641025641025641 0.030303030303030304
0 0.47836538461538464 0.02922077922077922 0.17147435897435898 0.05844155844155844
