0 0.5877329192546584 0.9968553459119497 0.004658385093167702 0.006289308176100629
0 0.6436335403726708 0.9958071278825996 0.0015527950310559005 0.008385744234800839
0 0.5970496894409938 0.989517819706499 0.004658385093167702 0.008385744234800839
0 0.4891304347826087 0.9926624737945493 0.015527950310559006 0.014675052410901468
0 0.5559006211180124 0.9884696016771488 0.006211180124223602 0.014675052410901468
0 0.45108695652173914 0.9905660377358491 0.023291925465838508 0.018867924528301886
0 0.4161490683229814 0.9905660377358491 0.015527950310559006 0.018867924528301886
0 0.5737577639751553 0.9821802935010482 0.004658385093167702 0.006289308176100629
0 0.6257763975155279 0.9612159329140462 0.003105590062111801 0.0020964360587002098
0 0.532608695652174 0.9779874213836478 0.024844720496894408 0.0440251572327044
0 0.39906832298136646 0.9622641509433962 0.012422360248447204 0.012578616352201259
0 0.44021739130434784 0.9570230607966457 0.017080745341614908 0.006289308176100629
0 0.4200310559006211 0.9570230607966457 0.017080745341614908 0.010482180293501049
0 0.003105590062111801 0.8113207547169812 0.006211180124223602 0.0041928721174004195
0 0.017857142857142856 0.7945492662473794 0.017080745341614908 0.008385744234800839
0 0.02096273291925466 0.7809224318658281 0.029503105590062112 0.010482180293501049
0 0.9930124223602484 0.7641509433962265 0.013975155279503106 0.006289308176100629
0 0.9930124223602484 0.7526205450733753 0.013975155279503106 0.0041928721174004195
0 0.021739130434782608 0.7620545073375262 0.034161490683229816 0.023060796645702306
0 0.9922360248447205 0.7379454926624738 0.015527950310559006 0.0041928721174004195
0 0.9906832298136646 0.7180293501048218 0.018633540372670808 0.018867924528301886
0 0.9906832298136646 0.6949685534591195 0.018633540372670808 0.014675052410901468
0 0.9875776397515528 0.6781970649895178 0.015527950310559006 0.006289308176100629
0 0.9891304347826086 0.6635220125786163 0.021739130434782608 0.010482180293501049
0 0.9899068322981367 0.6519916142557652 0.020186335403726708 0.008385744234800839
0 0.9906832298136646 0.6352201257861635 0.018633540372670808 0.008385744234800839
0 0.9860248447204969 0.6247379454926625 0.006211180124223602 0.0041928721174004195
0 0.484472049689441 0.44758909853249473 0.043478260869565216 0.018867924528301886
0 0.45962732919254656 0.4381551362683438 0.006211180124223602 0.012578616352201259
0 0.4798136645962733 0.4308176100628931 0.015527950310559006 0.010482180293501049
0 0.6335403726708074 0.3909853249475891 0.012422360248447204 0.010482180293501049
0 0.5 0.480083857442348 1.0 0.9140461215932913
0 0.5760869565217391 0.0220125786163522 0.006211180124223602 0.0020964360587002098
0 0.5652173913043478 0.0220125786163522 0.009316770186335404 0.0020964360587002098
0 0.5481366459627329 0.0220125786163522 0.006211180124223602 0.0020964360587002098
0 0.5861801242236024 0.005241090146750524 0.0015527950310559005 0.0020964360587002098
0 0.5753105590062112 0.005241090146750524 0.0015527950310559005 0.0020964360587002098
0 0.609472049689441 0.012578616352201259 0.04503105590062112 0.025157232704402517
0 0.5551242236024845 0.0041928721174004195 0.010869565217391304 0.008385744234800839
0 0.44798136645962733 0.012578616352201259 0.17857142857142858 0.025157232704402517
