0 0.6186006825938567 0.9973070017953322 0.005119453924914676 0.005385996409335727
0 0.5870307167235495 0.9874326750448833 0.006825938566552901 0.00718132854578097
0 0.5068259385665529 0.9919210053859964 0.020477815699658702 0.01615798922800718
0 0.4735494880546075 0.9919210053859964 0.011945392491467578 0.01615798922800718
0 0.4325938566552901 0.9910233393177738 0.03583617747440273 0.017953321364452424
0 0.6049488054607508 0.981149012567325 0.008532423208191127 0.005385996409335727
0 0.00938566552901024 0.8348294434470377 0.01877133105802048 0.13285457809694792
0 0.9897610921501706 0.40484739676840215 0.020477815699658702 0.06283662477558348
0 0.9778156996587031 0.20825852782764812 0.04436860068259386 0.06104129263913824
0 0.9752559726962458 0.06912028725314183 0.02218430034129693 0.019748653500897665
0 0.05631399317406143 0.01615798922800718 0.0034129692832764505 0.003590664272890485
0 0.5 0.47127468581687615 1.0 0.9425493716337523
