0 0.4329159212880143 0.996551724137931 0.01073345259391771 0.006896551724137931
0 0.36046511627906974 0.996551724137931 0.012522361359570662 0.006896551724137931
0 0.45348837209302323 0.9951724137931034 0.026833631484794274 0.009655172413793104
0 0.32647584973166366 0.9951724137931034 0.016100178890876567 0.009655172413793104
0 0.28622540250447226 0.9951724137931034 0.017889087656529516 0.009655172413793104
0 0.5125223613595706 0.9896551724137931 0.03756708407871199 0.020689655172413793
0 0.3300536672629696 0.9848275862068966 0.18783542039355994 0.030344827586206897
0 0.7093023255813954 0.953103448275862 0.005366726296958855 0.002758620689655172
0 0.7450805008944544 0.9372413793103448 0.008944543828264758 0.006896551724137931
0 0.7084078711985689 0.9351724137931035 0.014311270125223614 0.008275862068965517
0 0.725402504472272 0.9324137931034483 0.016100178890876567 0.005517241379310344
0 0.7915921288014311 0.926896551724138 0.148479427549195 0.060689655172413794
0 0.8676207513416816 0.886896551724138 0.0035778175313059034 0.002758620689655172
0 0.04382826475849732 0.9151724137931034 0.03398926654740608 0.06482758620689655
0 0.8729874776386404 0.8786206896551724 0.007155635062611807 0.002758620689655172
0 0.8756708407871199 0.8682758620689656 0.01967799642218247 0.004137931034482759
0 0.8747763864042933 0.8572413793103448 0.03577817531305903 0.006896551724137931
0 0.09838998211091235 0.8406896551724138 0.0035778175313059034 0.001379310344827586
0 0.0518783542039356 0.8310344827586207 0.007155635062611807 0.004137931034482759
0 0.07960644007155634 0.8144827586206896 0.0518783542039356 0.004137931034482759
0 0.06618962432915922 0.8055172413793104 0.007155635062611807 0.002758620689655172
0 0.07692307692307693 0.7965517241379311 0.057245080500894455 0.006896551724137931
0 0.07960644007155634 0.7889655172413793 0.0518783542039356 0.005517241379310344
0 0.046511627906976744 0.7786206896551724 0.0035778175313059034 0.001379310344827586
0 0.07871198568872988 0.7793103448275862 0.046511627906976744 0.005517241379310344
0 0.9534883720930233 0.8648275862068966 0.09302325581395349 0.18482758620689654
0 0.07960644007155634 0.7710344827586207 0.04830053667262969 0.005517241379310344
0 0.07692307692307693 0.7593103448275862 0.057245080500894455 0.012413793103448275
0 0.06529516994633273 0.6848275862068965 0.09123434704830054 0.12827586206896552
0 0.08586762075134168 0.616551724137931 0.017889087656529516 0.002758620689655172
0 0.9516994633273703 0.6158620689655172 0.014311270125223614 0.004137931034482759
0 0.9284436493738819 0.6096551724137931 0.01073345259391771 0.002758620689655172
0 0.9150268336314848 0.6096551724137931 0.008944543828264758 0.002758620689655172
0 0.8783542039355993 0.6096551724137931 0.007155635062611807 0.002758620689655172
0 0.9534883720930233 0.6082758620689656 0.007155635062611807 0.002758620689655172
0 0.9284436493738819 0.6855172413793104 0.14311270125223613 0.16
0 0.07602862254025045 0.6082758620689656 0.04114490161001789 0.005517241379310344
0 0.8765652951699463 0.6020689655172414 0.007155635062611807 0.001379310344827586
0 0.9516994633273703 0.6020689655172414 0.01073345259391771 0.004137931034482759
0 0.9123434704830053 0.6013793103448276 0.046511627906976744 0.002758620689655172
0 0.9821109123434705 0.6013793103448276 0.03577817531305903 0.005517241379310344
0 0.07692307692307693 0.5924137931034483 0.04293381037567084 0.006896551724137931
0 0.07602862254025045 0.5758620689655173 0.04830053667262969 0.006896551724137931
0 0.0706618962432916 0.5579310344827586 0.0626118067978533 0.006896551724137931
0 0.06440071556350627 0.5406896551724137 0.06797853309481217 0.008275862068965517
0 0.9329159212880143 0.5655172413793104 0.13416815742397137 0.06344827586206897
0 0.8837209302325582 0.5303448275862069 0.0035778175313059034 0.001379310344827586
0 0.907871198568873 0.5296551724137931 0.023255813953488372 0.002758620689655172
0 0.9838998211091234 0.5289655172413793 0.03220035778175313 0.004137931034482759
0 0.947227191413238 0.5289655172413793 0.016100178890876567 0.004137931034482759
0 0.0706618962432916 0.5220689655172414 0.055456171735241505 0.006896551724137931
0 0.981216457960644 0.52 0.03756708407871199 0.011034482758620689
0 0.06529516994633273 0.5137931034482759 0.012522361359570662 0.001379310344827586
0 0.06618962432915922 0.506896551724138 0.06082289803220036 0.006896551724137931
0 0.9821109123434705 0.5055172413793103 0.03577817531305903 0.015172413793103448
0 0.2298747763864043 0.3489655172413793 0.0017889087656529517 0.002758620689655172
0 0.22898032200357782 0.33448275862068966 0.0035778175313059034 0.004137931034482759
0 0.7576028622540251 0.33793103448275863 0.08407871198568873 0.019310344827586208
0 0.7021466905187835 0.33379310344827584 0.01967799642218247 0.011034482758620689
0 0.057245080500894455 0.4110344827586207 0.08228980322003578 0.17103448275862068
0 0.5295169946332737 0.32068965517241377 0.028622540250447227 0.004137931034482759
0 0.23076923076923078 0.32068965517241377 0.007155635062611807 0.004137931034482759
0 0.0706618962432916 0.32 0.04114490161001789 0.008275862068965517
0 0.7969588550983899 0.3179310344827586 0.03756708407871199 0.006896551724137931
0 0.5849731663685152 0.5841379310344827 0.7119856887298748 0.5393103448275862
0 0.9373881932021467 0.4193103448275862 0.1252236135957066 0.21241379310344827
0 0.8711985688729875 0.3020689655172414 0.0035778175313059034 0.002758620689655172
0 0.024150268336314847 0.3027586206896552 0.008944543828264758 0.004137931034482759
0 0.5268336314847942 0.3027586206896552 0.0518783542039356 0.006896551724137931
0 0.05992844364937388 0.3027586206896552 0.059033989266547404 0.006896551724137931
0 0.36046511627906974 0.3041379310344828 0.2701252236135957 0.012413793103448275
0 0.9445438282647585 0.3006896551724138 0.11091234347048301 0.011034482758620689
0 0.6896243291592129 0.3020689655172414 0.2522361359570662 0.013793103448275862
0 0.2370304114490161 0.28551724137931034 0.023255813953488372 0.005517241379310344
0 0.06529516994633273 0.2848275862068966 0.04830053667262969 0.004137931034482759
0 0.6940966010733453 0.2848275862068966 0.24329159212880144 0.012413793103448275
0 0.40429338103756707 0.28551724137931034 0.3005366726296959 0.013793103448275862
0 0.9445438282647585 0.2827586206896552 0.11091234347048301 0.011034482758620689
0 0.2298747763864043 0.26827586206896553 0.005366726296958855 0.001379310344827586
0 0.9740608228980322 0.26827586206896553 0.0518783542039356 0.004137931034482759
0 0.08407871198568873 0.26689655172413795 0.0035778175313059034 0.001379310344827586
0 0.05813953488372093 0.2675862068965517 0.026833631484794274 0.002758620689655172
0 0.6788908765652951 0.2689655172413793 0.2629695885509839 0.008275862068965517
0 0.3810375670840787 0.2689655172413793 0.2898032200357782 0.008275862068965517
0 0.8667262969588551 0.2537931034482759 0.005366726296958855 0.002758620689655172
0 0.9445438282647585 0.25310344827586206 0.11091234347048301 0.009655172413793104
0 0.5178890876565295 0.25310344827586206 0.5849731663685152 0.012413793103448275
0 0.05366726296958855 0.24275862068965517 0.025044722719141325 0.002758620689655172
0 0.8962432915921288 0.23517241379310344 0.0035778175313059034 0.004137931034482759
0 0.08050089445438283 0.23379310344827586 0.007155635062611807 0.001379310344827586
0 0.0626118067978533 0.23379310344827586 0.0035778175313059034 0.001379310344827586
0 0.052772808586762074 0.23448275862068965 0.005366726296958855 0.002758620689655172
0 0.964221824686941 0.23448275862068965 0.07155635062611806 0.011034482758620689
0 0.5161001788908766 0.23517241379310344 0.5778175313059034 0.012413793103448275
0 0.06350626118067978 0.22482758620689655 0.005366726296958855 0.002758620689655172
0 0.05456171735241502 0.22482758620689655 0.008944543828264758 0.002758620689655172
0 0.04382826475849732 0.22482758620689655 0.005366726296958855 0.002758620689655172
0 0.9007155635062611 0.21448275862068966 0.016100178890876567 0.004137931034482759
0 0.9686940966010733 0.21448275862068966 0.0626118067978533 0.009655172413793104
0 0.5438282647584973 0.21586206896551724 0.518783542039356 0.012413793103448275
0 0.539355992844365 0.20689655172413793 0.012522361359570662 0.002758620689655172
0 0.5080500894454383 0.20689655172413793 0.028622540250447227 0.002758620689655172
0 0.4856887298747764 0.20689655172413793 0.008944543828264758 0.002758620689655172
0 0.47584973166368516 0.20689655172413793 0.007155635062611807 0.002758620689655172
0 0.33810375670840787 0.20620689655172414 0.0035778175313059034 0.001379310344827586
0 0.32647584973166366 0.20551724137931035 0.005366726296958855 0.002758620689655172
0 0.049194991055456175 0.20620689655172414 0.03756708407871199 0.004137931034482759
0 0.9293381037567084 0.19655172413793104 0.0017889087656529517 0.001379310344827586
0 0.8658318425760286 0.19655172413793104 0.007155635062611807 0.004137931034482759
0 0.8989266547406082 0.19655172413793104 0.023255813953488372 0.006896551724137931
0 0.9677996422182469 0.19517241379310346 0.06440071556350627 0.009655172413793104
0 0.17262969588550983 0.16896551724137931 0.0017889087656529517 0.001379310344827586
0 0.9391771019677997 0.1510344827586207 0.12164579606440072 0.07310344827586207
0 0.8568872987477638 0.1406896551724138 0.03577817531305903 0.0910344827586207
0 0.4275491949910555 0.043448275862068966 0.02146690518783542 0.004137931034482759
0 0.41949910554561715 0.12206896551724138 0.817531305903399 0.16137931034482758
0 0.4588550983899821 0.04 0.016100178890876567 0.011034482758620689
0 0.4418604651162791 0.027586206896551724 0.01073345259391771 0.005517241379310344
0 0.4230769230769231 0.02689655172413793 0.016100178890876567 0.012413793103448275
0 0.4525939177101968 0.015172413793103448 0.01073345259391771 0.011034482758620689
0 0.4203935599284436 0.011724137931034483 0.007155635062611807 0.009655172413793104
0 0.3479427549194991 0.020689655172413793 0.016100178890876567 0.030344827586206897
0 0.43738819320214667 0.004827586206896552 0.008944543828264758 0.004137931034482759
0 0.5 0.029655172413793104 0.03756708407871199 0.05931034482758621
0 0.3112701252236136 0.01793103448275862 0.03220035778175313 0.03586206896551724
0 0.2710196779964222 0.016551724137931035 0.016100178890876567 0.03310344827586207
0 0.31663685152057247 0.02620689655172414 0.18246869409660108 0.05241379310344828
