0 0.4498239436619718 0.9972273567467652 0.01232394366197183 0.005545286506469501
0 0.4269366197183099 0.9972273567467652 0.01232394366197183 0.005545286506469501
0 0.5149647887323944 0.9963031423290203 0.01232394366197183 0.0073937153419593345
0 0.48151408450704225 0.9963031423290203 0.008802816901408451 0.0073937153419593345
0 0.6188380281690141 0.9861367837338263 0.0017605633802816902 0.0018484288354898336
0 0.023767605633802816 0.7643253234750462 0.0017605633802816902 0.0018484288354898336
0 0.9920774647887324 0.7513863216266173 0.01584507042253521 0.005545286506469501
0 0.9911971830985915 0.7402957486136784 0.0035211267605633804 0.0018484288354898336
0 0.7588028169014085 0.7171903881700554 0.014084507042253521 0.0036968576709796672
0 0.6153169014084507 0.7144177449168208 0.03697183098591549 0.009242144177449169
0 0.6848591549295775 0.7051756007393716 0.0035211267605633804 0.0018484288354898336
0 0.6663732394366197 0.7060998151571165 0.01584507042253521 0.0036968576709796672
0 0.8547535211267606 0.6968576709796673 0.00528169014084507 0.0036968576709796672
0 0.8424295774647887 0.6968576709796673 0.008802816901408451 0.0036968576709796672
0 0.8186619718309859 0.6968576709796673 0.035211267605633804 0.0036968576709796672
0 0.7561619718309859 0.6959334565619224 0.00528169014084507 0.0018484288354898336
0 0.7297535211267606 0.6959334565619224 0.0017605633802816902 0.0018484288354898336
0 0.7808098591549296 0.6959334565619224 0.03345070422535211 0.005545286506469501
0 0.7420774647887324 0.6950092421441775 0.00528169014084507 0.0036968576709796672
0 0.7191901408450704 0.6950092421441775 0.00528169014084507 0.0036968576709796672
0 0.6822183098591549 0.6940850277264325 0.058098591549295774 0.005545286506469501
0 0.8820422535211268 0.6866913123844732 0.0035211267605633804 0.0018484288354898336
0 0.8441901408450704 0.6866913123844732 0.0017605633802816902 0.0018484288354898336
0 0.8098591549295775 0.6848428835489834 0.0035211267605633804 0.0018484288354898336
0 0.7772887323943662 0.6848428835489834 0.04401408450704225 0.005545286506469501
0 0.733274647887324 0.6848428835489834 0.02992957746478873 0.005545286506469501
0 0.6830985915492958 0.6839186691312384 0.056338028169014086 0.0073937153419593345
0 0.49559859154929575 0.6811460258780037 0.01936619718309859 0.005545286506469501
0 0.7051056338028169 0.6728280961182994 0.008802816901408451 0.0036968576709796672
0 0.6778169014084507 0.6728280961182994 0.017605633802816902 0.0036968576709796672
0 0.9463028169014085 0.6645101663585952 0.00528169014084507 0.0018484288354898336
0 0.7077464788732394 0.6626617375231053 0.007042253521126761 0.005545286506469501
0 0.7077464788732394 0.6506469500924215 0.0035211267605633804 0.0036968576709796672
0 0.954225352112676 0.6321626617375231 0.007042253521126761 0.0036968576709796672
0 0.9498239436619719 0.6210720887245841 0.008802816901408451 0.0073937153419593345
0 0.02464788732394366 0.61090573012939 0.0035211267605633804 0.005545286506469501
0 0.9454225352112676 0.609981515711645 0.01056338028169014 0.0073937153419593345
0 0.0008802816901408451 0.3197781885397412 0.0017605633802816902 0.0073937153419593345
0 0.0017605633802816902 0.20702402957486138 0.0035211267605633804 0.022181146025878003
0 0.0017605633802816902 0.18576709796672827 0.0035211267605633804 0.012939001848428836
0 0.002640845070422535 0.1589648798521257 0.00528169014084507 0.025878003696857672
0 0.7966549295774648 0.13031423290203328 0.00528169014084507 0.005545286506469501
0 0.710387323943662 0.12384473197781885 0.0017605633802816902 0.0036968576709796672
0 0.5721830985915493 0.10258780036968576 0.0035211267605633804 0.0018484288354898336
0 0.545774647887324 0.066543438077634 0.007042253521126761 0.0073937153419593345
0 0.8670774647887324 0.04621072088724584 0.00528169014084507 0.0036968576709796672
0 0.8028169014084507 0.04528650646950092 0.0035211267605633804 0.0018484288354898336
0 0.7764084507042254 0.04528650646950092 0.007042253521126761 0.0018484288354898336
0 0.75 0.04528650646950092 0.0035211267605633804 0.0018484288354898336
0 0.7367957746478874 0.04528650646950092 0.00528169014084507 0.0018484288354898336
0 0.659330985915493 0.04343807763401109 0.0017605633802816902 0.0018484288354898336
0 0.6470070422535211 0.04343807763401109 0.0017605633802816902 0.0018484288354898336
0 0.6232394366197183 0.04343807763401109 0.0035211267605633804 0.0018484288354898336
0 0.5 0.49353049907578556 1.0 0.9094269870609981
