0 0.35159235668789807 0.9957044673539519 0.007643312101910828 0.00859106529209622
0 0.4210191082802548 0.9948453608247423 0.011464968152866241 0.010309278350515464
0 0.3777070063694268 0.9948453608247423 0.003821656050955414 0.010309278350515464
0 0.41146496815286626 0.8307560137457045 0.0025477707006369425 0.005154639175257732
0 0.15414012738853503 0.8101374570446735 0.01019108280254777 0.00859106529209622
0 0.03375796178343949 0.7981099656357389 0.011464968152866241 0.005154639175257732
0 0.08789808917197452 0.7981099656357389 0.08662420382165605 0.00859106529209622
0 0.22038216560509555 0.7963917525773195 0.09171974522292993 0.00859106529209622
0 0.8337579617834395 0.7963917525773195 0.04203821656050955 0.012027491408934709
0 0.4878980891719745 0.8694158075601375 0.975796178343949 0.15807560137457044
0 0.835031847133758 0.7835051546391752 0.024203821656050957 0.003436426116838488
0 0.08535031847133757 0.7843642611683849 0.08152866242038216 0.00859106529209622
0 0.03248407643312102 0.7843642611683849 0.014012738853503185 0.00859106529209622
0 0.26178343949044586 0.7835051546391752 0.008917197452229299 0.010309278350515464
0 0.21464968152866243 0.7835051546391752 0.08280254777070063 0.010309278350515464
0 0.332484076433121 0.7826460481099656 0.12229299363057325 0.012027491408934709
0 0.8433121019108281 0.7723367697594502 0.005095541401273885 0.001718213058419244
0 0.8509554140127389 0.7714776632302406 0.0025477707006369425 0.003436426116838488
0 0.03375796178343949 0.7723367697594502 0.008917197452229299 0.005154639175257732
0 0.8254777070063695 0.770618556701031 0.007643312101910828 0.005154639175257732
0 0.19554140127388536 0.7714776632302406 0.03949044585987261 0.006872852233676976
0 0.0840764331210191 0.7723367697594502 0.07643312101910828 0.00859106529209622
0 0.2624203821656051 0.7697594501718213 0.007643312101910828 0.006872852233676976
0 0.24585987261146497 0.770618556701031 0.017834394904458598 0.00859106529209622
0 0.33184713375796177 0.7689003436426117 0.11847133757961784 0.00859106529209622
0 0.24203821656050956 0.7585910652920962 0.0025477707006369425 0.001718213058419244
0 0.03248407643312102 0.7594501718213058 0.011464968152866241 0.006872852233676976
0 0.2585987261146497 0.7577319587628866 0.017834394904458598 0.006872852233676976
0 0.21337579617834396 0.7577319587628866 0.003821656050955414 0.006872852233676976
0 0.08343949044585987 0.7585910652920962 0.0751592356687898 0.00859106529209622
0 0.3305732484076433 0.756872852233677 0.12101910828025478 0.012027491408934709
0 0.8254777070063695 0.7457044673539519 0.0025477707006369425 0.003436426116838488
0 0.23630573248407644 0.7448453608247423 0.0012738853503184713 0.001718213058419244
0 0.033121019108280254 0.7465635738831615 0.007643312101910828 0.005154639175257732
0 0.26305732484076433 0.7448453608247423 0.003821656050955414 0.005154639175257732
0 0.2554140127388535 0.7448453608247423 0.006369426751592357 0.005154639175257732
0 0.21146496815286625 0.7448453608247423 0.005095541401273885 0.005154639175257732
0 0.09235668789808917 0.7457044673539519 0.09044585987261146 0.010309278350515464
0 0.33121019108280253 0.7439862542955327 0.12229299363057325 0.010309278350515464
0 0.033121019108280254 0.7353951890034365 0.005095541401273885 0.003436426116838488
0 0.8229299363057325 0.7328178694158075 0.007643312101910828 0.001718213058419244
0 0.21210191082802549 0.7336769759450171 0.0012738853503184713 0.003436426116838488
0 0.25605095541401274 0.7328178694158075 0.005095541401273885 0.005154639175257732
0 0.09681528662420383 0.7345360824742269 0.09936305732484077 0.00859106529209622
0 0.32993630573248406 0.7319587628865979 0.1197452229299363 0.010309278350515464
0 0.21337579617834396 0.7207903780068728 0.0012738853503184713 0.001718213058419244
0 0.033121019108280254 0.7225085910652921 0.005095541401273885 0.005154639175257732
0 0.25605095541401274 0.7207903780068728 0.01019108280254777 0.00859106529209622
0 0.09745222929936306 0.7216494845360825 0.10063694267515924 0.010309278350515464
0 0.33184713375796177 0.7199312714776632 0.12356687898089172 0.010309278350515464
0 0.03375796178343949 0.711340206185567 0.003821656050955414 0.003436426116838488
0 0.0980891719745223 0.7104810996563574 0.09936305732484077 0.00859106529209622
0 0.25796178343949044 0.7087628865979382 0.014012738853503185 0.00859106529209622
0 0.32993630573248406 0.7079037800687286 0.1197452229299363 0.010309278350515464
0 0.033121019108280254 0.6984536082474226 0.005095541401273885 0.005154639175257732
0 0.8267515923566879 0.6950171821305842 0.0025477707006369425 0.001718213058419244
0 0.20955414012738854 0.6967353951890034 0.003821656050955414 0.005154639175257732
0 0.09745222929936306 0.697594501718213 0.10318471337579618 0.010309278350515464
0 0.2585987261146497 0.6958762886597938 0.012738853503184714 0.010309278350515464
0 0.32993630573248406 0.6941580756013745 0.1197452229299363 0.010309278350515464
0 0.21082802547770702 0.6829896907216495 0.0012738853503184713 0.001718213058419244
0 0.033121019108280254 0.6855670103092784 0.007643312101910828 0.006872852233676976
0 0.8267515923566879 0.6829896907216495 0.017834394904458598 0.005154639175257732
0 0.0980891719745223 0.6855670103092784 0.10445859872611465 0.010309278350515464
0 0.8777070063694268 0.6812714776632303 0.033121019108280254 0.005154639175257732
0 0.25796178343949044 0.6829896907216495 0.011464968152866241 0.00859106529209622
0 0.3305732484076433 0.6821305841924399 0.11847133757961784 0.010309278350515464
0 0.033121019108280254 0.6726804123711341 0.007643312101910828 0.005154639175257732
0 0.21337579617834396 0.6701030927835051 0.0012738853503184713 0.003436426116838488
0 0.856687898089172 0.6701030927835051 0.07770700636942675 0.010309278350515464
0 0.2585987261146497 0.6692439862542955 0.012738853503184714 0.00859106529209622
0 0.03184713375796178 0.6606529209621993 0.012738853503184714 0.00859106529209622
0 0.21337579617834396 0.6572164948453608 0.003821656050955414 0.005154639175257732
0 0.2585987261146497 0.6572164948453608 0.012738853503184714 0.00859106529209622
0 0.10127388535031848 0.6649484536082474 0.11337579617834395 0.024054982817869417
0 0.856687898089172 0.6563573883161512 0.08025477707006369 0.010309278350515464
0 0.332484076433121 0.6615120274914089 0.12229299363057325 0.024054982817869417
0 0.034394904458598725 0.6486254295532646 0.0025477707006369425 0.001718213058419244
0 0.2140127388535032 0.6451890034364262 0.005095541401273885 0.005154639175257732
0 0.25796178343949044 0.6434707903780069 0.011464968152866241 0.00859106529209622
0 0.8535031847133758 0.6434707903780069 0.0840764331210191 0.012027491408934709
0 0.21847133757961784 0.6331615120274914 0.006369426751592357 0.005154639175257732
0 0.2585987261146497 0.6331615120274914 0.012738853503184714 0.00859106529209622
0 0.4101910828025478 0.6297250859106529 0.005095541401273885 0.005154639175257732
0 0.40764331210191085 0.6013745704467354 0.01019108280254777 0.03436426116838488
0 0.6624203821656051 0.5584192439862543 0.030573248407643312 0.020618556701030927
0 0.410828025477707 0.5592783505154639 0.006369426751592357 0.022336769759450172
0 0.5910828025477707 0.5567010309278351 0.030573248407643312 0.020618556701030927
0 0.697452229299363 0.5567010309278351 0.02929936305732484 0.024054982817869417
0 0.6267515923566879 0.5558419243986255 0.02802547770700637 0.022336769759450172
0 0.4872611464968153 0.5575601374570447 0.016560509554140127 0.02577319587628866
0 0.5535031847133758 0.5515463917525774 0.02929936305732484 0.030927835051546393
0 0.7044585987261146 0.5309278350515464 0.01019108280254777 0.003436426116838488
0 0.6528662420382165 0.5257731958762887 0.006369426751592357 0.006872852233676976
0 0.5554140127388535 0.5240549828178694 0.030573248407643312 0.013745704467353952
0 0.5203821656050955 0.5146048109965635 0.003821656050955414 0.00859106529209622
0 0.5898089171974522 0.5240549828178694 0.02802547770700637 0.030927835051546393
0 0.5 0.5240549828178694 0.05732484076433121 0.030927835051546393
0 0.6509554140127388 0.5025773195876289 0.005095541401273885 0.005154639175257732
0 0.6280254777070063 0.5128865979381443 0.02802547770700637 0.029209621993127148
0 0.24140127388535032 0.5601374570446735 0.011464968152866241 0.12371134020618557
0 0.20445859872611466 0.4957044673539519 0.006369426751592357 0.00859106529209622
0 0.6401273885350318 0.49226804123711343 0.003821656050955414 0.005154639175257732
0 0.6363057324840764 0.47852233676975947 0.011464968152866241 0.005154639175257732
0 0.24012738853503185 0.3951890034364261 0.003821656050955414 0.027491408934707903
0 0.21719745222929937 0.436426116838488 0.014012738853503185 0.10996563573883161
0 0.022292993630573247 0.506872852233677 0.044585987261146494 0.2508591065292096
0 0.2573248407643312 0.5008591065292096 0.017834394904458598 0.24914089347079038
0 0.4101910828025478 0.37714776632302405 0.0025477707006369425 0.005154639175257732
0 0.038853503184713374 0.37285223367697595 0.003821656050955414 0.003436426116838488
0 0.13630573248407643 0.5085910652920962 0.17834394904458598 0.28865979381443296
0 0.2592356687898089 0.36769759450171824 0.014012738853503185 0.010309278350515464
0 0.0910828025477707 0.36168384879725085 0.003821656050955414 0.001718213058419244
0 0.0821656050955414 0.36168384879725085 0.003821656050955414 0.001718213058419244
0 0.33694267515923565 0.5034364261168385 0.13630573248407643 0.28865979381443296
0 0.12101910828025478 0.36082474226804123 0.005095541401273885 0.003436426116838488
0 0.8853503184713376 0.4957044673539519 0.1732484076433121 0.2800687285223368
0 0.14777070063694267 0.359106529209622 0.045859872611464965 0.006872852233676976
0 0.2585987261146497 0.35652920962199314 0.007643312101910828 0.005154639175257732
0 0.3343949044585987 0.3548109965635739 0.12356687898089172 0.00859106529209622
0 0.03821656050955414 0.35137457044673537 0.007643312101910828 0.005154639175257732
0 0.22611464968152867 0.34621993127147765 0.0012738853503184713 0.001718213058419244
0 0.11337579617834395 0.3487972508591065 0.12484076433121019 0.010309278350515464
0 0.8707006369426752 0.34965635738831613 0.12356687898089172 0.015463917525773196
0 0.2585987261146497 0.3445017182130584 0.012738853503184714 0.00859106529209622
0 0.3356687898089172 0.34192439862542956 0.12611464968152866 0.010309278350515464
0 0.8757961783439491 0.3384879725085911 0.05987261146496815 0.006872852233676976
0 0.11528662420382166 0.33676975945017185 0.12356687898089172 0.010309278350515464
0 0.2585987261146497 0.3316151202749141 0.012738853503184714 0.006872852233676976
0 0.8146496815286625 0.3281786941580756 0.008917197452229299 0.003436426116838488
0 0.41146496815286626 0.327319587628866 0.0025477707006369425 0.001718213058419244
0 0.33503184713375794 0.32989690721649484 0.12484076433121019 0.010309278350515464
0 0.03821656050955414 0.3281786941580756 0.007643312101910828 0.006872852233676976
0 0.8751592356687898 0.32646048109965636 0.1070063694267516 0.010309278350515464
0 0.11337579617834395 0.3247422680412371 0.12484076433121019 0.013745704467353952
0 0.8324840764331211 0.3170103092783505 0.008917197452229299 0.001718213058419244
0 0.25987261146496815 0.32044673539518903 0.012738853503184714 0.00859106529209622
0 0.8847133757961784 0.31529209621993126 0.07770700636942675 0.005154639175257732
0 0.410828025477707 0.31529209621993126 0.006369426751592357 0.005154639175257732
0 0.33503184713375794 0.3178694158075601 0.12484076433121019 0.010309278350515464
0 0.11656050955414013 0.3127147766323024 0.12101910828025478 0.010309278350515464
0 0.25987261146496815 0.3075601374570447 0.012738853503184714 0.006872852233676976
0 0.8152866242038217 0.30498281786941583 0.012738853503184714 0.005154639175257732
0 0.41273885350318473 0.30326460481099654 0.0025477707006369425 0.001718213058419244
0 0.03821656050955414 0.30498281786941583 0.007643312101910828 0.005154639175257732
0 0.33503184713375794 0.30584192439862545 0.12484076433121019 0.010309278350515464
0 0.8751592356687898 0.30326460481099654 0.10445859872611465 0.00859106529209622
0 0.11401273885350319 0.3015463917525773 0.12611464968152866 0.012027491408934709
0 0.8140127388535032 0.2929553264604811 0.005095541401273885 0.001718213058419244
0 0.25987261146496815 0.29553264604810997 0.012738853503184714 0.006872852233676976
0 0.41273885350318473 0.2912371134020619 0.0025477707006369425 0.001718213058419244
0 0.8745222929936306 0.2920962199312715 0.09554140127388536 0.006872852233676976
0 0.3356687898089172 0.29381443298969073 0.12611464968152866 0.010309278350515464
0 0.513375796178344 0.28780068728522334 0.01019108280254777 0.001718213058419244
0 0.1159235668789809 0.29037800687285226 0.12484076433121019 0.010309278350515464
0 0.25987261146496815 0.2852233676975945 0.012738853503184714 0.006872852233676976
0 0.03949044585987261 0.28264604810996563 0.007643312101910828 0.005154639175257732
0 0.813375796178344 0.2809278350515464 0.008917197452229299 0.005154639175257732
0 0.8751592356687898 0.2800687285223368 0.10445859872611465 0.006872852233676976
0 0.41337579617834397 0.27835051546391754 0.003821656050955414 0.003436426116838488
0 0.3356687898089172 0.281786941580756 0.12611464968152866 0.010309278350515464
0 0.1159235668789809 0.27920962199312716 0.12993630573248408 0.015463917525773196
0 0.8146496815286625 0.2697594501718213 0.006369426751592357 0.003436426116838488
0 0.25987261146496815 0.27233676975945015 0.012738853503184714 0.00859106529209622
0 0.03949044585987261 0.2706185567010309 0.005095541401273885 0.005154639175257732
0 0.8719745222929937 0.26890034364261167 0.0929936305732484 0.005154639175257732
0 0.41273885350318473 0.2663230240549828 0.005095541401273885 0.003436426116838488
0 0.3356687898089172 0.2697594501718213 0.12611464968152866 0.010309278350515464
0 0.11401273885350319 0.26718213058419243 0.1286624203821656 0.015463917525773196
0 0.2605095541401274 0.2603092783505155 0.014012738853503185 0.00859106529209622
0 0.03949044585987261 0.25859106529209624 0.007643312101910828 0.005154639175257732
0 0.8681528662420382 0.25687285223367695 0.1159235668789809 0.00859106529209622
0 0.41273885350318473 0.2551546391752577 0.005095541401273885 0.005154639175257732
0 0.3356687898089172 0.25773195876288657 0.12611464968152866 0.010309278350515464
0 0.11337579617834395 0.2551546391752577 0.12993630573248408 0.015463917525773196
0 0.2611464968152866 0.24828178694158076 0.012738853503184714 0.005154639175257732
0 0.038853503184713374 0.24742268041237114 0.006369426751592357 0.006872852233676976
0 0.8732484076433121 0.24570446735395188 0.10063694267515924 0.006872852233676976
0 0.813375796178344 0.24484536082474226 0.006369426751592357 0.005154639175257732
0 0.41337579617834397 0.24312714776632302 0.0012738853503184713 0.001718213058419244
0 0.3356687898089172 0.24570446735395188 0.12356687898089172 0.010309278350515464
0 0.11273885350318472 0.24398625429553264 0.1286624203821656 0.013745704467353952
0 0.03949044585987261 0.23539518900343642 0.005095541401273885 0.003436426116838488
0 0.2605095541401274 0.23625429553264604 0.014012738853503185 0.00859106529209622
0 0.8146496815286625 0.23281786941580757 0.008917197452229299 0.005154639175257732
0 0.8732484076433121 0.23281786941580757 0.10318471337579618 0.00859106529209622
0 0.4140127388535032 0.23024054982817868 0.0025477707006369425 0.003436426116838488
0 0.3363057324840764 0.23367697594501718 0.12484076433121019 0.010309278350515464
0 0.11401273885350319 0.23109965635738833 0.1286624203821656 0.012027491408934709
0 0.2605095541401274 0.22508591065292097 0.014012738853503185 0.006872852233676976
0 0.03949044585987261 0.22422680412371135 0.005095541401273885 0.005154639175257732
0 0.8121019108280255 0.22079037800687284 0.0012738853503184713 0.001718213058419244
0 0.8726114649681529 0.22079037800687284 0.09681528662420383 0.005154639175257732
0 0.3363057324840764 0.22164948453608246 0.12484076433121019 0.010309278350515464
0 0.5121019108280255 0.21563573883161513 0.045859872611464965 0.005154639175257732
0 0.2445859872611465 0.21305841924398625 0.0025477707006369425 0.003436426116838488
0 0.11656050955414013 0.2190721649484536 0.12611464968152866 0.015463917525773196
0 0.03949044585987261 0.21305841924398625 0.005095541401273885 0.003436426116838488
0 0.643312101910828 0.211340206185567 0.015286624203821656 0.003436426116838488
0 0.629936305732484 0.211340206185567 0.006369426751592357 0.003436426116838488
0 0.8127388535031848 0.20962199312714777 0.005095541401273885 0.003436426116838488
0 0.6726114649681528 0.2104810996563574 0.025477707006369428 0.005154639175257732
0 0.2611464968152866 0.21219931271477663 0.015286624203821656 0.00859106529209622
0 0.8732484076433121 0.20876288659793815 0.10318471337579618 0.00859106529209622
0 0.33694267515923565 0.20962199312714777 0.12611464968152866 0.010309278350515464
0 0.5006369426751592 0.20446735395189003 0.005095541401273885 0.003436426116838488
0 0.5898089171974522 0.20189003436426117 0.0025477707006369425 0.001718213058419244
0 0.8732484076433121 0.19759450171821305 0.10063694267515924 0.006872852233676976
0 0.001910828025477707 0.19673539518900343 0.003821656050955414 0.005154639175257732
0 0.7025477707006369 0.18814432989690721 0.0012738853503184713 0.001718213058419244
0 0.8993630573248408 0.18642611683848798 0.0025477707006369425 0.001718213058419244
0 0.6439490445859872 0.1872852233676976 0.006369426751592357 0.003436426116838488
0 0.810828025477707 0.18556701030927836 0.003821656050955414 0.003436426116838488
0 0.6745222929936305 0.18642611683848798 0.024203821656050957 0.005154639175257732
0 0.856687898089172 0.18556701030927836 0.0751592356687898 0.006872852233676976
0 0.24394904458598726 0.17783505154639176 0.006369426751592357 0.005154639175257732
0 0.20636942675159237 0.179553264604811 0.02802547770700637 0.00859106529209622
0 0.6802547770700637 0.17439862542955326 0.01019108280254777 0.005154639175257732
0 0.6643312101910828 0.17439862542955326 0.006369426751592357 0.005154639175257732
0 0.6292993630573248 0.17525773195876287 0.01019108280254777 0.006872852233676976
0 0.7923566878980892 0.17096219931271478 0.0025477707006369425 0.001718213058419244
0 0.6452229299363057 0.17439862542955326 0.014012738853503185 0.00859106529209622
0 0.6121019108280255 0.17439862542955326 0.011464968152866241 0.00859106529209622
0 0.5936305732484076 0.17439862542955326 0.012738853503184714 0.012027491408934709
0 0.22738853503184714 0.16838487972508592 0.006369426751592357 0.010309278350515464
0 0.7095541401273885 0.16580756013745704 0.030573248407643312 0.022336769759450172
0 0.5140127388535032 0.16752577319587628 0.05222929936305733 0.029209621993127148
0 0.24585987261146497 0.15378006872852235 0.0025477707006369425 0.001718213058419244
0 0.21082802547770702 0.15549828178694158 0.034394904458598725 0.012027491408934709
0 0.6751592356687898 0.15807560137457044 0.033121019108280254 0.020618556701030927
0 0.6394904458598726 0.15721649484536082 0.033121019108280254 0.022336769759450172
0 0.6050955414012739 0.1563573883161512 0.033121019108280254 0.020618556701030927
0 0.24076433121019108 0.14432989690721648 0.005095541401273885 0.006872852233676976
0 0.2197452229299363 0.14261168384879724 0.006369426751592357 0.010309278350515464
0 0.4929936305732484 0.08333333333333333 0.007643312101910828 0.00859106529209622
0 0.6789808917197452 0.07130584192439862 0.007643312101910828 0.00859106529209622
0 0.4770700636942675 0.06357388316151202 0.006369426751592357 0.006872852233676976
0 0.6630573248407643 0.05154639175257732 0.006369426751592357 0.010309278350515464
0 0.5184713375796178 0.0506872852233677 0.015286624203821656 0.015463917525773196
0 0.489171974522293 0.04896907216494845 0.01019108280254777 0.012027491408934709
0 0.9382165605095542 0.03951890034364261 0.01910828025477707 0.010309278350515464
0 0.7025477707006369 0.044673539518900345 0.01910828025477707 0.024054982817869417
0 0.867515923566879 0.10395189003436427 0.1910828025477707 0.1563573883161512
0 0.5038216560509554 0.03006872852233677 0.011464968152866241 0.012027491408934709
0 0.6885350318471337 0.024054982817869417 0.016560509554140127 0.01718213058419244
0 0.21273885350318472 0.11168384879725086 0.42547770700636944 0.20618556701030927
