0 0.5420899854862119 0.9755381604696673 0.00725689404934688 0.009784735812133072
0 0.4404934687953556 0.9804305283757339 0.013062409288824383 0.03913894324853229
0 0.397677793904209 0.9804305283757339 0.008708272859216255 0.03913894324853229
0 0.3686502177068215 0.9804305283757339 0.011611030478955007 0.03913894324853229
0 0.5246734397677794 0.9540117416829745 0.001451378809869376 0.0019569471624266144
0 0.3519593613933237 0.9422700587084148 0.03918722786647315 0.0136986301369863
0 0.4375907111756168 0.9373776908023483 0.036284470246734396 0.007827788649706457
0 0.8809869375907112 0.773972602739726 0.01741654571843251 0.0019569471624266144
0 0.8686502177068215 0.773972602739726 0.0043541364296081275 0.0019569471624266144
0 0.9027576197387518 0.773972602739726 0.01451378809869376 0.005870841487279843
0 0.9042089985486212 0.7485322896281801 0.023222060957910014 0.005870841487279843
0 0.9129172714078374 0.723091976516634 0.008708272859216255 0.005870841487279843
0 0.9100145137880987 0.6859099804305284 0.002902757619738752 0.0019569471624266144
0 0.9078374455732946 0.6232876712328768 0.001451378809869376 0.0019569471624266144
0 0.35921625544267055 0.46966731898238745 0.0043541364296081275 0.007827788649706457
0 0.3548621190130624 0.45596868884540115 0.001451378809869376 0.003913894324853229
0 0.9339622641509434 0.32974559686888455 0.001451378809869376 0.0019569471624266144
0 0.9071117561683599 0.32974559686888455 0.040638606676342524 0.005870841487279843
0 0.3911465892597968 0.3219178082191781 0.001451378809869376 0.0019569471624266144
0 0.38824383164005805 0.3101761252446184 0.02177068214804064 0.005870841487279843
0 0.3911465892597968 0.2974559686888454 0.00725689404934688 0.003913894324853229
0 0.3918722786647315 0.2857142857142857 0.011611030478955007 0.007827788649706457
0 0.3925979680696662 0.27299412915851273 0.001451378809869376 0.0019569471624266144
0 0.9056603773584906 0.26320939334637966 0.002902757619738752 0.0019569471624266144
0 0.39332365747460085 0.2602739726027397 0.008708272859216255 0.003913894324853229
0 0.3918722786647315 0.24951076320939333 0.008708272859216255 0.005870841487279843
0 0.9150943396226415 0.24070450097847357 0.013062409288824383 0.003913894324853229
0 0.3904208998548621 0.23679060665362034 0.011611030478955007 0.007827788649706457
0 0.38969521044992744 0.22407045009784735 0.00725689404934688 0.005870841487279843
0 0.38969521044992744 0.21232876712328766 0.00725689404934688 0.005870841487279843
0 0.3904208998548621 0.20058708414872797 0.011611030478955007 0.005870841487279843
0 0.29027576197387517 0.20058708414872797 0.005805515239477504 0.009784735812133072
0 0.005805515239477504 0.19569471624266144 0.008708272859216255 0.003913894324853229
0 0.38969521044992744 0.18786692759295498 0.0043541364296081275 0.003913894324853229
0 0.29027576197387517 0.1888454011741683 0.005805515239477504 0.009784735812133072
0 0.38969521044992744 0.1761252446183953 0.00725689404934688 0.003913894324853229
0 0.2910014513788099 0.1771037181996086 0.00725689404934688 0.009784735812133072
0 0.7336719883889695 0.1086105675146771 0.0043541364296081275 0.005870841487279843
0 0.8483309143686503 0.1095890410958904 0.24238026124818576 0.1095890410958904
0 0.4949201741654572 0.4843444227005871 0.9898403483309144 0.8708414872798435
0 0.49564586357039186 0.014677103718199608 0.001451378809869376 0.0019569471624266144
0 0.4825834542815675 0.012720156555772993 0.001451378809869376 0.0019569471624266144
0 0.5130624092888244 0.012720156555772993 0.00725689404934688 0.005870841487279843
0 0.41146589259796806 0.0019569471624266144 0.0043541364296081275 0.003913894324853229
0 0.3671988388969521 0.0019569471624266144 0.002902757619738752 0.003913894324853229
0 0.34615384615384615 0.0019569471624266144 0.0043541364296081275 0.003913894324853229
