0 0.5466830466830467 0.9634615384615385 0.036855036855036855 0.03076923076923077
0 0.5221130221130221 0.9432692307692307 0.09090909090909091 0.06346153846153846
0 0.7321867321867321 0.8913461538461539 0.08845208845208845 0.01730769230769231
0 0.32063882063882065 0.9346153846153846 0.6412776412776413 0.13076923076923078
0 0.6203931203931204 0.8740384615384615 0.07616707616707617 0.04423076923076923
0 0.5724815724815725 0.8490384615384615 0.07862407862407862 0.01730769230769231
0 0.7358722358722358 0.8586538461538461 0.056511056511056514 0.04423076923076923
0 0.5761670761670762 0.8326923076923077 0.04668304668304668 0.007692307692307693
0 0.5835380835380836 0.825 0.012285012285012284 0.0038461538461538464
0 0.5712530712530712 0.823076923076923 0.007371007371007371 0.0038461538461538464
0 0.5565110565110565 0.8211538461538461 0.007371007371007371 0.0038461538461538464
0 0.5773955773955773 0.8 0.044226044226044224 0.007692307692307693
0 0.8304668304668305 0.6807692307692308 0.009828009828009828 0.007692307692307693
0 0.581081081081081 0.6432692307692308 0.007371007371007371 0.0057692307692307696
0 0.5724815724815725 0.6307692307692307 0.004914004914004914 0.0038461538461538464
0 0.6597051597051597 0.5903846153846154 0.012285012285012284 0.09230769230769231
0 0.6609336609336609 0.5288461538461539 0.009828009828009828 0.011538461538461539
0 0.9103194103194103 0.7153846153846154 0.17936117936117937 0.4230769230769231
0 0.002457002457002457 0.4932692307692308 0.004914004914004914 0.0019230769230769232
0 0.7346437346437347 0.49230769230769234 0.009828009828009828 0.0038461538461538464
0 0.914004914004914 0.49230769230769234 0.171990171990172 0.023076923076923078
0 0.9938574938574939 0.47692307692307695 0.012285012285012284 0.007692307692307693
0 0.8931203931203932 0.46923076923076923 0.12530712530712532 0.019230769230769232
0 0.581081081081081 0.4596153846153846 0.0171990171990172 0.011538461538461539
0 0.9164619164619164 0.44711538461538464 0.16707616707616707 0.025
0 0.8820638820638821 0.4230769230769231 0.019656019656019656 0.007692307692307693
0 0.9533169533169533 0.425 0.09336609336609336 0.023076923076923078
0 0.8501228501228502 0.42115384615384616 0.029484029484029485 0.019230769230769232
0 0.7481572481572482 0.4 0.007371007371007371 0.0038461538461538464
0 0.5921375921375921 0.3682692307692308 0.02457002457002457 0.01730769230769231
0 0.7776412776412777 0.2778846153846154 0.002457002457002457 0.0019230769230769232
0 0.7174447174447175 0.27307692307692305 0.029484029484029485 0.023076923076923078
0 0.597051597051597 0.2423076923076923 0.004914004914004914 0.0038461538461538464
0 0.6216216216216216 0.2403846153846154 0.019656019656019656 0.011538461538461539
0 0.5675675675675675 0.23846153846153847 0.029484029484029485 0.023076923076923078
0 0.37714987714987713 0.08173076923076923 0.007371007371007371 0.0019230769230769232
0 0.2493857493857494 0.08269230769230769 0.022113022113022112 0.007692307692307693
0 0.13636363636363635 0.07307692307692308 0.012285012285012284 0.0038461538461538464
0 0.10073710073710074 0.07211538461538461 0.014742014742014743 0.0057692307692307696
0 0.14496314496314497 0.06153846153846154 0.014742014742014743 0.0038461538461538464
0 0.9545454545454546 0.23173076923076924 0.09090909090909091 0.36346153846153845
0 0.12039312039312039 0.051923076923076926 0.06388206388206388 0.007692307692307693
0 0.9742014742014742 0.04519230769230769 0.02702702702702703 0.0057692307692307696
0 0.2616707616707617 0.035576923076923075 0.31203931203931207 0.051923076923076926
0 0.4594594594594595 0.4394230769230769 0.918918918918919 0.8788461538461538
