0 0.6903614457831325 0.9911347517730497 0.016867469879518072 0.01773049645390071
0 0.4795180722891566 0.9858156028368794 0.02891566265060241 0.028368794326241134
0 0.6433734939759036 0.9574468085106383 0.004819277108433735 0.0070921985815602835
0 0.6951807228915663 0.9556737588652482 0.012048192771084338 0.024822695035460994
0 0.5156626506024097 0.9680851063829787 0.033734939759036145 0.06382978723404255
0 0.4614457831325301 0.9663120567375887 0.060240963855421686 0.0673758865248227
0 0.6277108433734939 0.9645390070921985 0.03132530120481928 0.07092198581560284
0 0.6650602409638554 0.9627659574468085 0.043373493975903614 0.07446808510638298
0 0.5493975903614458 0.9432624113475178 0.44819277108433736 0.11347517730496454
0 0.9975903614457832 0.8120567375886525 0.004819277108433735 0.0070921985815602835
0 0.03734939759036145 0.50177304964539 0.0746987951807229 0.7695035460992907
0 0.5397590361445783 0.48936170212765956 0.9204819277108434 0.7730496453900709
0 0.7602409638554217 0.015957446808510637 0.012048192771084338 0.031914893617021274
0 0.7216867469879518 0.047872340425531915 0.0891566265060241 0.09574468085106383
0 0.5795180722891566 0.03546099290780142 0.03132530120481928 0.07092198581560284
0 0.5240963855421686 0.03723404255319149 0.05542168674698795 0.07446808510638298
0 0.4674698795180723 0.03546099290780142 0.04819277108433735 0.07092198581560284
