0 0.6782178217821783 0.9727272727272728 0.01485148514851485 0.025454545454545455
0 0.6757425742574258 0.94 0.01485148514851485 0.01818181818181818
0 0.6212871287128713 0.9345454545454546 0.009900990099009901 0.007272727272727273
0 0.6448019801980198 0.94 0.022277227722772276 0.03272727272727273
0 0.6794554455445545 0.9054545454545454 0.007425742574257425 0.02181818181818182
0 0.6212871287128713 0.9327272727272727 0.04950495049504951 0.10545454545454545
0 0.6497524752475248 0.8981818181818182 0.04207920792079208 0.04363636363636364
0 0.7264851485148515 0.9218181818181819 0.06683168316831684 0.15636363636363637
0 0.44554455445544555 0.9218181818181819 0.2871287128712871 0.15636363636363637
0 0.2784653465346535 0.7327272727272728 0.0024752475247524753 0.0036363636363636364
0 0.30198019801980197 0.730909090909091 0.009900990099009901 0.007272727272727273
0 0.1448019801980198 0.6945454545454546 0.007425742574257425 0.007272727272727273
0 0.02103960396039604 0.7 0.04207920792079208 0.29454545454545455
0 0.017326732673267328 0.39636363636363636 0.034653465346534656 0.29818181818181816
0 0.9863861386138614 0.2109090909090909 0.027227722772277228 0.02181818181818182
0 0.9863861386138614 0.14 0.027227722772277228 0.09818181818181818
0 0.01485148514851485 0.15818181818181817 0.0297029702970297 0.14909090909090908
0 0.5235148514851485 0.44363636363636366 0.9529702970297029 0.7636363636363637
0 0.7017326732673267 0.016363636363636365 0.08663366336633663 0.03272727272727273
0 0.5556930693069307 0.007272727272727273 0.012376237623762377 0.014545454545454545
0 0.5198019801980198 0.00909090909090909 0.01485148514851485 0.01818181818181818
0 0.4801980198019802 0.00909090909090909 0.01485148514851485 0.01818181818181818
0 0.4504950495049505 0.007272727272727273 0.01485148514851485 0.014545454545454545
