0 0.6057441253263708 0.9961832061068703 0.005221932114882507 0.007633587786259542
0 0.6501305483028721 0.9923664122137404 0.031331592689295036 0.015267175572519083
0 0.44778067885117495 0.9770992366412213 0.2793733681462141 0.04580152671755725
0 0.7310704960835509 0.9751908396946565 0.057441253263707574 0.04961832061068702
0 0.5 0.5209923664122137 1.0 0.8129770992366412
0 0.7088772845953003 0.02099236641221374 0.007832898172323759 0.019083969465648856
0 0.7571801566579635 0.06297709923664122 0.057441253263707574 0.12595419847328243
0 0.6879895561357703 0.05152671755725191 0.044386422976501305 0.10305343511450382
0 0.6671018276762402 0.003816793893129771 0.007832898172323759 0.007633587786259542
0 0.6488250652741514 0.04961832061068702 0.04960835509138381 0.09923664122137404
0 0.5221932114882507 0.04007633587786259 0.031331592689295036 0.08015267175572519
0 0.4660574412532637 0.04198473282442748 0.044386422976501305 0.08396946564885496
0 0.40992167101827676 0.04198473282442748 0.04699738903394256 0.08396946564885496
0 0.4725848563968668 0.061068702290076333 0.27676240208877284 0.12213740458015267
