0 0.532258064516129 0.938715953307393 0.09181141439205956 0.06420233463035019
0 0.78287841191067 0.8784046692607004 0.08684863523573201 0.017509727626459144
0 0.3250620347394541 0.9309338521400778 0.6501240694789082 0.13813229571984437
0 0.6066997518610422 0.8482490272373541 0.08188585607940446 0.01556420233463035
0 0.6625310173697271 0.8647859922178989 0.08933002481389578 0.05642023346303502
0 0.7853598014888338 0.8492217898832685 0.052109181141439205 0.033073929961089495
0 0.8039702233250621 0.8375486381322957 0.009925558312655087 0.013618677042801557
0 0.9292803970223326 0.8278210116731517 0.0024813895781637717 0.0019455252918287938
0 0.609181141439206 0.8287937743190662 0.052109181141439205 0.011673151750972763
0 0.007444168734491315 0.7811284046692607 0.01488833746898263 0.005836575875486381
0 0.7903225806451613 0.754863813229572 0.007444168734491315 0.0038910505836575876
0 0.6166253101736973 0.7247081712062257 0.007444168734491315 0.005836575875486381
0 0.6960297766749379 0.7071984435797666 0.0024813895781637717 0.0019455252918287938
0 0.6054590570719603 0.6439688715953308 0.009925558312655087 0.007782101167315175
0 0.5967741935483871 0.632295719844358 0.007444168734491315 0.007782101167315175
0 0.9143920595533499 0.5671206225680934 0.007444168734491315 0.005836575875486381
0 0.6947890818858561 0.5933852140077821 0.01488833746898263 0.08560311284046693
0 0.6923076923076923 0.5369649805447471 0.009925558312655087 0.011673151750972763
0 0.9292803970223326 0.7178988326848249 0.141439205955335 0.40077821011673154
0 0.6923076923076923 0.5165369649805448 0.009925558312655087 0.009727626459143969
0 0.9292803970223326 0.5058365758754864 0.141439205955335 0.019455252918287938
0 0.9230769230769231 0.48346303501945526 0.12903225806451613 0.017509727626459144
0 0.8883374689826302 0.4348249027237354 0.05459057071960298 0.017509727626459144
0 0.7741935483870968 0.3959143968871595 0.019851116625310174 0.013618677042801557
0 0.6042183622828784 0.36964980544747084 0.022332506203473945 0.01556420233463035
0 0.8002481389578163 0.2694552529182879 0.0024813895781637717 0.0019455252918287938
0 0.7382133995037221 0.26750972762645914 0.02729528535980149 0.021400778210116732
0 0.6029776674937966 0.2441634241245136 0.004962779156327543 0.005836575875486381
0 0.6265508684863523 0.24319066147859922 0.017369727047146403 0.011673151750972763
0 0.5719602977667494 0.24124513618677043 0.03225806451612903 0.023346303501945526
0 0.9292803970223326 0.259727626459144 0.141439205955335 0.42996108949416345
0 0.7344913151364765 0.03988326848249027 0.004962779156327543 0.0019455252918287938
0 0.4652605459057072 0.4377431906614786 0.9305210918114144 0.8754863813229572
