0 0.46584699453551914 0.992 0.02459016393442623 0.016
0 0.5314207650273224 0.978 0.00273224043715847 0.004
0 0.5095628415300546 0.962 0.00273224043715847 0.004
0 0.4562841530054645 0.962 0.00546448087431694 0.012
0 0.45901639344262296 0.924 0.01092896174863388 0.024
0 0.34562841530054644 0.946 0.02459016393442623 0.068
0 0.29508196721311475 0.942 0.0546448087431694 0.076
0 0.23224043715846995 0.94 0.0273224043715847 0.072
0 0.5068306010928961 0.444 0.9863387978142076 0.792
0 0.5191256830601093 0.002 0.02185792349726776 0.004
0 0.4781420765027322 0.004 0.03825136612021858 0.008
