0 0.5447019867549668 0.9957264957264957 0.029801324503311258 0.008547008547008548
0 0.46771523178807944 0.9957264957264957 0.014900662251655629 0.008547008547008548
0 0.4337748344370861 0.9948717948717949 0.033112582781456956 0.010256410256410256
0 0.396523178807947 0.9948717948717949 0.018211920529801324 0.010256410256410256
0 0.6208609271523179 0.9905982905982906 0.009933774834437087 0.018803418803418803
0 0.3650662251655629 0.9905982905982906 0.018211920529801324 0.018803418803418803
0 0.4329470198675497 0.9794871794871794 0.004966887417218543 0.003418803418803419
0 0.48096026490066224 0.9880341880341881 0.07781456953642384 0.023931623931623933
0 0.4155629139072848 0.9786324786324786 0.019867549668874173 0.005128205128205128
0 0.011589403973509934 0.6871794871794872 0.006622516556291391 0.003418803418803419
0 0.014072847682119206 0.6623931623931624 0.028145695364238412 0.005128205128205128
0 0.014900662251655629 0.6427350427350428 0.029801324503311258 0.010256410256410256
0 0.5397350993377483 0.017094017094017096 0.006622516556291391 0.006837606837606838
0 0.5769867549668874 0.013675213675213675 0.018211920529801324 0.013675213675213675
0 0.6134105960264901 0.01452991452991453 0.03145695364238411 0.02905982905982906
0 0.5695364238410596 0.0017094017094017094 0.006622516556291391 0.003418803418803419
0 0.5538079470198676 0.010256410256410256 0.011589403973509934 0.020512820512820513
0 0.5389072847682119 0.0017094017094017094 0.004966887417218543 0.003418803418803419
0 0.4718543046357616 0.008547008547008548 0.006622516556291391 0.017094017094017096
0 0.43625827814569534 0.009401709401709401 0.024834437086092714 0.018803418803418803
0 0.40480132450331124 0.009401709401709401 0.008278145695364239 0.018803418803418803
0 0.5 0.48376068376068376 1.0 0.9675213675213675
