0 0.34538653366583544 0.968978102189781 0.032418952618453865 0.06204379562043796
0 0.4837905236907731 0.9671532846715328 0.08478802992518704 0.06569343065693431
0 0.30174563591022446 0.9671532846715328 0.0199501246882793 0.06569343065693431
0 0.243142144638404 0.9671532846715328 0.04239401496259352 0.06569343065693431
0 0.2256857855361596 0.8959854014598541 0.0024937655860349127 0.0036496350364963502
0 0.9513715710723192 0.4744525547445255 0.09725685785536159 0.7883211678832117
0 0.4451371571072319 0.4726277372262774 0.8902743142144638 0.7992700729927007
0 0.5822942643391521 0.040145985401459854 0.05236907730673317 0.08029197080291971
0 0.4975062344139651 0.03102189781021898 0.08728179551122195 0.06204379562043796
0 0.35785536159601 0.021897810218978103 0.017456359102244388 0.043795620437956206
0 0.2593516209476309 0.025547445255474453 0.0199501246882793 0.051094890510948905
0 0.31296758104738154 0.043795620437956206 0.2718204488778055 0.08759124087591241
