0 0.37557603686635943 0.9856115107913669 0.02304147465437788 0.02877697841726619
0 0.3271889400921659 0.9856115107913669 0.009216589861751152 0.02877697841726619
0 0.26497695852534564 0.9856115107913669 0.02304147465437788 0.02877697841726619
0 0.4815668202764977 0.9712230215827338 0.004608294930875576 0.0035971223021582736
0 0.39055299539170507 0.9514388489208633 0.1313364055299539 0.007194244604316547
0 0.6751152073732719 0.9253597122302158 0.08755760368663594 0.00539568345323741
0 0.576036866359447 0.9253597122302158 0.06451612903225806 0.00539568345323741
0 0.9896313364055299 0.9163669064748201 0.020737327188940093 0.00539568345323741
0 0.9389400921658986 0.9073741007194245 0.002304147465437788 0.0017985611510791368
0 0.9861751152073732 0.9064748201438849 0.027649769585253458 0.007194244604316547
0 0.9896313364055299 0.89568345323741 0.020737327188940093 0.007194244604316547
0 0.988479262672811 0.8848920863309353 0.02304147465437788 0.007194244604316547
0 0.9896313364055299 0.8732014388489209 0.020737327188940093 0.00539568345323741
0 0.880184331797235 0.8723021582733813 0.059907834101382486 0.007194244604316547
0 0.988479262672811 0.8633093525179856 0.02304147465437788 0.007194244604316547
0 0.8859447004608295 0.862410071942446 0.0576036866359447 0.008992805755395683
0 0.9896313364055299 0.8516187050359713 0.020737327188940093 0.00539568345323741
0 0.9896313364055299 0.841726618705036 0.020737327188940093 0.007194244604316547
0 0.881336405529954 0.8462230215827338 0.06682027649769585 0.019784172661870502
0 0.9907834101382489 0.8300359712230215 0.018433179723502304 0.00539568345323741
0 0.8847926267281107 0.829136690647482 0.055299539170506916 0.007194244604316547
0 0.9907834101382489 0.8201438848920863 0.018433179723502304 0.007194244604316547
0 0.8882488479262672 0.8192446043165468 0.052995391705069124 0.008992805755395683
0 0.9907834101382489 0.8084532374100719 0.018433179723502304 0.00539568345323741
0 0.8870967741935484 0.8084532374100719 0.055299539170506916 0.008992805755395683
0 0.9907834101382489 0.7967625899280576 0.018433179723502304 0.007194244604316547
0 0.8847926267281107 0.7976618705035972 0.059907834101382486 0.008992805755395683
0 0.9896313364055299 0.7868705035971223 0.020737327188940093 0.008992805755395683
0 0.4988479262672811 0.8489208633093526 0.8870967741935484 0.15827338129496402
0 0.9124423963133641 0.7598920863309353 0.004608294930875576 0.0017985611510791368
0 0.7453917050691244 0.7580935251798561 0.002304147465437788 0.0017985611510791368
0 0.9896313364055299 0.7643884892086331 0.020737327188940093 0.017985611510791366
0 0.836405529953917 0.7652877697841727 0.16589861751152074 0.019784172661870502
0 0.9896313364055299 0.7491007194244604 0.020737327188940093 0.008992805755395683
0 0.9907834101382489 0.7284172661870504 0.018433179723502304 0.01079136690647482
0 0.9953917050691244 0.7113309352517986 0.009216589861751152 0.0017985611510791368
0 0.881336405529954 0.7113309352517986 0.029953917050691243 0.0017985611510791368
0 0.8087557603686636 0.710431654676259 0.059907834101382486 0.0035971223021582736
0 0.771889400921659 0.710431654676259 0.009216589861751152 0.0035971223021582736
0 0.6705069124423964 0.710431654676259 0.02304147465437788 0.0035971223021582736
0 0.48963133640552997 0.737410071942446 0.8640552995391705 0.0683453237410072
0 0.33640552995391704 0.6951438848920863 0.004608294930875576 0.0017985611510791368
0 0.9907834101382489 0.6942446043165468 0.018433179723502304 0.01079136690647482
0 0.6336405529953917 0.6942446043165468 0.5806451612903226 0.014388489208633094
0 0.9919354838709677 0.6780575539568345 0.016129032258064516 0.007194244604316547
0 0.06682027649769585 0.6564748201438849 0.004608294930875576 0.0035971223021582736
0 0.9907834101382489 0.6510791366906474 0.018433179723502304 0.007194244604316547
0 0.4965437788018433 0.6591726618705036 0.8732718894009217 0.048561151079136694
0 0.9585253456221198 0.6232014388489209 0.018433179723502304 0.008992805755395683
0 0.9504608294930875 0.5989208633093526 0.0069124423963133645 0.01079136690647482
0 0.002304147465437788 0.5872302158273381 0.004608294930875576 0.012589928057553957
0 0.956221198156682 0.5539568345323741 0.009216589861751152 0.025179856115107913
0 0.9700460829493087 0.4631294964028777 0.009216589861751152 0.008992805755395683
0 0.9907834101382489 0.5314748201438849 0.018433179723502304 0.210431654676259
0 0.0069124423963133645 0.420863309352518 0.013824884792626729 0.03597122302158273
0 0.9976958525345622 0.3983812949640288 0.004608294930875576 0.0341726618705036
0 0.02880184331797235 0.3102517985611511 0.0576036866359447 0.008992805755395683
0 0.07949308755760369 0.2607913669064748 0.002304147465437788 0.007194244604316547
0 0.16129032258064516 0.24640287769784172 0.004608294930875576 0.0035971223021582736
0 0.020737327188940093 0.23651079136690648 0.041474654377880185 0.012589928057553957
0 0.5230414746543779 0.368705035971223 0.9262672811059908 0.5359712230215827
0 0.47119815668202764 0.053057553956834536 0.002304147465437788 0.0017985611510791368
0 0.4573732718894009 0.0539568345323741 0.01152073732718894 0.0035971223021582736
0 0.8548387096774194 0.002697841726618705 0.009216589861751152 0.00539568345323741
0 0.8352534562211982 0.01618705035971223 0.020737327188940093 0.03237410071942446
