0 0.5144144144144144 0.9939393939393939 0.016216216216216217 0.012121212121212121
0 0.46846846846846846 0.9924242424242424 0.02882882882882883 0.015151515151515152
0 0.4306306306306306 0.9924242424242424 0.02882882882882883 0.015151515151515152
0 0.5954954954954955 0.990909090909091 0.012612612612612612 0.01818181818181818
0 0.6189189189189189 0.9893939393939394 0.03063063063063063 0.021212121212121213
0 0.4765765765765766 0.9803030303030303 0.2036036036036036 0.03939393939393939
0 0.6720720720720721 0.9787878787878788 0.010810810810810811 0.04242424242424243
0 0.6954954954954955 0.9772727272727273 0.018018018018018018 0.045454545454545456
0 0.8648648648648649 0.8863636363636364 0.021621621621621623 0.03333333333333333
0 0.8144144144144144 0.8833333333333333 0.05045045045045045 0.051515151515151514
0 0.6216216216216216 0.02878787878787879 0.0036036036036036037 0.00909090909090909
0 0.5891891891891892 0.04393939393939394 0.06126126126126126 0.07575757575757576
0 0.4018018018018018 0.03636363636363636 0.032432432432432434 0.06060606060606061
0 0.9900900900900901 0.016666666666666666 0.01981981981981982 0.03333333333333333
0 0.6018018018018018 0.02727272727272727 0.021621621621621623 0.05454545454545454
0 0.5846846846846847 0.00909090909090909 0.01981981981981982 0.01818181818181818
0 0.5054054054054054 0.4666666666666667 0.9891891891891892 0.9333333333333333
