0 0.7055702917771883 0.9457364341085271 0.04774535809018567 0.05426356589147287
0 0.6962864721485411 0.9031007751937985 0.007957559681697613 0.007751937984496124
0 0.43103448275862066 0.939922480620155 0.04509283819628647 0.08139534883720931
0 0.5424403183023873 0.9341085271317829 0.029177718832891247 0.07751937984496124
0 0.48673740053050396 0.936046511627907 0.04509283819628647 0.08139534883720931
0 0.7214854111405835 0.8953488372093024 0.015915119363395226 0.015503875968992248
0 0.6684350132625995 0.9302325581395349 0.04774535809018567 0.10077519379844961
0 0.6830238726790451 0.8817829457364341 0.007957559681697613 0.011627906976744186
0 0.025198938992042442 0.8197674418604651 0.034482758620689655 0.050387596899224806
0 0.017241379310344827 0.7848837209302325 0.002652519893899204 0.003875968992248062
0 0.01856763925729443 0.7635658914728682 0.005305039787798408 0.007751937984496124
0 0.01856763925729443 0.7403100775193798 0.005305039787798408 0.007751937984496124
0 0.001326259946949602 0.7383720930232558 0.002652519893899204 0.003875968992248062
0 0.001326259946949602 0.7189922480620154 0.002652519893899204 0.003875968992248062
0 0.013262599469496022 0.5910852713178295 0.026525198938992044 0.26744186046511625
0 0.023872679045092837 0.42248062015503873 0.04774535809018567 0.031007751937984496
0 0.025198938992042442 0.38372093023255816 0.050397877984084884 0.031007751937984496
0 0.3196286472148541 0.3507751937984496 0.002652519893899204 0.003875968992248062
0 0.3076923076923077 0.3507751937984496 0.010610079575596816 0.003875968992248062
0 0.023872679045092837 0.3488372093023256 0.04774535809018567 0.015503875968992248
0 0.026525198938992044 0.3178294573643411 0.05305039787798409 0.031007751937984496
0 0.029177718832891247 0.2713178294573643 0.058355437665782495 0.046511627906976744
0 0.03050397877984085 0.14147286821705427 0.0610079575596817 0.18992248062015504
0 0.5344827586206896 0.5193798449612403 0.8992042440318302 0.9612403100775194
0 0.6618037135278515 0.001937984496124031 0.03978779840848806 0.003875968992248062
0 0.5716180371352785 0.001937984496124031 0.07692307692307693 0.003875968992248062
0 0.473474801061008 0.001937984496124031 0.09283819628647215 0.003875968992248062
