0 0.5931208053691275 0.995674740484429 0.008389261744966443 0.00865051903114187
0 0.4672818791946309 0.9939446366782007 0.031879194630872486 0.012110726643598616
0 0.4286912751677852 0.9939446366782007 0.018456375838926176 0.012110726643598616
0 0.5008389261744967 0.9930795847750865 0.018456375838926176 0.01384083044982699
0 0.5679530201342282 0.990484429065744 0.008389261744966443 0.01903114186851211
0 0.5830536912751678 0.9809688581314879 0.01174496644295302 0.006920415224913495
0 0.3766778523489933 0.5147058823529411 0.03859060402684564 0.039792387543252594
0 0.36073825503355705 0.4913494809688581 0.013422818791946308 0.01384083044982699
0 0.45553691275167785 0.44982698961937717 0.02181208053691275 0.03806228373702422
0 0.4312080536912752 0.4420415224913495 0.013422818791946308 0.025951557093425604
0 0.25083892617449666 0.4420415224913495 0.16946308724832215 0.11937716262975778
0 0.5134228187919463 0.3365051903114187 0.006711409395973154 0.005190311418685121
0 0.05620805369127517 0.3226643598615917 0.0050335570469798654 0.0017301038062283738
0 0.028523489932885907 0.34256055363321797 0.02348993288590604 0.04498269896193772
0 0.07046979865771812 0.31314878892733566 0.003355704697986577 0.0034602076124567475
0 0.0436241610738255 0.31228373702422146 0.03691275167785235 0.005190311418685121
0 0.45805369127516776 0.26124567474048443 0.050335570469798654 0.006920415224913495
0 0.1098993288590604 0.23442906574394465 0.0050335570469798654 0.005190311418685121
0 0.45553691275167785 0.2370242214532872 0.0587248322147651 0.01384083044982699
0 0.4412751677852349 0.22577854671280276 0.026845637583892617 0.005190311418685121
0 0.1174496644295302 0.22404844290657439 0.006711409395973154 0.005190311418685121
0 0.0008389261744966443 0.2179930795847751 0.0016778523489932886 0.0034602076124567475
0 0.11493288590604027 0.21366782006920415 0.015100671140939598 0.00865051903114187
0 0.14848993288590603 0.20674740484429066 0.0050335570469798654 0.01903114186851211
0 0.4563758389261745 0.2041522491349481 0.06040268456375839 0.031141868512110725
0 0.11409395973154363 0.18858131487889274 0.010067114093959731 0.006920415224913495
0 0.3808724832214765 0.1903114186851211 0.013422818791946308 0.01384083044982699
0 0.6518456375838926 0.010380622837370242 0.008389261744966443 0.020761245674740483
0 0.6325503355704698 0.01124567474048443 0.006711409395973154 0.02249134948096886
0 0.6057046979865772 0.006055363321799308 0.013422818791946308 0.012110726643598616
0 0.5822147651006712 0.007785467128027681 0.006711409395973154 0.015570934256055362
0 0.49916107382550334 0.006055363321799308 0.0050335570469798654 0.012110726643598616
0 0.462248322147651 0.007785467128027681 0.025167785234899327 0.015570934256055362
0 0.4312080536912752 0.007785467128027681 0.006711409395973154 0.015570934256055362
0 0.5 0.47664359861591693 1.0 0.9532871972318339
