0 0.5496083550913838 0.9789272030651341 0.028720626631853787 0.0421455938697318
0 0.660574412532637 0.9770114942528736 0.02610966057441253 0.04597701149425287
0 0.5039164490861618 0.9770114942528736 0.020887728459530026 0.04597701149425287
0 0.44386422976501305 0.9770114942528736 0.057441253263707574 0.04597701149425287
0 0.7023498694516971 0.975095785440613 0.06266318537859007 0.04980842911877394
0 0.6866840731070496 0.9559386973180076 0.010443864229765013 0.011494252873563218
0 0.057441253263707574 0.7854406130268199 0.015665796344647518 0.022988505747126436
0 0.0587467362924282 0.7452107279693486 0.0026109660574412533 0.011494252873563218
0 0.005221932114882507 0.6609195402298851 0.010443864229765013 0.011494252873563218
0 0.0195822454308094 0.6551724137931034 0.007832898172323759 0.01532567049808429
0 0.9921671018276762 0.34099616858237547 0.005221932114882507 0.007662835249042145
0 0.9960835509138382 0.31800766283524906 0.007832898172323759 0.007662835249042145
0 0.5 0.4827586206896552 1.0 0.842911877394636
0 0.7219321148825065 0.01532567049808429 0.007832898172323759 0.01532567049808429
0 0.7689295039164491 0.040229885057471264 0.06005221932114883 0.08045977011494253
0 0.6840731070496083 0.028735632183908046 0.0783289817232376 0.05747126436781609
0 0.5456919060052219 0.017241379310344827 0.015665796344647518 0.034482758620689655
0 0.4608355091383812 0.017241379310344827 0.09138381201044386 0.034482758620689655
0 0.49869451697127937 0.038314176245210725 0.26631853785900783 0.07662835249042145
