0 0.6226993865030674 0.9937163375224417 0.018404907975460124 0.012567324955116697
0 0.49795501022494887 0.992818671454219 0.018404907975460124 0.01436265709156194
0 0.4171779141104294 0.992818671454219 0.016359918200409 0.01436265709156194
0 0.5848670756646217 0.9919210053859964 0.016359918200409 0.01615798922800718
0 0.4703476482617587 0.9919210053859964 0.016359918200409 0.01615798922800718
0 0.0705521472392638 0.7612208258527827 0.03885480572597137 0.04308797127468582
0 0.019427402862985686 0.7612208258527827 0.03885480572597137 0.05385996409335727
0 0.019427402862985686 0.696588868940754 0.026584867075664622 0.017953321364452424
0 0.018404907975460124 0.677737881508079 0.028629856850715747 0.012567324955116697
0 0.8997955010224948 0.25493716337522443 0.02044989775051125 0.03231597845601436
0 0.8619631901840491 0.17863554757630162 0.006134969325153374 0.01615798922800718
0 0.8916155419222904 0.1813285457809695 0.044989775051124746 0.0466786355475763
0 0.5 0.5170556552962298 1.0 0.9658886894075404
