0 0.7541666666666667 0.9959183673469387 0.002777777777777778 0.00816326530612245
0 0.7111111111111111 0.9959183673469387 0.005555555555555556 0.00816326530612245
0 0.03194444444444444 0.1673469387755102 0.05277777777777778 0.05714285714285714
0 0.49583333333333335 0.5102040816326531 0.9916666666666667 0.8326530612244898
0 0.7875 0.05714285714285714 0.008333333333333333 0.0163265306122449
0 0.8194444444444444 0.0326530612244898 0.022222222222222223 0.0653061224489796
0 0.7222222222222222 0.024489795918367346 0.07777777777777778 0.04897959183673469
0 0.575 0.012244897959183673 0.011111111111111112 0.024489795918367346
0 0.5069444444444444 0.024489795918367346 0.019444444444444445 0.04897959183673469
0 0.4652777777777778 0.02040816326530612 0.030555555555555555 0.04081632653061224
0 0.5305555555555556 0.04693877551020408 0.2611111111111111 0.09387755102040816
