0 0.6154970760233918 0.9728682170542635 0.02631578947368421 0.023255813953488372
0 0.5818713450292398 0.9612403100775194 0.0935672514619883 0.05426356589147287
0 0.47076023391812866 0.9583333333333334 0.47953216374269003 0.08333333333333333
0 0.40350877192982454 0.9108527131782945 0.04093567251461988 0.007751937984496124
0 0.007309941520467836 0.8672480620155039 0.014619883040935672 0.005813953488372093
0 0.08187134502923976 0.7955426356589147 0.017543859649122806 0.005813953488372093
0 0.43128654970760233 0.7906976744186046 0.02046783625730994 0.007751937984496124
0 0.42543859649122806 0.7655038759689923 0.014619883040935672 0.003875968992248062
0 0.4502923976608187 0.7451550387596899 0.005847953216374269 0.001937984496124031
0 0.4166666666666667 0.7257751937984496 0.0029239766081871343 0.001937984496124031
0 0.4473684210526316 0.7257751937984496 0.03508771929824561 0.005813953488372093
0 0.5263157894736842 0.7228682170542635 0.023391812865497075 0.003875968992248062
0 0.49122807017543857 0.7238372093023255 0.011695906432748537 0.005813953488372093
0 0.5 0.7025193798449613 0.011695906432748537 0.005813953488372093
0 0.4473684210526316 0.7044573643410853 0.04678362573099415 0.009689922480620155
0 0.577485380116959 0.6996124031007752 0.008771929824561403 0.003875968992248062
0 0.5307017543859649 0.7005813953488372 0.03216374269005848 0.005813953488372093
0 0.7309941520467836 0.8032945736434108 0.5380116959064327 0.21511627906976744
0 0.6067251461988304 0.6986434108527132 0.02046783625730994 0.005813953488372093
0 0.5760233918128655 0.7897286821705426 0.43859649122807015 0.20736434108527133
0 0.8201754385964912 0.6734496124031008 0.09649122807017543 0.03682170542635659
0 0.4605263157894737 0.6734496124031008 0.07309941520467836 0.044573643410852716
0 0.04093567251461988 0.6482558139534884 0.011695906432748537 0.013565891472868217
0 0.7368421052631579 0.6463178294573644 0.011695906432748537 0.025193798449612403
0 0.8157894736842105 0.6346899224806202 0.005847953216374269 0.005813953488372093
0 0.5394736842105263 0.6589147286821705 0.07309941520467836 0.06201550387596899
0 0.6096491228070176 0.6463178294573644 0.07894736842105263 0.08333333333333333
0 0.8464912280701754 0.5998062015503876 0.0029239766081871343 0.001937984496124031
0 0.8201754385964912 0.6094961240310077 0.008771929824561403 0.02131782945736434
0 0.7748538011695907 0.623062015503876 0.029239766081871343 0.0562015503875969
0 0.7222222222222222 0.5930232558139535 0.005847953216374269 0.003875968992248062
0 0.10380116959064327 0.688953488372093 0.09649122807017543 0.19573643410852712
0 0.7456140350877193 0.6075581395348837 0.023391812865497075 0.040697674418604654
0 0.847953216374269 0.5891472868217055 0.005847953216374269 0.007751937984496124
0 0.6842105263157895 0.6337209302325582 0.07017543859649122 0.10077519379844961
0 0.3216374269005848 0.749031007751938 0.6023391812865497 0.3391472868217054
0 0.8581871345029239 0.5813953488372093 0.008771929824561403 0.007751937984496124
0 0.9897660818713451 0.626937984496124 0.02046783625730994 0.11046511627906977
0 0.9532163742690059 0.6298449612403101 0.029239766081871343 0.11627906976744186
0 0.9137426900584795 0.6405038759689923 0.03216374269005848 0.1375968992248062
0 0.10818713450292397 0.5726744186046512 0.08771929824561403 0.005813953488372093
0 0.7017543859649122 0.562984496124031 0.023391812865497075 0.005813953488372093
0 0.8581871345029239 0.5591085271317829 0.0029239766081871343 0.001937984496124031
0 0.77046783625731 0.560077519379845 0.014619883040935672 0.003875968992248062
0 0.9195906432748538 0.5591085271317829 0.02631578947368421 0.009689922480620155
0 0.956140350877193 0.5571705426356589 0.023391812865497075 0.009689922480620155
0 0.9897660818713451 0.5562015503875969 0.02046783625730994 0.011627906976744186
0 0.0935672514619883 0.5523255813953488 0.04093567251461988 0.003875968992248062
0 0.8435672514619883 0.5387596899224806 0.008771929824561403 0.003875968992248062
0 0.7280701754385965 0.5406976744186046 0.017543859649122806 0.007751937984496124
0 0.10818713450292397 0.5339147286821705 0.005847953216374269 0.001937984496124031
0 0.07602339181286549 0.5339147286821705 0.005847953216374269 0.001937984496124031
0 0.9926900584795322 0.5348837209302325 0.014619883040935672 0.007751937984496124
0 0.9254385964912281 0.5368217054263565 0.02631578947368421 0.011627906976744186
0 0.9576023391812866 0.5339147286821705 0.02046783625730994 0.009689922480620155
0 0.9985380116959064 0.5184108527131783 0.0029239766081871343 0.001937984496124031
0 0.10087719298245613 0.5164728682170543 0.038011695906432746 0.001937984496124031
0 0.9342105263157895 0.5048449612403101 0.008771929824561403 0.001937984496124031
0 0.9970760233918129 0.5038759689922481 0.005847953216374269 0.003875968992248062
0 0.9692982456140351 0.5038759689922481 0.014619883040935672 0.003875968992248062
0 0.10087719298245613 0.499031007751938 0.06725146198830409 0.005813953488372093
0 0.9488304093567251 0.4893410852713178 0.014619883040935672 0.005813953488372093
0 0.8801169590643275 0.4903100775193798 0.08187134502923976 0.007751937984496124
0 0.9809941520467836 0.4893410852713178 0.038011695906432746 0.009689922480620155
0 0.10380116959064327 0.47771317829457366 0.09064327485380116 0.005813953488372093
0 0.9941520467836257 0.4680232558139535 0.011695906432748537 0.005813953488372093
0 0.06725146198830409 0.312984496124031 0.029239766081871343 0.02131782945736434
0 0.11695906432748537 0.3808139534883721 0.1286549707602339 0.16085271317829458
0 0.12573099415204678 0.15213178294573643 0.005847953216374269 0.001937984496124031
0 0.5233918128654971 0.11434108527131782 0.005847953216374269 0.003875968992248062
0 0.4868421052631579 0.10562015503875968 0.014619883040935672 0.009689922480620155
0 0.7777777777777778 0.10465116279069768 0.017543859649122806 0.011627906976744186
0 0.3333333333333333 0.0872093023255814 0.005847953216374269 0.003875968992248062
0 0.5219298245614035 0.07655038759689922 0.008771929824561403 0.005813953488372093
0 0.5467836257309941 0.07073643410852713 0.011695906432748537 0.009689922480620155
0 0.7631578947368421 0.09496124031007752 0.47368421052631576 0.06201550387596899
0 0.5 0.08236434108527131 0.04678362573099415 0.03682170542635659
0 0.5847953216374269 0.04748062015503876 0.05263157894736842 0.001937984496124031
0 0.19883040935672514 0.09011627906976744 0.3157894736842105 0.11434108527131782
0 0.6096491228070176 0.02810077519379845 0.02631578947368421 0.02131782945736434
0 0.6198830409356725 0.009689922480620155 0.011695906432748537 0.007751937984496124
0 0.6695906432748538 0.02616279069767442 0.07017543859649122 0.05232558139534884
0 0.5730994152046783 0.0009689922480620155 0.005847953216374269 0.001937984496124031
0 0.5657894736842105 0.01937984496124031 0.07309941520467836 0.03875968992248062
0 0.42543859649122806 0.013565891472868217 0.03216374269005848 0.027131782945736434
0 0.31140350877192985 0.011627906976744186 0.02046783625730994 0.023255813953488372
0 0.37719298245614036 0.02422480620155039 0.30994152046783624 0.04844961240310078
