0 0.38365650969529086 0.9816849816849816 0.04709141274238227 0.03663003663003663
0 0.4916897506925208 0.9807692307692307 0.030470914127423823 0.038461538461538464
0 0.44321329639889195 0.9807692307692307 0.060941828254847646 0.038461538461538464
0 0.6385041551246537 0.9752747252747253 0.09141274238227147 0.04945054945054945
0 0.6648199445983379 0.9404761904761905 0.01662049861495845 0.0018315018315018315
0 0.44598337950138506 0.9697802197802198 0.28254847645429365 0.06043956043956044
0 0.7202216066481995 0.9688644688644689 0.07202216066481995 0.06227106227106227
0 0.8933518005540166 0.8727106227106227 0.002770083102493075 0.0018315018315018315
0 0.9473684210526315 0.8653846153846154 0.10526315789473684 0.10805860805860806
0 0.9473684210526315 0.8031135531135531 0.01662049861495845 0.005494505494505495
0 0.0664819944598338 0.7866300366300366 0.00554016620498615 0.0018315018315018315
0 0.9944598337950139 0.7866300366300366 0.0110803324099723 0.005494505494505495
0 0.29362880886426596 0.8562271062271062 0.5872576177285319 0.1446886446886447
0 0.592797783933518 0.7793040293040293 0.00554016620498615 0.0018315018315018315
0 0.5789473684210527 0.7793040293040293 0.0110803324099723 0.0018315018315018315
0 0.9487534626038782 0.7774725274725275 0.008310249307479225 0.0018315018315018315
0 0.6551246537396122 0.7783882783882784 0.030470914127423823 0.003663003663003663
0 0.9916897506925207 0.7774725274725275 0.01662049861495845 0.005494505494505495
0 0.7229916897506925 0.7701465201465202 0.00554016620498615 0.0018315018315018315
0 0.6772853185595568 0.7701465201465202 0.013850415512465374 0.0018315018315018315
0 0.8005540166204986 0.7692307692307693 0.0443213296398892 0.003663003663003663
0 0.9944598337950139 0.7683150183150184 0.0110803324099723 0.005494505494505495
0 0.01662049861495845 0.7783882783882784 0.0332409972299169 0.02564102564102564
0 0.9875346260387812 0.760989010989011 0.024930747922437674 0.005494505494505495
0 0.4265927977839335 0.7701465201465202 0.07202216066481995 0.023809523809523808
0 0.4667590027700831 0.7518315018315018 0.002770083102493075 0.0018315018315018315
0 0.407202216066482 0.7527472527472527 0.00554016620498615 0.003663003663003663
0 0.9182825484764543 0.7554945054945055 0.06925207756232687 0.016483516483516484
0 0.9279778393351801 0.7426739926739927 0.0110803324099723 0.0018315018315018315
0 0.3268698060941828 0.7426739926739927 0.00554016620498615 0.0018315018315018315
0 0.44182825484764543 0.7426739926739927 0.024930747922437674 0.005494505494505495
0 0.013850415512465374 0.7408424908424909 0.01662049861495845 0.005494505494505495
0 0.0110803324099723 0.7326007326007326 0.01662049861495845 0.003663003663003663
0 0.9792243767313019 0.7362637362637363 0.04155124653739612 0.014652014652014652
0 0.425207756232687 0.7298534798534798 0.06925207756232687 0.016483516483516484
0 0.4002770083102493 0.7243589743589743 0.019390581717451522 0.005494505494505495
0 0.9709141274238227 0.7234432234432234 0.05817174515235457 0.007326007326007326
0 0.9238227146814404 0.7216117216117216 0.008310249307479225 0.003663003663003663
0 0.34349030470914127 0.7225274725274725 0.0110803324099723 0.005494505494505495
0 0.3767313019390582 0.7152014652014652 0.00554016620498615 0.0018315018315018315
0 0.628808864265928 0.7133699633699634 0.0110803324099723 0.0018315018315018315
0 0.4307479224376731 0.7142857142857143 0.008310249307479225 0.003663003663003663
0 0.3476454293628809 0.7152014652014652 0.013850415512465374 0.005494505494505495
0 0.11357340720221606 0.7142857142857143 0.0221606648199446 0.003663003663003663
0 0.4085872576177285 0.7042124542124543 0.008310249307479225 0.0018315018315018315
0 0.6869806094182825 0.7023809523809523 0.01662049861495845 0.0018315018315018315
0 0.6606648199445984 0.7032967032967034 0.024930747922437674 0.003663003663003663
0 0.3739612188365651 0.7032967032967034 0.0110803324099723 0.003663003663003663
0 0.35041551246537395 0.7032967032967034 0.024930747922437674 0.003663003663003663
0 0.12465373961218837 0.7023809523809523 0.01662049861495845 0.005494505494505495
0 0.04293628808864266 0.7078754578754579 0.08587257617728532 0.016483516483516484
0 0.4113573407202216 0.6932234432234432 0.013850415512465374 0.005494505494505495
0 0.06786703601108034 0.6968864468864469 0.13573407202216067 0.020146520146520148
0 0.3490304709141274 0.6877289377289377 0.08310249307479224 0.016483516483516484
0 0.08725761772853186 0.6822344322344323 0.019390581717451522 0.005494505494505495
0 0.19390581717451524 0.6703296703296703 0.0110803324099723 0.003663003663003663
0 0.3448753462603878 0.6703296703296703 0.030470914127423823 0.007326007326007326
0 0.4099722991689751 0.6565934065934066 0.00554016620498615 0.005494505494505495
0 0.4709141274238227 0.5815018315018315 0.01662049861495845 0.005494505494505495
0 0.6052631578947368 0.5641025641025641 0.024930747922437674 0.003663003663003663
0 0.4889196675900277 0.5641025641025641 0.030470914127423823 0.003663003663003663
0 0.4182825484764543 0.565018315018315 0.01662049861495845 0.005494505494505495
0 0.5609418282548476 0.554945054945055 0.008310249307479225 0.003663003663003663
0 0.3476454293628809 0.5558608058608059 0.05817174515235457 0.016483516483516484
0 0.5332409972299169 0.5384615384615384 0.019390581717451522 0.007326007326007326
0 0.8005540166204986 0.5293040293040293 0.00554016620498615 0.003663003663003663
0 0.518005540166205 0.5283882783882784 0.00554016620498615 0.0018315018315018315
0 0.5623268698060941 0.5293040293040293 0.0221606648199446 0.007326007326007326
0 0.5415512465373962 0.5183150183150184 0.019390581717451522 0.003663003663003663
0 0.389196675900277 0.5009157509157509 0.008310249307479225 0.005494505494505495
0 0.16481994459833796 0.45604395604395603 0.019390581717451522 0.003663003663003663
0 0.14958448753462603 0.4551282051282051 0.00554016620498615 0.0018315018315018315
0 0.1149584487534626 0.45604395604395603 0.024930747922437674 0.003663003663003663
0 0.12326869806094183 0.4368131868131868 0.019390581717451522 0.0018315018315018315
0 0.8116343490304709 0.2802197802197802 0.01662049861495845 0.003663003663003663
0 0.12188365650969529 0.2802197802197802 0.038781163434903045 0.003663003663003663
0 0.9141274238227147 0.28113553113553114 0.17174515235457063 0.009157509157509158
0 0.027700831024930747 0.2793040293040293 0.055401662049861494 0.005494505494505495
0 0.5 0.5054945054945055 1.0 0.46153846153846156
0 0.8088642659279779 0.26373626373626374 0.00554016620498615 0.003663003663003663
0 0.4515235457063712 0.26282051282051283 0.0110803324099723 0.0018315018315018315
0 0.38365650969529086 0.26373626373626374 0.008310249307479225 0.003663003663003663
0 0.9168975069252078 0.26373626373626374 0.16620498614958448 0.007326007326007326
0 0.5290858725761773 0.26373626373626374 0.12742382271468145 0.007326007326007326
0 0.3074792243767313 0.26465201465201466 0.13850415512465375 0.009157509157509158
0 0.9833795013850416 0.2490842490842491 0.0332409972299169 0.003663003663003663
0 0.8462603878116344 0.24816849816849818 0.002770083102493075 0.0018315018315018315
0 0.909972299168975 0.24816849816849818 0.10249307479224377 0.005494505494505495
0 0.5235457063711911 0.2490842490842491 0.08310249307479224 0.007326007326007326
0 0.30886426592797783 0.24816849816849818 0.11911357340720222 0.009157509157509158
0 0.9182825484764543 0.2326007326007326 0.1634349030470914 0.007326007326007326
0 0.10526315789473684 0.22985347985347984 0.00554016620498615 0.0018315018315018315
0 0.5263157894736842 0.2316849816849817 0.04986149584487535 0.009157509157509158
0 0.036011080332409975 0.22893772893772893 0.01662049861495845 0.003663003663003663
0 0.9764542936288089 0.22252747252747251 0.002770083102493075 0.0018315018315018315
0 0.9916897506925207 0.2216117216117216 0.01662049861495845 0.003663003663003663
0 0.9335180055401662 0.2216117216117216 0.055401662049861494 0.003663003663003663
0 0.8753462603878116 0.2216117216117216 0.00554016620498615 0.003663003663003663
0 0.5152354570637119 0.2216117216117216 0.0110803324099723 0.003663003663003663
0 0.31301939058171746 0.2261904761904762 0.08310249307479224 0.020146520146520148
0 0.997229916897507 0.21153846153846154 0.00554016620498615 0.0018315018315018315
0 0.9515235457063712 0.21153846153846154 0.002770083102493075 0.0018315018315018315
0 0.8836565096952909 0.21153846153846154 0.00554016620498615 0.0018315018315018315
0 0.9196675900277008 0.21062271062271062 0.00554016620498615 0.003663003663003663
0 0.3379501385041551 0.21153846153846154 0.01662049861495845 0.005494505494505495
0 0.9847645429362881 0.20054945054945056 0.008310249307479225 0.0018315018315018315
0 0.9155124653739612 0.20054945054945056 0.08587257617728532 0.005494505494505495
0 0.9376731301939059 0.19047619047619047 0.013850415512465374 0.003663003663003663
0 0.9196675900277008 0.18956043956043955 0.00554016620498615 0.0018315018315018315
0 0.9986149584487535 0.17857142857142858 0.002770083102493075 0.0018315018315018315
0 0.9806094182825484 0.17857142857142858 0.00554016620498615 0.0018315018315018315
0 0.9044321329639889 0.1794871794871795 0.14127423822714683 0.007326007326007326
0 0.8698060941828255 0.1684981684981685 0.01662049861495845 0.003663003663003663
0 0.9321329639889196 0.16758241758241757 0.07479224376731301 0.005494505494505495
0 0.997229916897507 0.15842490842490842 0.00554016620498615 0.0018315018315018315
0 0.3268698060941828 0.1382783882783883 0.0110803324099723 0.009157509157509158
0 0.4307479224376731 0.14102564102564102 0.18559556786703602 0.040293040293040296
0 0.2756232686980609 0.0989010989010989 0.013850415512465374 0.01098901098901099
0 0.2562326869806094 0.10164835164835165 0.008310249307479225 0.016483516483516484
0 0.3047091412742382 0.06318681318681318 0.0110803324099723 0.009157509157509158
0 0.6523545706371191 0.05860805860805861 0.008310249307479225 0.003663003663003663
0 0.610803324099723 0.06318681318681318 0.036011080332409975 0.01282051282051282
0 0.5623268698060941 0.06135531135531135 0.0110803324099723 0.009157509157509158
0 0.868421052631579 0.10622710622710622 0.2631578947368421 0.11355311355311355
0 0.14681440443213298 0.09340659340659341 0.29362880886426596 0.10622710622710622
0 0.6759002770083102 0.015567765567765568 0.0110803324099723 0.005494505494505495
0 0.6606648199445984 0.011904761904761904 0.008310249307479225 0.009157509157509158
0 0.6939058171745153 0.008241758241758242 0.013850415512465374 0.005494505494505495
0 0.7742382271468145 0.015567765567765568 0.05263157894736842 0.031135531135531136
0 0.5401662049861495 0.004578754578754579 0.0110803324099723 0.009157509157509158
0 0.4889196675900277 0.004578754578754579 0.05263157894736842 0.009157509157509158
0 0.4265927977839335 0.003663003663003663 0.038781163434903045 0.007326007326007326
0 0.48753462603878117 0.014652014652014652 0.28254847645429365 0.029304029304029304
