0 0.35694444444444445 0.9981684981684982 0.019444444444444445 0.003663003663003663
0 0.6236111111111111 0.9972527472527473 0.013888888888888888 0.005494505494505495
0 0.4166666666666667 0.9972527472527473 0.016666666666666666 0.005494505494505495
0 0.46944444444444444 0.9963369963369964 0.016666666666666666 0.007326007326007326
0 0.5819444444444445 0.9935897435897436 0.019444444444444445 0.01282051282051282
0 0.6458333333333334 0.9908424908424909 0.019444444444444445 0.014652014652014652
0 0.6027777777777777 0.9871794871794872 0.022222222222222223 0.007326007326007326
0 0.6791666666666667 0.9853479853479854 0.019444444444444445 0.029304029304029304
0 0.41805555555555557 0.9853479853479854 0.275 0.029304029304029304
0 0.7138888888888889 0.9844322344322345 0.03333333333333333 0.031135531135531136
0 0.7319444444444444 0.9523809523809523 0.013888888888888888 0.01098901098901099
0 0.7083333333333334 0.934981684981685 0.022222222222222223 0.01282051282051282
0 0.30277777777777776 0.9001831501831502 0.6055555555555555 0.11538461538461539
0 0.011111111111111112 0.847985347985348 0.022222222222222223 0.02197802197802198
0 0.6694444444444444 0.8333333333333334 0.011111111111111112 0.003663003663003663
0 0.5986111111111111 0.8067765567765568 0.008333333333333333 0.0018315018315018315
0 0.5013888888888889 0.7985347985347986 0.030555555555555555 0.003663003663003663
0 0.4305555555555556 0.7490842490842491 0.022222222222222223 0.003663003663003663
0 0.42916666666666664 0.7408424908424909 0.03611111111111111 0.009157509157509158
0 0.002777777777777778 0.7371794871794872 0.005555555555555556 0.0018315018315018315
0 0.001388888888888889 0.728021978021978 0.002777777777777778 0.0018315018315018315
0 0.004166666666666667 0.717032967032967 0.008333333333333333 0.005494505494505495
0 0.005555555555555556 0.695054945054945 0.011111111111111112 0.0018315018315018315
0 0.25555555555555554 0.6474358974358975 0.011111111111111112 0.005494505494505495
0 0.31666666666666665 0.6025641025641025 0.05555555555555555 0.007326007326007326
0 0.12916666666666668 0.6373626373626373 0.25833333333333336 0.0989010989010989
0 0.4375 0.5769230769230769 0.013888888888888888 0.003663003663003663
0 0.4652777777777778 0.576007326007326 0.019444444444444445 0.005494505494505495
0 0.20694444444444443 0.5741758241758241 0.013888888888888888 0.005494505494505495
0 0.4777777777777778 0.5695970695970696 0.011111111111111112 0.003663003663003663
0 0.5180555555555556 0.5686813186813187 0.013888888888888888 0.005494505494505495
0 0.20694444444444443 0.5668498168498168 0.019444444444444445 0.005494505494505495
0 0.16666666666666666 0.5695970695970696 0.05 0.014652014652014652
0 0.4986111111111111 0.5503663003663004 0.002777777777777778 0.0018315018315018315
0 0.17083333333333334 0.5531135531135531 0.075 0.014652014652014652
0 0.5152777777777777 0.5402930402930403 0.013888888888888888 0.003663003663003663
0 0.18888888888888888 0.5375457875457875 0.005555555555555556 0.0018315018315018315
0 0.5111111111111111 0.5302197802197802 0.011111111111111112 0.005494505494505495
0 0.14166666666666666 0.5302197802197802 0.10555555555555556 0.009157509157509158
0 0.1638888888888889 0.5082417582417582 0.11666666666666667 0.009157509157509158
0 0.22777777777777777 0.49725274725274726 0.011111111111111112 0.005494505494505495
0 0.17916666666666667 0.49633699633699635 0.019444444444444445 0.003663003663003663
0 0.23194444444444445 0.48717948717948717 0.013888888888888888 0.007326007326007326
0 0.4222222222222222 0.4826007326007326 0.17222222222222222 0.016483516483516484
0 0.17083333333333334 0.4807692307692308 0.075 0.016483516483516484
0 0.020833333333333332 0.37637362637362637 0.041666666666666664 0.13736263736263737
0 0.2152777777777778 0.29120879120879123 0.06944444444444445 0.007326007326007326
0 0.5263888888888889 0.6144688644688645 0.9472222222222222 0.6868131868131868
0 0.5194444444444445 0.27472527472527475 0.12222222222222222 0.007326007326007326
0 0.9944444444444445 0.260989010989011 0.011111111111111112 0.0018315018315018315
0 0.7083333333333334 0.2600732600732601 0.5 0.01098901098901099
0 0.9875 0.2445054945054945 0.025 0.005494505494505495
0 0.2722222222222222 0.24084249084249085 0.05555555555555555 0.005494505494505495
0 0.2833333333333333 0.23076923076923078 0.011111111111111112 0.003663003663003663
0 0.6041666666666666 0.22252747252747251 0.019444444444444445 0.005494505494505495
0 0.5277777777777778 0.2216117216117216 0.08888888888888889 0.007326007326007326
0 0.5569444444444445 0.21062271062271062 0.14722222222222223 0.007326007326007326
0 0.5986111111111111 0.19963369963369965 0.025 0.003663003663003663
0 0.49166666666666664 0.1987179487179487 0.016666666666666666 0.005494505494505495
0 0.5375 0.1987179487179487 0.058333333333333334 0.009157509157509158
0 0.6069444444444444 0.18864468864468864 0.04722222222222222 0.007326007326007326
0 0.525 0.18772893772893773 0.08888888888888889 0.009157509157509158
0 0.6222222222222222 0.17673992673992675 0.005555555555555556 0.0018315018315018315
0 0.5986111111111111 0.17673992673992675 0.013888888888888888 0.005494505494505495
0 0.49583333333333335 0.17673992673992675 0.025 0.005494505494505495
0 0.37777777777777777 0.16575091575091574 0.027777777777777776 0.0018315018315018315
0 0.36944444444444446 0.15018315018315018 0.06666666666666667 0.01098901098901099
0 0.08194444444444444 0.1446886446886447 0.008333333333333333 0.003663003663003663
0 0.11805555555555555 0.12545787545787546 0.002777777777777778 0.0018315018315018315
0 0.07916666666666666 0.12087912087912088 0.041666666666666664 0.02197802197802198
0 0.13472222222222222 0.08699633699633699 0.008333333333333333 0.005494505494505495
0 0.725 0.15567765567765568 0.55 0.19047619047619047
0 0.09305555555555556 0.07875457875457875 0.08055555555555556 0.05128205128205128
0 0.015277777777777777 0.10164835164835165 0.030555555555555555 0.09706959706959707
0 0.6763888888888889 0.018315018315018316 0.008333333333333333 0.003663003663003663
0 0.7583333333333333 0.020146520146520148 0.05 0.040293040293040296
0 0.6736111111111112 0.0027472527472527475 0.019444444444444445 0.005494505494505495
0 0.6305555555555555 0.0018315018315018315 0.005555555555555556 0.003663003663003663
0 0.5236111111111111 0.008241758241758242 0.008333333333333333 0.016483516483516484
0 0.4722222222222222 0.008241758241758242 0.05 0.016483516483516484
0 0.4097222222222222 0.007326007326007326 0.041666666666666664 0.014652014652014652
0 0.4708333333333333 0.019230769230769232 0.275 0.038461538461538464
