0 0.398972602739726 0.9972972972972973 0.010273972602739725 0.005405405405405406
0 0.4803082191780822 0.9963963963963964 0.008561643835616438 0.007207207207207207
0 0.3664383561643836 0.9963963963963964 0.010273972602739725 0.007207207207207207
0 0.3287671232876712 0.9963963963963964 0.0136986301369863 0.007207207207207207
0 0.5 0.9918918918918919 0.00684931506849315 0.005405405405405406
0 0.8878424657534246 0.9297297297297298 0.008561643835616438 0.0036036036036036037
0 0.4914383561643836 0.927027027027027 0.003424657534246575 0.0018018018018018018
0 0.8672945205479452 0.9216216216216216 0.005136986301369863 0.0018018018018018018
0 0.9922945205479452 0.9099099099099099 0.015410958904109588 0.007207207207207207
0 0.9940068493150684 0.9 0.011986301369863013 0.005405405405405406
0 0.9922945205479452 0.8873873873873874 0.015410958904109588 0.009009009009009009
0 0.547945205479452 0.9171171171171171 0.8356164383561644 0.08648648648648649
0 0.9931506849315068 0.8756756756756757 0.0136986301369863 0.007207207207207207
0 0.9563356164383562 0.8756756756756757 0.018835616438356163 0.007207207207207207
0 0.9931506849315068 0.8648648648648649 0.0136986301369863 0.007207207207207207
0 0.9931506849315068 0.8306306306306306 0.0136986301369863 0.010810810810810811
0 0.9606164383561644 0.8297297297297297 0.02054794520547945 0.009009009009009009
0 0.9948630136986302 0.8171171171171171 0.010273972602739725 0.005405405405405406
0 0.9940068493150684 0.8054054054054054 0.011986301369863013 0.007207207207207207
0 0.9948630136986302 0.7936936936936937 0.010273972602739725 0.009009009009009009
0 0.9948630136986302 0.7828828828828829 0.010273972602739725 0.009009009009009009
0 0.9948630136986302 0.7702702702702703 0.010273972602739725 0.009009009009009009
0 0.9948630136986302 0.7558558558558559 0.010273972602739725 0.005405405405405406
0 0.9965753424657534 0.7441441441441441 0.00684931506849315 0.0036036036036036037
0 0.9965753424657534 0.7333333333333333 0.00684931506849315 0.0036036036036036037
0 0.9957191780821918 0.7216216216216216 0.008561643835616438 0.005405405405405406
0 0.9965753424657534 0.7108108108108108 0.00684931506849315 0.005405405405405406
0 0.997431506849315 0.7 0.005136986301369863 0.0018018018018018018
0 0.9982876712328768 0.6693693693693694 0.003424657534246575 0.0018018018018018018
0 0.997431506849315 0.6585585585585586 0.005136986301369863 0.005405405405405406
0 0.9982876712328768 0.6468468468468469 0.003424657534246575 0.0036036036036036037
0 0.997431506849315 0.636936936936937 0.005136986301369863 0.005405405405405406
0 0.0008561643835616438 0.6306306306306306 0.0017123287671232876 0.0036036036036036037
0 0.9991438356164384 0.6252252252252253 0.0017123287671232876 0.0036036036036036037
0 0.9982876712328768 0.6144144144144145 0.003424657534246575 0.0036036036036036037
0 0.003424657534246575 0.6171171171171171 0.00684931506849315 0.016216216216216217
0 0.997431506849315 0.5738738738738739 0.005136986301369863 0.06666666666666667
0 0.0059931506849315065 0.45225225225225224 0.011986301369863013 0.04684684684684685
0 0.5813356164383562 0.36576576576576575 0.005136986301369863 0.0036036036036036037
0 0.5881849315068494 0.35765765765765767 0.0017123287671232876 0.0018018018018018018
0 0.5693493150684932 0.35225225225225226 0.0017123287671232876 0.0018018018018018018
0 0.5582191780821918 0.35225225225225226 0.00684931506849315 0.005405405405405406
0 0.5907534246575342 0.32432432432432434 0.003424657534246575 0.0036036036036036037
0 0.6301369863013698 0.2801801801801802 0.00684931506849315 0.005405405405405406
0 0.019691780821917807 0.2594594594594595 0.039383561643835614 0.025225225225225224
0 0.5111301369863014 0.21171171171171171 0.005136986301369863 0.005405405405405406
0 0.4905821917808219 0.07747747747747748 0.008561643835616438 0.010810810810810811
0 0.5 0.4891891891891892 1.0 0.8846846846846846
0 0.8698630136986302 0.011711711711711712 0.003424657534246575 0.023423423423423424
0 0.026541095890410957 0.013513513513513514 0.046232876712328765 0.02702702702702703
