0 0.5 0.9465174129353234 1.0 0.10696517412935323
0 0.049206349206349205 0.6654228855721394 0.07936507936507936 0.16169154228855723
0 0.12698412698412698 0.5771144278606966 0.031746031746031744 0.05970149253731343
0 0.9873015873015873 0.5796019900497512 0.025396825396825397 0.06965174129353234
0 0.0380952380952381 0.45149253731343286 0.006349206349206349 0.007462686567164179
0 0.10317460317460317 0.39800995024875624 0.009523809523809525 0.004975124378109453
0 0.07142857142857142 0.38308457711442784 0.009523809523809525 0.004975124378109453
0 0.9920634920634921 0.4054726368159204 0.015873015873015872 0.05472636815920398
0 0.953968253968254 0.36691542288557216 0.009523809523809525 0.007462686567164179
0 0.9809523809523809 0.36318407960199006 0.006349206349206349 0.004975124378109453
0 0.9936507936507937 0.22388059701492538 0.012698412698412698 0.029850746268656716
0 0.5 0.45149253731343286 1.0 0.8631840796019901
0 0.6555555555555556 0.004975124378109453 0.04126984126984127 0.009950248756218905
0 0.5285714285714286 0.0037313432835820895 0.009523809523809525 0.007462686567164179
0 0.4746031746031746 0.004975124378109453 0.047619047619047616 0.009950248756218905
0 0.42063492063492064 0.004975124378109453 0.022222222222222223 0.009950248756218905
