0 0.623032904148784 0.9978880675818373 0.001430615164520744 0.004223864836325237
0 0.49141630901287553 0.9963041182682154 0.015736766809728183 0.007391763463569166
0 0.41917024320457796 0.9963041182682154 0.01430615164520744 0.007391763463569166
0 0.5937052932761088 0.9957761351636748 0.008583690987124463 0.008447729672650475
0 0.4492131616595136 0.9957761351636748 0.011444921316165951 0.008447729672650475
0 0.5593705293276109 0.9920802534318902 0.002861230329041488 0.0031678986272439284
0 0.575107296137339 0.9889123548046462 0.005722460658082976 0.0031678986272439284
0 0.6444921316165951 0.9883843717001056 0.010014306151645207 0.023231256599788808
0 0.6244635193133047 0.9778247096092925 0.00715307582260372 0.004223864836325237
0 0.463519313304721 0.9873284054910243 0.1630901287553648 0.025343189017951427
0 0.0407725321888412 0.8569165786694826 0.004291845493562232 0.0010559662090813093
0 0.9721030042918455 0.76610348468849 0.00715307582260372 0.06230200633579725
0 0.00715307582260372 0.7122492080253432 0.005722460658082976 0.0010559662090813093
0 0.002145922746781116 0.7053854276663146 0.004291845493562232 0.0021119324181626186
0 0.0178826895565093 0.6990496304118268 0.00715307582260372 0.0021119324181626186
0 0.005007153075822604 0.6985216473072862 0.010014306151645207 0.0031678986272439284
0 0.00357653791130186 0.6916578669482577 0.00715307582260372 0.0021119324181626186
0 0.023605150214592276 0.6847940865892291 0.001430615164520744 0.0010559662090813093
0 0.005007153075822604 0.6847940865892291 0.010014306151645207 0.005279831045406547
0 0.9699570815450643 0.665258711721225 0.002861230329041488 0.0021119324181626186
0 0.009298998569384835 0.665258711721225 0.01859799713876967 0.004223864836325237
0 0.969241773962804 0.6573389651531151 0.004291845493562232 0.0031678986272439284
0 0.969241773962804 0.6504751847940866 0.004291845493562232 0.004223864836325237
0 0.969241773962804 0.6441393875395988 0.004291845493562232 0.004223864836325237
0 0.9685264663805436 0.6378035902851109 0.002861230329041488 0.0021119324181626186
0 0.5 0.6779303062302007 1.0 0.5617740232312566
0 0.522889842632332 0.38067581837381204 0.012875536480686695 0.0010559662090813093
0 0.5078683834048641 0.38067581837381204 0.008583690987124463 0.0010559662090813093
0 0.5414878397711016 0.3796198521647307 0.01859799713876967 0.0010559662090813093
0 0.8619456366237482 0.35744456177402323 0.0815450643776824 0.024287222808870117
0 0.5 0.31784582893347413 1.0 0.6356916578669483
