0 0.43727598566308246 0.9293785310734464 0.007168458781362007 0.005649717514124294
0 0.9982078853046595 0.9246704331450094 0.0035842293906810036 0.003766478342749529
0 0.024193548387096774 0.9077212806026366 0.01971326164874552 0.007532956685499058
0 0.9973118279569892 0.903954802259887 0.005376344086021506 0.003766478342749529
0 0.02060931899641577 0.8954802259887006 0.012544802867383513 0.005649717514124294
0 0.9973118279569892 0.8926553672316384 0.005376344086021506 0.003766478342749529
0 0.022401433691756272 0.884180790960452 0.012544802867383513 0.005649717514124294
0 0.9982078853046595 0.8804143126177024 0.0035842293906810036 0.0018832391713747645
0 0.9973118279569892 0.8691148775894538 0.005376344086021506 0.0018832391713747645
0 0.025985663082437275 0.8691148775894538 0.016129032258064516 0.02071563088512241
0 0.46863799283154123 0.8502824858757062 0.0017921146953405018 0.0018832391713747645
0 0.026881720430107527 0.8493408662900188 0.007168458781362007 0.007532956685499058
0 0.9973118279569892 0.8455743879472694 0.005376344086021506 0.003766478342749529
0 0.03046594982078853 0.8408662900188324 0.007168458781362007 0.005649717514124294
0 0.03046594982078853 0.8295668549905838 0.007168458781362007 0.009416195856873822
0 0.9973118279569892 0.8229755178907722 0.005376344086021506 0.003766478342749529
0 0.02867383512544803 0.8069679849340866 0.007168458781362007 0.005649717514124294
0 0.9982078853046595 0.8013182674199624 0.0035842293906810036 0.0018832391713747645
0 0.553763440860215 0.7947269303201506 0.007168458781362007 0.003766478342749529
0 0.024193548387096774 0.7900188323917138 0.026881720430107527 0.02071563088512241
0 0.01881720430107527 0.7693032015065914 0.008960573476702509 0.005649717514124294
0 0.9991039426523297 0.748587570621469 0.0017921146953405018 0.0018832391713747645
0 0.024193548387096774 0.7551789077212806 0.01971326164874552 0.018832391713747645
0 0.024193548387096774 0.7203389830508474 0.04838709677419355 0.009416195856873822
0 0.496415770609319 0.8427495291902072 0.967741935483871 0.2768361581920904
0 0.024193548387096774 0.704331450094162 0.016129032258064516 0.011299435028248588
0 0.6057347670250897 0.6516007532956686 0.0035842293906810036 0.003766478342749529
0 0.6093189964157706 0.6412429378531074 0.0035842293906810036 0.0018832391713747645
0 0.026881720430107527 0.6657250470809792 0.025089605734767026 0.054613935969868174
0 0.6146953405017921 0.6308851224105462 0.007168458781362007 0.003766478342749529
0 0.4883512544802867 0.623352165725047 0.012544802867383513 0.007532956685499058
0 0.9991039426523297 0.6139359698681732 0.0017921146953405018 0.007532956685499058
0 0.5277777777777778 0.5922787193973634 0.005376344086021506 0.0018832391713747645
0 0.6245519713261649 0.5988700564971752 0.026881720430107527 0.03766478342749529
0 0.489247311827957 0.576271186440678 0.021505376344086023 0.018832391713747645
0 0.025985663082437275 0.5951035781544256 0.023297491039426525 0.064030131826742
0 0.514336917562724 0.5536723163841808 0.04659498207885305 0.022598870056497175
0 0.022401433691756272 0.5423728813559322 0.008960573476702509 0.015065913370998116
0 0.5734767025089605 0.5781544256120528 0.043010752688172046 0.09792843691148775
0 0.6612903225806451 0.5310734463276836 0.014336917562724014 0.015065913370998116
0 0.5295698924731183 0.5282485875706214 0.06989247311827956 0.013182674199623353
0 0.5232974910394266 0.4736346516007533 0.010752688172043012 0.009416195856873822
0 0.027777777777777776 0.4642184557438795 0.01971326164874552 0.02448210922787194
0 0.5555555555555556 0.4566854990583804 0.053763440860215055 0.02448210922787194
0 0.5654121863799283 0.4284369114877589 0.05913978494623656 0.009416195856873822
0 0.6066308243727598 0.3983050847457627 0.0017921146953405018 0.0018832391713747645
0 0.5878136200716846 0.3785310734463277 0.007168458781362007 0.003766478342749529
0 0.5600358422939068 0.3813559322033898 0.008960573476702509 0.009416195856873822
0 0.02060931899641577 0.3653483992467043 0.008960573476702509 0.007532956685499058
0 0.5949820788530465 0.3615819209039548 0.053763440860215055 0.026365348399246705
0 0.05465949820788531 0.3493408662900188 0.008960573476702509 0.005649717514124294
0 0.6272401433691757 0.3427495291902072 0.021505376344086023 0.018832391713747645
0 0.6164874551971327 0.3116760828625235 0.07885304659498207 0.04331450094161959
0 0.5026881720430108 0.3945386064030132 0.9802867383512545 0.6572504708097928
0 0.8548387096774194 0.02448210922787194 0.007168458781362007 0.04896421845574388
