0 0.5 0.5264797507788161 1.0 0.822429906542056
0 0.5564814814814815 0.08878504672897196 0.016666666666666666 0.01557632398753894
0 0.5407407407407407 0.0778816199376947 0.003703703703703704 0.006230529595015576
0 0.5666666666666667 0.06386292834890965 0.003703703703703704 0.009345794392523364
0 0.5435185185185185 0.03426791277258567 0.005555555555555556 0.006230529595015576
0 0.42685185185185187 0.04984423676012461 0.020370370370370372 0.06230529595015576
0 0.39351851851851855 0.04984423676012461 0.012962962962962963 0.06853582554517133
0 0.35185185185185186 0.04984423676012461 0.040740740740740744 0.06853582554517133
0 0.5203703703703704 0.05451713395638629 0.02962962962962963 0.08411214953271028
0 0.5527777777777778 0.018691588785046728 0.020370370370370372 0.024922118380062305
0 0.5268518518518519 0.012461059190031152 0.016666666666666666 0.012461059190031152
