0 0.5342920353982301 0.993734335839599 0.0420353982300885 0.012531328320802004
0 0.28207964601769914 0.9912280701754386 0.2853982300884956 0.017543859649122806
0 0.014380530973451327 0.981203007518797 0.028761061946902654 0.007518796992481203
0 0.028761061946902654 0.9661654135338346 0.01327433628318584 0.007518796992481203
0 0.00331858407079646 0.9611528822055138 0.00663716814159292 0.007518796992481203
0 0.007743362831858407 0.9461152882205514 0.015486725663716814 0.007518796992481203
0 0.01327433628318584 0.899749373433584 0.004424778761061947 0.005012531328320802
0 0.01327433628318584 0.8696741854636592 0.008849557522123894 0.005012531328320802
0 0.012168141592920354 0.7744360902255639 0.0022123893805309734 0.005012531328320802
0 0.9834070796460177 0.7543859649122807 0.033185840707964605 0.02506265664160401
0 0.9280973451327433 0.7293233082706767 0.015486725663716814 0.010025062656641603
0 0.9247787610619469 0.5 0.02654867256637168 0.44360902255639095
0 0.9701327433628318 0.13909774436090225 0.059734513274336286 0.11278195488721804
0 0.5 0.49373433583959897 1.0 0.9874686716791979
