0 0.5629453681710214 0.9895470383275261 0.004750593824228029 0.006968641114982578
0 0.6258907363420427 0.9860627177700348 0.007125890736342043 0.006968641114982578
0 0.5700712589073634 0.9163763066202091 0.004750593824228029 0.006968641114982578
0 0.5938242280285035 0.9494773519163763 0.047505938242280284 0.08710801393728224
0 0.43942992874109266 0.9390243902439024 0.0332541567695962 0.08013937282229965
0 0.3859857482185273 0.9425087108013938 0.06413301662707839 0.08710801393728224
0 0.32185273159144895 0.9425087108013938 0.04513064133016627 0.08710801393728224
0 0.6187648456057007 0.8972125435540069 0.011876484560570071 0.017421602787456445
0 0.5807600950118765 0.89198606271777 0.007125890736342043 0.006968641114982578
0 0.5522565320665083 0.9390243902439024 0.021377672209026127 0.10104529616724739
0 0.38717339667458434 0.926829268292683 0.2850356294536817 0.14634146341463414
0 0.6745843230403801 0.9233449477351916 0.06175771971496437 0.15331010452961671
0 0.5 0.4337979094076655 1.0 0.7979094076655052
0 0.996437054631829 0.036585365853658534 0.007125890736342043 0.010452961672473868
