0 0.5262645914396887 0.9820359281437125 0.005836575875486381 0.005988023952095809
0 0.4990272373540856 0.9857784431137725 0.06809338521400778 0.02844311377245509
0 0.5622568093385214 0.9805389221556886 0.04669260700389105 0.038922155688622756
0 0.24708171206225682 0.9805389221556886 0.4357976653696498 0.038922155688622756
0 0.13424124513618677 0.9041916167664671 0.0038910505836575876 0.0029940119760479044
0 0.9834630350194552 0.9079341317365269 0.033073929961089495 0.03143712574850299
0 0.16634241245136186 0.8473053892215568 0.005836575875486381 0.0029940119760479044
0 0.02821011673151751 0.8091317365269461 0.005836575875486381 0.0014970059880239522
0 0.13424124513618677 0.8023952095808383 0.007782101167315175 0.0029940119760479044
0 0.026264591439688716 0.8008982035928144 0.009727626459143969 0.0029940119760479044
0 0.16828793774319067 0.7986526946107785 0.005836575875486381 0.0014970059880239522
0 0.032101167315175094 0.7844311377245509 0.013618677042801557 0.0029940119760479044
0 0.188715953307393 0.7664670658682635 0.011673151750972763 0.0029940119760479044
0 0.026264591439688716 0.7672155688622755 0.013618677042801557 0.004491017964071856
0 0.03501945525291829 0.7028443113772455 0.027237354085603113 0.02245508982035928
0 0.9280155642023347 0.6721556886227545 0.007782101167315175 0.005988023952095809
0 0.7791828793774319 0.6661676646706587 0.017509727626459144 0.011976047904191617
0 0.6750972762645915 0.657185628742515 0.007782101167315175 0.005988023952095809
0 0.8735408560311284 0.6362275449101796 0.01556420233463035 0.011976047904191617
0 0.8190661478599222 0.6302395209580839 0.011673151750972763 0.005988023952095809
0 0.9815175097276264 0.6272455089820359 0.005836575875486381 0.005988023952095809
0 0.7976653696498055 0.6152694610778443 0.011673151750972763 0.008982035928143712
0 0.7879377431906615 0.5905688622754491 0.011673151750972763 0.004491017964071856
0 0.9416342412451362 0.5830838323353293 0.0038910505836575876 0.0014970059880239522
0 0.9163424124513618 0.5823353293413174 0.019455252918287938 0.005988023952095809
0 0.8044747081712063 0.5815868263473054 0.021400778210116732 0.004491017964071856
0 0.607976653696498 0.5770958083832335 0.017509727626459144 0.0074850299401197605
0 0.914396887159533 0.5741017964071856 0.011673151750972763 0.004491017964071856
0 0.6293774319066148 0.5688622754491018 0.005836575875486381 0.0029940119760479044
0 0.6653696498054474 0.5598802395209581 0.023346303501945526 0.005988023952095809
0 0.7626459143968871 0.5531437125748503 0.03501945525291829 0.004491017964071856
0 0.6809338521400778 0.5523952095808383 0.07003891050583658 0.005988023952095809
0 0.7480544747081712 0.5449101796407185 0.029182879377431907 0.005988023952095809
0 0.6741245136186771 0.5441616766467066 0.029182879377431907 0.004491017964071856
0 0.7101167315175098 0.5366766467065869 0.08171206225680934 0.0074850299401197605
0 0.6605058365758755 0.5276946107784432 0.029182879377431907 0.004491017964071856
0 0.6809338521400778 0.5052395209580839 0.0038910505836575876 0.0014970059880239522
0 0.7217898832684825 0.4977544910179641 0.0038910505836575876 0.0014970059880239522
0 0.7062256809338522 0.48877245508982037 0.007782101167315175 0.004491017964071856
0 0.7412451361867705 0.30538922155688625 0.45525291828793774 0.014970059880239521
0 0.41147859922178986 0.3001497005988024 0.17704280155642024 0.010479041916167664
0 0.29377431906614787 0.29790419161676646 0.042801556420233464 0.008982035928143712
0 0.8735408560311284 0.2911676646706587 0.19066147859922178 0.010479041916167664
0 0.5505836575875487 0.2866766467065868 0.45136186770428016 0.016467065868263474
0 0.7227626459143969 0.27395209580838326 0.4883268482490272 0.017964071856287425
0 0.16536964980544747 0.25523952095808383 0.0038910505836575876 0.0014970059880239522
0 0.14883268482490272 0.25523952095808383 0.0019455252918287938 0.0014970059880239522
0 0.021400778210116732 0.24176646706586827 0.011673151750972763 0.0014970059880239522
0 0.7402723735408561 0.23802395209580837 0.433852140077821 0.017964071856287425
0 0.35700389105058367 0.19610778443113772 0.013618677042801557 0.0029940119760479044
0 0.5389105058365758 0.18488023952095808 0.007782101167315175 0.0074850299401197605
0 0.5145914396887159 0.11751497005988024 0.005836575875486381 0.01347305389221557
0 0.5972762645914397 0.11077844311377245 0.007782101167315175 0.008982035928143712
0 0.9708171206225681 0.13622754491017963 0.058365758754863814 0.09281437125748503
0 0.5525291828793775 0.0845808383233533 0.011673151750972763 0.010479041916167664
0 0.5262645914396887 0.08308383233532934 0.017509727626459144 0.040419161676646706
0 0.45136186770428016 0.03967065868263473 0.0038910505836575876 0.0014970059880239522
0 0.46400778210116733 0.023952095808383235 0.009727626459143969 0.011976047904191617
0 0.433852140077821 0.020209580838323353 0.007782101167315175 0.0074850299401197605
0 0.4348249027237354 0.006736526946107785 0.005836575875486381 0.0074850299401197605
0 0.5184824902723736 0.030688622754491017 0.048638132295719845 0.061377245508982034
0 0.4698443579766537 0.0007485029940119761 0.0019455252918287938 0.0014970059880239522
0 0.45330739299610895 0.002245508982035928 0.011673151750972763 0.004491017964071856
0 0.3550583657587549 0.012724550898203593 0.017509727626459144 0.025449101796407185
0 0.31712062256809337 0.011976047904191617 0.03501945525291829 0.023952095808383235
0 0.2782101167315175 0.009730538922155689 0.007782101167315175 0.019461077844311378
0 0.5058365758754864 0.47679640718562877 0.9883268482490273 0.9535928143712575
