0 0.6049046321525886 0.9960159362549801 0.005449591280653951 0.00796812749003984
0 0.5708446866485014 0.9960159362549801 0.008174386920980926 0.00796812749003984
0 0.4591280653950954 0.9960159362549801 0.008174386920980926 0.00796812749003984
0 0.4264305177111717 0.9940239043824701 0.008174386920980926 0.01195219123505976
0 0.38419618528610355 0.9920318725099602 0.010899182561307902 0.01593625498007968
0 0.35149863760217986 0.9920318725099602 0.01634877384196185 0.01593625498007968
0 0.3310626702997275 0.9920318725099602 0.013623978201634877 0.01593625498007968
0 0.17983651226158037 0.5358565737051793 0.03814713896457766 0.035856573705179286
0 0.17983651226158037 0.5039840637450199 0.005449591280653951 0.01195219123505976
0 0.19482288828337874 0.50199203187251 0.008174386920980926 0.01593625498007968
0 0.020435967302452316 0.4541832669322709 0.04087193460490463 0.03187250996015936
0 0.01226158038147139 0.41832669322709165 0.02452316076294278 0.03187250996015936
0 0.008174386920980926 0.37250996015936255 0.01634877384196185 0.0199203187250996
0 0.5 0.4800796812749004 1.0 0.8247011952191236
0 0.6485013623978202 0.013944223107569721 0.027247956403269755 0.027888446215139442
0 0.6226158038147139 0.00597609561752988 0.008174386920980926 0.01195219123505976
0 0.6021798365122616 0.02390438247011952 0.043596730245231606 0.04780876494023904
0 0.46866485013623976 0.0099601593625498 0.010899182561307902 0.0199203187250996
0 0.4223433242506812 0.0099601593625498 0.01634877384196185 0.0199203187250996
0 0.3801089918256131 0.00796812749003984 0.02452316076294278 0.01593625498007968
0 0.35149863760217986 0.00796812749003984 0.021798365122615803 0.01593625498007968
