0 0.5382231404958677 0.9984076433121019 0.010330578512396695 0.0031847133757961785
0 0.3522727272727273 0.9920382165605095 0.022727272727272728 0.01592356687898089
0 0.4359504132231405 0.9912420382165605 0.02066115702479339 0.01751592356687898
0 0.5216942148760331 0.9904458598726115 0.014462809917355372 0.01910828025477707
0 0.3987603305785124 0.9904458598726115 0.03305785123966942 0.01910828025477707
0 0.5433884297520661 0.9856687898089171 0.028925619834710745 0.01592356687898089
0 0.5971074380165289 0.98328025477707 0.012396694214876033 0.03343949044585987
0 0.40082644628099173 0.98328025477707 0.2066115702479339 0.03343949044585987
0 0.621900826446281 0.982484076433121 0.02066115702479339 0.03503184713375796
0 0.9586776859504132 0.9235668789808917 0.008264462809917356 0.0031847133757961785
0 0.11363636363636363 0.8535031847133758 0.01652892561983471 0.0031847133757961785
0 0.7799586776859504 0.8455414012738853 0.010330578512396695 0.0031847133757961785
0 0.11260330578512397 0.8447452229299363 0.006198347107438017 0.0015923566878980893
0 0.3378099173553719 0.8431528662420382 0.002066115702479339 0.0015923566878980893
0 0.07128099173553719 0.8487261146496815 0.07644628099173553 0.03821656050955414
0 0.10847107438016529 0.8272292993630573 0.002066115702479339 0.0015923566878980893
0 0.9297520661157025 0.8264331210191083 0.008264462809917356 0.0031847133757961785
0 0.9431818181818182 0.8192675159235668 0.002066115702479339 0.0015923566878980893
0 0.5175619834710744 0.8821656050955414 0.9648760330578512 0.1464968152866242
0 0.8274793388429752 0.8081210191082803 0.006198347107438017 0.0015923566878980893
0 0.878099173553719 0.8065286624203821 0.05371900826446281 0.004777070063694267
0 0.628099173553719 0.7985668789808917 0.004132231404958678 0.0015923566878980893
0 0.5857438016528925 0.8017515923566879 0.0640495867768595 0.011146496815286623
0 0.8646694214876033 0.7929936305732485 0.026859504132231406 0.0031847133757961785
0 0.618801652892562 0.785031847133758 0.014462809917355372 0.0031847133757961785
0 0.5847107438016529 0.785031847133758 0.01652892561983471 0.006369426751592357
0 0.5609504132231405 0.785828025477707 0.022727272727272728 0.007961783439490446
0 0.8326446280991735 0.7794585987261147 0.024793388429752067 0.004777070063694267
0 0.7778925619834711 0.7651273885350318 0.01859504132231405 0.004777070063694267
0 0.8181818181818182 0.7635350318471338 0.05785123966942149 0.004777070063694267
0 0.9617768595041323 0.7460191082802548 0.006198347107438017 0.004777070063694267
0 0.9028925619834711 0.7380573248407644 0.0371900826446281 0.027070063694267517
0 0.9535123966942148 0.6329617834394905 0.010330578512396695 0.007961783439490446
0 0.29958677685950413 0.6297770700636943 0.012396694214876033 0.004777070063694267
0 0.981404958677686 0.6321656050955414 0.0371900826446281 0.01592356687898089
0 0.29855371900826444 0.6242038216560509 0.014462809917355372 0.0031847133757961785
0 0.9586776859504132 0.6226114649681529 0.01652892561983471 0.0031847133757961785
0 0.8264462809917356 0.6194267515923567 0.024793388429752067 0.0031847133757961785
0 0.17458677685950413 0.6186305732484076 0.002066115702479339 0.0015923566878980893
0 0.893595041322314 0.6831210191082803 0.2128099173553719 0.1337579617834395
0 0.3037190082644628 0.6162420382165605 0.004132231404958678 0.0031847133757961785
0 0.8502066115702479 0.6106687898089171 0.022727272727272728 0.004777070063694267
0 0.7840909090909091 0.6035031847133758 0.010330578512396695 0.0031847133757961785
0 0.84400826446281 0.6011146496815286 0.030991735537190084 0.004777070063694267
0 0.9338842975206612 0.6058917197452229 0.1322314049586777 0.027070063694267517
0 0.8708677685950413 0.5931528662420382 0.026859504132231406 0.0015923566878980893
0 0.265495867768595 0.6050955414012739 0.08057851239669421 0.025477707006369428
0 0.9070247933884298 0.5915605095541401 0.004132231404958678 0.0015923566878980893
0 0.47417355371900827 0.589968152866242 0.002066115702479339 0.0015923566878980893
0 0.5413223140495868 0.5883757961783439 0.004132231404958678 0.0015923566878980893
0 0.8853305785123967 0.5843949044585988 0.014462809917355372 0.0031847133757961785
0 0.41115702479338845 0.7054140127388535 0.7727272727272727 0.24522292993630573
0 0.4152892561983471 0.5835987261146497 0.07024793388429752 0.007961783439490446
0 0.9473140495867769 0.5820063694267515 0.10537190082644628 0.007961783439490446
0 0.9535123966942148 0.5692675159235668 0.006198347107438017 0.0015923566878980893
0 0.253099173553719 0.5700636942675159 0.01859504132231405 0.0031847133757961785
0 0.3977272727272727 0.5692675159235668 0.026859504132231406 0.004777070063694267
0 0.9824380165289256 0.5676751592356688 0.03512396694214876 0.004777070063694267
0 0.5733471074380165 0.5660828025477707 0.006198347107438017 0.0015923566878980893
0 0.5578512396694215 0.5660828025477707 0.02066115702479339 0.004777070063694267
0 0.21797520661157024 0.5668789808917197 0.03512396694214876 0.006369426751592357
0 0.3977272727272727 0.5636942675159236 0.006198347107438017 0.0031847133757961785
0 0.8264462809917356 0.5597133757961783 0.004132231404958678 0.0015923566878980893
0 0.17768595041322313 0.5613057324840764 0.01652892561983471 0.004777070063694267
0 0.8181818181818182 0.5589171974522293 0.008264462809917356 0.0031847133757961785
0 0.5609504132231405 0.5597133757961783 0.026859504132231406 0.004777070063694267
0 0.6828512396694215 0.5565286624203821 0.022727272727272728 0.004777070063694267
0 0.3450413223140496 0.5501592356687898 0.008264462809917356 0.0015923566878980893
0 0.39462809917355374 0.552547770700637 0.08264462809917356 0.012738853503184714
0 0.23450413223140495 0.5477707006369427 0.010330578512396695 0.0031847133757961785
0 0.6642561983471075 0.5493630573248408 0.1384297520661157 0.025477707006369428
0 0.8305785123966942 0.535031847133758 0.01652892561983471 0.006369426751592357
0 0.5382231404958677 0.5294585987261147 0.010330578512396695 0.004777070063694267
0 0.8615702479338843 0.5262738853503185 0.004132231404958678 0.0015923566878980893
0 0.4793388429752066 0.5302547770700637 0.08264462809917356 0.009554140127388535
0 0.9287190082644629 0.40843949044585987 0.010330578512396695 0.004777070063694267
0 0.5092975206611571 0.4753184713375796 0.981404958677686 0.28503184713375795
0 0.07644628099173553 0.32961783439490444 0.10743801652892562 0.006369426751592357
0 0.1590909090909091 0.32722929936305734 0.04132231404958678 0.004777070063694267
0 0.5568181818181818 0.3232484076433121 0.014462809917355372 0.0031847133757961785
0 0.4524793388429752 0.32245222929936307 0.004132231404958678 0.0015923566878980893
0 0.7675619834710744 0.320859872611465 0.010330578512396695 0.0015923566878980893
0 0.6590909090909091 0.32245222929936307 0.0371900826446281 0.004777070063694267
0 0.5960743801652892 0.32245222929936307 0.03925619834710744 0.004777070063694267
0 0.8522727272727273 0.3200636942675159 0.010330578512396695 0.0031847133757961785
0 0.7820247933884298 0.3200636942675159 0.010330578512396695 0.0031847133757961785
0 0.9338842975206612 0.3184713375796178 0.1322314049586777 0.006369426751592357
0 0.42045454545454547 0.3160828025477707 0.006198347107438017 0.0015923566878980893
0 0.4090909090909091 0.3160828025477707 0.004132231404958678 0.0015923566878980893
0 0.5144628099173554 0.31528662420382164 0.02066115702479339 0.0031847133757961785
0 0.49586776859504134 0.3144904458598726 0.004132231404958678 0.0015923566878980893
0 0.45867768595041325 0.3160828025477707 0.05371900826446281 0.004777070063694267
0 0.6053719008264463 0.31369426751592355 0.008264462809917356 0.0031847133757961785
0 0.5650826446280992 0.3144904458598726 0.05991735537190083 0.004777070063694267
0 0.2262396694214876 0.3184713375796178 0.40289256198347106 0.012738853503184714
0 0.640495867768595 0.31289808917197454 0.04132231404958678 0.004777070063694267
0 0.743801652892562 0.31130573248407645 0.09090909090909091 0.007961783439490446
0 0.9194214876033058 0.3073248407643312 0.16115702479338842 0.009554140127388535
0 0.6714876033057852 0.3001592356687898 0.045454545454545456 0.007961783439490446
0 0.4524793388429752 0.3049363057324841 0.38016528925619836 0.01751592356687898
0 0.746900826446281 0.29777070063694266 0.08057851239669421 0.009554140127388535
0 0.038223140495867766 0.2914012738853503 0.010330578512396695 0.0031847133757961785
0 0.9070247933884298 0.2929936305732484 0.1859504132231405 0.012738853503184714
0 0.4452479338842975 0.2929936305732484 0.518595041322314 0.028662420382165606
0 0.08987603305785125 0.2890127388535032 0.12603305785123967 0.030254777070063694
0 0.862603305785124 0.2770700636942675 0.27479338842975204 0.01910828025477707
0 0.5134297520661157 0.2730891719745223 0.5723140495867769 0.030254777070063694
0 0.07851239669421488 0.26990445859872614 0.12396694214876033 0.030254777070063694
0 0.9008264462809917 0.2587579617834395 0.19834710743801653 0.014331210191082803
0 0.6363636363636364 0.16401273885350318 0.7272727272727273 0.21019108280254778
0 0.5020661157024794 0.025477707006369428 0.008264462809917356 0.009554140127388535
0 0.4700413223140496 0.02308917197452229 0.006198347107438017 0.004777070063694267
0 0.47210743801652894 0.00875796178343949 0.002066115702479339 0.0015923566878980893
0 0.38636363636363635 0.014331210191082803 0.01652892561983471 0.028662420382165606
0 0.35537190082644626 0.013535031847133758 0.01652892561983471 0.027070063694267517
0 0.33367768595041325 0.012738853503184714 0.014462809917355372 0.025477707006369428
0 0.3006198347107438 0.01194267515923567 0.01859504132231405 0.02388535031847134
0 0.3037190082644628 0.1337579617834395 0.5743801652892562 0.267515923566879
