0 0.7212041884816754 0.9923371647509579 0.01832460732984293 0.01532567049808429
0 0.7225130890052356 0.9655172413793104 0.010471204188481676 0.01532567049808429
0 0.42670157068062825 0.9770114942528736 0.03664921465968586 0.04597701149425287
0 0.5431937172774869 0.975095785440613 0.034031413612565446 0.04980842911877394
0 0.48429319371727747 0.975095785440613 0.04712041884816754 0.04980842911877394
0 0.6596858638743456 0.9674329501915708 0.03664921465968586 0.06513409961685823
0 0.6924083769633508 0.9655172413793104 0.03926701570680628 0.06896551724137931
0 0.49476439790575916 0.9501915708812261 0.28272251308900526 0.09961685823754789
0 0.7133507853403142 0.8984674329501916 0.013089005235602094 0.0038314176245210726
0 0.68717277486911 0.8984674329501916 0.002617801047120419 0.0038314176245210726
0 0.7709424083769634 0.9444444444444444 0.06544502617801047 0.1111111111111111
0 0.7918848167539267 0.0210727969348659 0.0549738219895288 0.0421455938697318
0 0.7081151832460733 0.013409961685823755 0.08638743455497382 0.02681992337164751
0 0.5654450261780105 0.009578544061302681 0.015706806282722512 0.019157088122605363
0 0.49214659685863876 0.013409961685823755 0.015706806282722512 0.02681992337164751
0 0.450261780104712 0.01532567049808429 0.05235602094240838 0.03065134099616858
0 0.5 0.4521072796934866 1.0 0.9042145593869731
