0 0.5314070351758794 0.9981617647058824 0.002512562814070352 0.003676470588235294
0 0.4183417085427136 0.9944852941176471 0.01256281407035176 0.011029411764705883
0 0.3542713567839196 0.9926470588235294 0.020100502512562814 0.014705882352941176
0 0.30778894472361806 0.9926470588235294 0.03768844221105527 0.014705882352941176
0 0.25251256281407036 0.9926470588235294 0.017587939698492462 0.014705882352941176
0 0.44221105527638194 0.9595588235294118 0.020100502512562814 0.014705882352941176
0 0.07663316582914573 0.7757352941176471 0.017587939698492462 0.007352941176470588
0 0.02763819095477387 0.7775735294117647 0.05527638190954774 0.011029411764705883
0 0.9974874371859297 0.4485294117647059 0.005025125628140704 0.014705882352941176
0 0.9987437185929648 0.40441176470588236 0.002512562814070352 0.007352941176470588
0 0.9974874371859297 0.36213235294117646 0.005025125628140704 0.011029411764705883
0 0.9987437185929648 0.32169117647058826 0.002512562814070352 0.003676470588235294
0 0.9987437185929648 0.27941176470588236 0.002512562814070352 0.007352941176470588
0 0.9987437185929648 0.23713235294117646 0.002512562814070352 0.003676470588235294
0 0.4937185929648241 0.49080882352941174 0.9874371859296482 0.8272058823529411
0 0.9974874371859297 0.10661764705882353 0.005025125628140704 0.0661764705882353
0 0.6005025125628141 0.03308823529411765 0.05025125628140704 0.0661764705882353
0 0.5037688442211056 0.02022058823529412 0.02763819095477387 0.04044117647058824
0 0.47613065326633164 0.007352941176470588 0.007537688442211055 0.014705882352941176
0 0.36809045226130654 0.011029411764705883 0.007537688442211055 0.022058823529411766
0 0.3165829145728643 0.011029411764705883 0.05527638190954774 0.022058823529411766
0 0.25 0.011029411764705883 0.03768844221105527 0.022058823529411766
0 0.3178391959798995 0.03308823529411765 0.27889447236180903 0.0661764705882353
