0 0.7148337595907929 0.9962406015037594 0.0076726342710997444 0.007518796992481203
0 0.7506393861892583 0.9906015037593985 0.017902813299232736 0.018796992481203006
0 0.7838874680306905 0.9304511278195489 0.0025575447570332483 0.0037593984962406013
0 0.7493606138107417 0.9360902255639098 0.02557544757033248 0.03007518796992481
0 0.5754475703324808 0.9605263157894737 0.030690537084398978 0.07894736842105263
0 0.520460358056266 0.9605263157894737 0.043478260869565216 0.07894736842105263
0 0.46547314578005117 0.9605263157894737 0.04603580562659847 0.07894736842105263
0 0.6867007672634271 0.9548872180451128 0.023017902813299233 0.09022556390977443
0 0.7186700767263428 0.9360902255639098 0.02557544757033248 0.06766917293233082
0 0.5255754475703325 0.9360902255639098 0.26854219948849106 0.12781954887218044
0 0.80306905370844 0.9342105263157895 0.05115089514066496 0.13157894736842105
0 0.9872122762148338 0.7988721804511278 0.015345268542199489 0.0037593984962406013
0 0.989769820971867 0.7537593984962406 0.020460358056265986 0.0037593984962406013
0 0.9808184143222506 0.731203007518797 0.0025575447570332483 0.0037593984962406013
0 0.0025575447570332483 0.6278195488721805 0.005115089514066497 0.007518796992481203
0 0.9769820971867008 0.5789473684210527 0.005115089514066497 0.007518796992481203
0 0.9859335038363172 0.5357142857142857 0.028132992327365727 0.011278195488721804
0 0.9910485933503836 0.4417293233082707 0.017902813299232736 0.0037593984962406013
0 0.9846547314578005 0.23684210526315788 0.005115089514066497 0.007518796992481203
0 0.9833759590792839 0.2161654135338346 0.0025575447570332483 0.0037593984962406013
0 0.034526854219948847 0.06015037593984962 0.0076726342710997444 0.015037593984962405
0 0.5294117647058824 0.4473684210526316 0.9411764705882353 0.8195488721804511
0 0.023017902813299233 0.4342105263157895 0.04603580562659847 0.8157894736842105
0 0.731457800511509 0.0037593984962406013 0.11764705882352941 0.007518796992481203
0 0.6547314578005116 0.0018796992481203006 0.010230179028132993 0.0037593984962406013
