0 0.7162790697674418 0.9931740614334471 0.013953488372093023 0.013651877133105802
0 0.7209302325581395 0.9641638225255973 0.004651162790697674 0.010238907849829351
0 0.43023255813953487 0.9795221843003413 0.03255813953488372 0.040955631399317405
0 0.6941860465116279 0.9778156996587031 0.020930232558139535 0.04436860068259386
0 0.4848837209302326 0.9778156996587031 0.044186046511627906 0.04436860068259386
0 0.5430232558139535 0.9761092150170648 0.030232558139534883 0.04778156996587031
0 0.6558139534883721 0.9692832764505119 0.03255813953488372 0.06143344709897611
0 0.6813953488372093 0.9419795221843004 0.018604651162790697 0.020477815699658702
0 0.4941860465116279 0.9505119453924915 0.27209302325581397 0.09897610921501707
0 0.7662790697674419 0.9453924914675768 0.05813953488372093 0.10921501706484642
0 0.9941860465116279 0.8003412969283277 0.011627906976744186 0.010238907849829351
0 0.9930232558139535 0.7798634812286689 0.013953488372093023 0.017064846416382253
0 0.9918604651162791 0.7593856655290102 0.01627906976744186 0.010238907849829351
0 0.9918604651162791 0.7389078498293515 0.01627906976744186 0.010238907849829351
0 0.9918604651162791 0.7150170648464164 0.01627906976744186 0.010238907849829351
0 0.9906976744186047 0.6928327645051194 0.018604651162790697 0.013651877133105802
0 0.9918604651162791 0.6757679180887372 0.01627906976744186 0.013651877133105802
0 0.9883720930232558 0.5784982935153583 0.023255813953488372 0.03754266211604096
0 0.9895348837209302 0.5477815699658704 0.020930232558139535 0.017064846416382253
0 0.9825581395348837 0.43856655290102387 0.0069767441860465115 0.0034129692832764505
0 0.9837209302325581 0.3361774744027304 0.013953488372093023 0.010238907849829351
0 0.7965116279069767 0.017064846416382253 0.04883720930232558 0.034129692832764506
0 0.713953488372093 0.010238907849829351 0.08372093023255814 0.020477815699658702
0 0.5732558139534883 0.006825938566552901 0.011627906976744186 0.013651877133105802
0 0.5023255813953489 0.011945392491467578 0.013953488372093023 0.023890784982935155
0 0.4604651162790698 0.013651877133105802 0.046511627906976744 0.027303754266211604
0 0.5 0.45563139931740615 1.0 0.9112627986348123
