0 0.614713216957606 0.9927007299270073 0.007481296758104738 0.014598540145985401
0 0.4239401496259352 0.9872262773722628 0.029925187032418952 0.025547445255474453
0 0.3640897755610973 0.9872262773722628 0.0399002493765586 0.025547445255474453
0 0.3117206982543641 0.9854014598540146 0.04488778054862843 0.029197080291970802
0 0.5461346633416458 0.9817518248175182 0.029925187032418952 0.0364963503649635
0 0.5685785536159601 0.9671532846715328 0.00997506234413965 0.014598540145985401
0 0.6770573566084788 0.9635036496350365 0.022443890274314215 0.072992700729927
0 0.6433915211970075 0.9635036496350365 0.00997506234413965 0.072992700729927
0 0.3765586034912718 0.9635036496350365 0.2743142144638404 0.072992700729927
0 0.5 0.4744525547445255 1.0 0.8029197080291971
0 0.5822942643391521 0.05656934306569343 0.007481296758104738 0.0036496350364963502
0 0.5648379052369077 0.029197080291970802 0.02743142144638404 0.014598540145985401
0 0.527431421446384 0.023722627737226276 0.022443890274314215 0.025547445255474453
0 0.6234413965087282 0.03102189781021898 0.06483790523690773 0.06204379562043796
0 0.5511221945137157 0.0036496350364963502 0.004987531172069825 0.0072992700729927005
0 0.5012468827930174 0.016423357664233577 0.014962593516209476 0.032846715328467155
0 0.385286783042394 0.0072992700729927005 0.012468827930174564 0.014598540145985401
0 0.2730673316708229 0.0072992700729927005 0.04239401496259352 0.014598540145985401
0 0.3877805486284289 0.03102189781021898 0.371571072319202 0.06204379562043796
