0 0.5028790786948176 0.9951456310679612 0.007677543186180422 0.009708737864077669
0 0.4740882917466411 0.9951456310679612 0.023032629558541268 0.009708737864077669
0 0.5566218809980806 0.9935275080906149 0.015355086372360844 0.012944983818770227
0 0.5316698656429942 0.9935275080906149 0.007677543186180422 0.012944983818770227
0 0.6785028790786948 0.988673139158576 0.028790786948176585 0.022653721682847898
0 0.6372360844529751 0.988673139158576 0.011516314779270634 0.022653721682847898
0 0.654510556621881 0.9773462783171522 0.015355086372360844 0.012944983818770227
0 0.025911708253358926 0.6779935275080906 0.05182341650671785 0.44336569579288027
0 0.022072936660268713 0.3106796116504854 0.044145873320537425 0.012944983818770227
0 0.023032629558541268 0.16181229773462782 0.046065259117082535 0.10355987055016182
0 0.5316698656429942 0.511326860841424 0.9366602687140115 0.8284789644012945
0 0.08349328214971209 0.09061488673139159 0.036468330134357005 0.045307443365695796
0 0.4932821497120921 0.059870550161812294 0.04222648752399232 0.06796116504854369
0 0.564299424184261 0.05663430420711974 0.023032629558541268 0.06796116504854369
0 0.5326295585412668 0.05825242718446602 0.013435700575815739 0.07119741100323625
0 0.9942418426103646 0.022653721682847898 0.007677543186180422 0.012944983818770227
0 0.6698656429942419 0.05663430420711974 0.061420345489443376 0.09385113268608414
0 0.9980806142034548 0.006472491909385114 0.003838771593090211 0.012944983818770227
