0 0.741424802110818 0.9903474903474904 0.0158311345646438 0.019305019305019305
0 0.758575197889182 0.9594594594594594 0.0079155672823219 0.011583011583011582
0 0.7387862796833773 0.9498069498069498 0.005277044854881266 0.007722007722007722
0 0.579155672823219 0.972972972972973 0.029023746701846966 0.05405405405405406
0 0.5277044854881267 0.972972972972973 0.052770448548812667 0.05405405405405406
0 0.46701846965699206 0.972972972972973 0.04221635883905013 0.05405405405405406
0 0.7071240105540897 0.9671814671814671 0.05804749340369393 0.06563706563706563
0 0.7269129287598944 0.9324324324324325 0.002638522427440633 0.003861003861003861
0 0.716358839050132 0.9382239382239382 0.013192612137203167 0.015444015444015444
0 0.9934036939313984 0.7258687258687259 0.013192612137203167 0.007722007722007722
0 0.9881266490765171 0.7046332046332047 0.0079155672823219 0.003861003861003861
0 0.9907651715039578 0.6833976833976834 0.018469656992084433 0.007722007722007722
0 0.9907651715039578 0.6640926640926641 0.018469656992084433 0.007722007722007722
0 0.9894459102902374 0.5637065637065637 0.021108179419525065 0.015444015444015444
0 0.9907651715039578 0.5386100386100386 0.018469656992084433 0.011583011583011582
0 0.9934036939313984 0.3552123552123552 0.013192612137203167 0.007722007722007722
0 0.00395778364116095 0.2722007722007722 0.0079155672823219 0.019305019305019305
0 0.9934036939313984 0.10231660231660232 0.013192612137203167 0.019305019305019305
0 0.014511873350923483 0.16023166023166024 0.029023746701846966 0.1891891891891892
0 0.5316622691292876 0.4517374517374517 0.9366754617414248 0.8108108108108109
0 0.7084432717678101 0.03861003861003861 0.023746701846965697 0.015444015444015444
0 0.6754617414248021 0.03861003861003861 0.021108179419525065 0.015444015444015444
0 0.6912928759894459 0.013513513513513514 0.026385224274406333 0.02702702702702703
0 0.6477572559366754 0.021235521235521235 0.018469656992084433 0.04247104247104247
0 0.5369393139841688 0.011583011583011582 0.013192612137203167 0.023166023166023165
0 0.49340369393139843 0.011583011583011582 0.0158311345646438 0.023166023166023165
0 0.45118733509234826 0.011583011583011582 0.021108179419525065 0.023166023166023165
