0 0.6569920844327177 0.9923076923076923 0.0158311345646438 0.015384615384615385
0 0.49604221635883905 0.9865384615384616 0.026385224274406333 0.026923076923076925
0 0.43535620052770446 0.9846153846153847 0.04221635883905013 0.03076923076923077
0 0.3812664907651715 0.9846153846153847 0.03430079155672823 0.03076923076923077
0 0.6055408970976254 0.9826923076923076 0.013192612137203167 0.03461538461538462
0 0.7282321899736148 0.9634615384615385 0.052770448548812667 0.07307692307692308
0 0.4445910290237467 0.9615384615384616 0.2770448548812665 0.07692307692307693
0 0.5 0.4673076923076923 1.0 0.85
0 0.4604221635883905 0.038461538461538464 0.17678100263852242 0.015384615384615385
0 0.6675461741424802 0.023076923076923078 0.021108179419525065 0.015384615384615385
0 0.637203166226913 0.015384615384615385 0.002638522427440633 0.007692307692307693
0 0.7796833773087071 0.023076923076923078 0.013192612137203167 0.046153846153846156
0 0.7044854881266491 0.009615384615384616 0.0158311345646438 0.019230769230769232
0 0.6569920844327177 0.0038461538461538464 0.021108179419525065 0.007692307692307693
0 0.5817941952506597 0.021153846153846155 0.055408970976253295 0.04230769230769231
0 0.5303430079155673 0.0038461538461538464 0.005277044854881266 0.007692307692307693
0 0.4577836411609499 0.0038461538461538464 0.0079155672823219 0.007692307692307693
0 0.41424802110817943 0.0038461538461538464 0.021108179419525065 0.007692307692307693
