0 0.6728395061728395 0.9848993288590604 0.018518518518518517 0.030201342281879196
0 0.6481481481481481 0.9546979865771812 0.006172839506172839 0.016778523489932886
0 0.6682098765432098 0.9446308724832215 0.0030864197530864196 0.003355704697986577
0 0.6589506172839507 0.9328859060402684 0.009259259259259259 0.006711409395973154
0 0.6219135802469136 0.964765100671141 0.046296296296296294 0.07046979865771812
0 0.6342592592592593 0.9328859060402684 0.021604938271604937 0.013422818791946308
0 0.7299382716049383 0.9496644295302014 0.05864197530864197 0.10067114093959731
0 0.44907407407407407 0.9496644295302014 0.2808641975308642 0.10067114093959731
0 0.8580246913580247 0.6090604026845637 0.006172839506172839 0.003355704697986577
0 0.8626543209876543 0.511744966442953 0.027777777777777776 0.0436241610738255
0 0.8641975308641975 0.4513422818791946 0.024691358024691357 0.030201342281879196
0 0.8719135802469136 0.40436241610738255 0.0030864197530864196 0.003355704697986577
0 0.5 0.4597315436241611 1.0 0.8523489932885906
0 0.6527777777777778 0.026845637583892617 0.015432098765432098 0.013422818791946308
0 0.43364197530864196 0.02181208053691275 0.015432098765432098 0.010067114093959731
0 0.3472222222222222 0.018456375838926176 0.009259259259259259 0.010067114093959731
0 0.6342592592592593 0.013422818791946308 0.015432098765432098 0.026845637583892617
0 0.5864197530864198 0.020134228187919462 0.018518518518518517 0.040268456375838924
0 0.47530864197530864 0.015100671140939598 0.024691358024691357 0.030201342281879196
0 0.4027777777777778 0.013422818791946308 0.021604938271604937 0.026845637583892617
0 0.37037037037037035 0.01174496644295302 0.018518518518518517 0.02348993288590604
