0 0.44966442953020136 0.9965337954939342 0.010067114093959731 0.006932409012131715
0 0.4161073825503356 0.9965337954939342 0.026845637583892617 0.006932409012131715
0 0.3850671140939597 0.9965337954939342 0.008389261744966443 0.006932409012131715
0 0.5176174496644296 0.9948006932409013 0.008389261744966443 0.010398613518197574
0 0.5318791946308725 0.9904679376083189 0.013422818791946308 0.008665511265164644
0 0.4228187919463087 0.9852686308492201 0.1644295302013423 0.029462738301559793
0 0.5906040268456376 0.9844020797227037 0.03355704697986577 0.03119584055459272
0 0.009228187919463088 0.6776429809358753 0.018456375838926176 0.010398613518197574
0 0.010906040268456376 0.2833622183708839 0.0050335570469798654 0.0017331022530329288
0 0.5 0.4948006932409012 1.0 0.8994800693240901
0 0.5369127516778524 0.0389948006932409 0.003355704697986577 0.0017331022530329288
0 0.5604026845637584 0.032062391681109186 0.010067114093959731 0.012131715771230503
0 0.5201342281879194 0.016464471403812825 0.003355704697986577 0.005199306759098787
0 0.45302013422818793 0.01559792027729636 0.013422818791946308 0.03119584055459272
0 0.4303691275167785 0.0025996533795493936 0.0050335570469798654 0.005199306759098787
0 0.41778523489932884 0.016464471403812825 0.030201342281879196 0.03292894280762565
0 0.38171140939597314 0.01559792027729636 0.01174496644295302 0.03119584055459272
