0 0.5831460674157304 0.9991228070175439 0.0022471910112359553 0.0017543859649122807
0 0.5404494382022472 0.9885964912280701 0.011235955056179775 0.008771929824561403
0 0.4314606741573034 0.9921052631578947 0.02696629213483146 0.015789473684210527
0 0.3808988764044944 0.9912280701754386 0.011235955056179775 0.017543859649122806
0 0.31910112359550563 0.9903508771929824 0.04044943820224719 0.01929824561403509
0 0.6764044943820224 0.9833333333333333 0.017977528089887642 0.03333333333333333
0 0.650561797752809 0.9833333333333333 0.020224719101123594 0.03333333333333333
0 0.3808988764044944 0.9780701754385965 0.27191011235955054 0.043859649122807015
0 0.17752808988764046 0.9438596491228071 0.017977528089887642 0.007017543859649123
0 0.14157303370786517 0.9403508771929825 0.03146067415730337 0.010526315789473684
0 0.7573033707865169 0.9114035087719298 0.0044943820224719105 0.0017543859649122807
0 0.149438202247191 0.8956140350877193 0.024719101123595506 0.008771929824561403
0 0.15280898876404495 0.8833333333333333 0.017977528089887642 0.005263157894736842
0 0.40898876404494383 0.8640350877192983 0.035955056179775284 0.02982456140350877
0 0.44269662921348313 0.85 0.017977528089887642 0.008771929824561403
0 0.4438202247191011 0.8412280701754385 0.0022471910112359553 0.0017543859649122807
0 0.40898876404494383 0.8403508771929824 0.017977528089887642 0.0035087719298245615
0 0.4157303370786517 0.8289473684210527 0.0044943820224719105 0.0017543859649122807
0 0.4101123595505618 0.8131578947368421 0.024719101123595506 0.015789473684210527
0 0.1393258426966292 0.8096491228070175 0.058426966292134834 0.015789473684210527
0 0.38764044943820225 0.7736842105263158 0.024719101123595506 0.007017543859649123
0 0.1707865168539326 0.7728070175438596 0.0044943820224719105 0.005263157894736842
0 0.11573033707865168 0.7412280701754386 0.011235955056179775 0.008771929824561403
0 0.12022471910112359 0.7017543859649122 0.011235955056179775 0.007017543859649123
0 0.12134831460674157 0.6877192982456141 0.008988764044943821 0.0035087719298245615
0 0.41685393258426967 0.6868421052631579 0.011235955056179775 0.005263157894736842
0 0.17191011235955056 0.6736842105263158 0.006741573033707865 0.0035087719298245615
0 0.40337078651685393 0.6736842105263158 0.056179775280898875 0.007017543859649123
0 0.12471910112359551 0.6719298245614035 0.011235955056179775 0.0035087719298245615
0 0.42247191011235957 0.6649122807017543 0.01348314606741573 0.007017543859649123
0 0.12247191011235956 0.6605263157894737 0.006741573033707865 0.005263157894736842
0 0.44719101123595506 0.6552631578947369 0.0044943820224719105 0.0017543859649122807
0 0.4202247191011236 0.6535087719298246 0.017977528089887642 0.008771929824561403
0 0.3898876404494382 0.65 0.0022471910112359553 0.0017543859649122807
0 0.9235955056179775 0.65 0.03146067415730337 0.01929824561403509
0 0.3898876404494382 0.6421052631578947 0.029213483146067417 0.007017543859649123
0 0.4404494382022472 0.6412280701754386 0.04943820224719101 0.008771929824561403
0 0.12134831460674157 0.6403508771929824 0.008988764044943821 0.007017543859649123
0 0.9269662921348315 0.6342105263157894 0.0022471910112359553 0.0017543859649122807
0 0.41685393258426967 0.6307017543859649 0.020224719101123594 0.005263157894736842
0 0.15168539325842698 0.6166666666666667 0.0022471910112359553 0.0017543859649122807
0 0.12247191011235956 0.618421052631579 0.011235955056179775 0.008771929824561403
0 0.451685393258427 0.6140350877192983 0.02696629213483146 0.017543859649122806
0 0.3898876404494382 0.612280701754386 0.029213483146067417 0.021052631578947368
0 0.1303370786516854 0.6017543859649123 0.02247191011235955 0.007017543859649123
0 0.12921348314606743 0.5842105263157895 0.020224719101123594 0.014035087719298246
0 0.451685393258427 0.5736842105263158 0.02696629213483146 0.010526315789473684
0 0.4157303370786517 0.5921052631578947 0.04044943820224719 0.06140350877192982
0 0.6056179775280899 0.7543859649122807 0.7887640449438202 0.3929824561403509
0 0.04044943820224719 0.7464912280701754 0.08089887640449438 0.38421052631578945
0 0.13370786516853933 0.5359649122807018 0.020224719101123594 0.012280701754385965
0 0.5202247191011236 0.525438596491228 0.011235955056179775 0.03684210526315789
0 0.13595505617977527 0.5087719298245614 0.020224719101123594 0.007017543859649123
0 0.5224719101123596 0.4982456140350877 0.0022471910112359553 0.007017543859649123
0 0.13820224719101123 0.4964912280701754 0.020224719101123594 0.007017543859649123
0 0.903370786516854 0.4885964912280702 0.017977528089887642 0.008771929824561403
0 0.9314606741573034 0.48771929824561405 0.015730337078651686 0.010526315789473684
0 0.1393258426966292 0.47982456140350876 0.02696629213483146 0.01929824561403509
0 0.1404494382022472 0.4614035087719298 0.024719101123595506 0.007017543859649123
0 0.14157303370786517 0.45 0.02696629213483146 0.008771929824561403
0 0.14269662921348314 0.43157894736842106 0.029213483146067417 0.017543859649122806
0 0.15842696629213482 0.40964912280701754 0.056179775280898875 0.01929824561403509
0 0.1449438202247191 0.3868421052631579 0.029213483146067417 0.01929824561403509
0 0.1449438202247191 0.3649122807017544 0.029213483146067417 0.017543859649122806
0 0.9977528089887641 0.3543859649122807 0.0044943820224719105 0.021052631578947368
0 0.14606741573033707 0.34385964912280703 0.02247191011235955 0.007017543859649123
0 0.14606741573033707 0.33245614035087717 0.02247191011235955 0.008771929824561403
0 0.14606741573033707 0.3192982456140351 0.017977528089887642 0.007017543859649123
0 0.14269662921348314 0.3078947368421053 0.011235955056179775 0.005263157894736842
0 0.14269662921348314 0.2956140350877193 0.011235955056179775 0.005263157894736842
0 0.0022471910112359553 0.11754385964912281 0.0044943820224719105 0.007017543859649123
0 0.5 0.3087719298245614 1.0 0.4807017543859649
0 0.9157303370786517 0.02456140350877193 0.011235955056179775 0.0035087719298245615
0 0.058426966292134834 0.02543859649122807 0.11685393258426967 0.012280701754385965
