0 0.46449136276391556 0.9661290322580646 0.011516314779270634 0.041935483870967745
0 0.5 0.9709677419354839 0.01727447216890595 0.05806451612903226
0 0.3829174664107486 0.9596774193548387 0.01727447216890595 0.04838709677419355
0 0.5662188099808061 0.964516129032258 0.011516314779270634 0.07096774193548387
0 0.30038387715930903 0.9548387096774194 0.013435700575815739 0.05161290322580645
0 0.3378119001919386 0.9629032258064516 0.026871401151631478 0.07419354838709677
0 0.34452975047984646 0.9435483870967742 0.20153550863723607 0.11290322580645161
0 0.9846449136276392 0.49516129032258066 0.030710172744721688 0.8032258064516129
0 0.5019193857965452 0.035483870967741936 0.02495201535508637 0.03225806451612903
0 0.4616122840690979 0.024193548387096774 0.013435700575815739 0.04838709677419355
0 0.3790786948176583 0.01129032258064516 0.009596928982725527 0.02258064516129032
0 0.33013435700575816 0.01129032258064516 0.015355086372360844 0.02258064516129032
0 0.30230326295585414 0.01129032258064516 0.009596928982725527 0.02258064516129032
0 0.4865642994241843 0.4435483870967742 0.9347408829174664 0.8870967741935484
