0 0.19642857142857142 0.9898255813953488 0.11160714285714286 0.020348837209302327
0 0.10825892857142858 0.9840116279069767 0.020089285714285716 0.00872093023255814
0 0.5658482142857143 0.9738372093023255 0.011160714285714286 0.01744186046511628
0 0.5368303571428571 0.9767441860465116 0.06473214285714286 0.046511627906976744
0 0.43526785714285715 0.9767441860465116 0.022321428571428572 0.046511627906976744
0 0.23549107142857142 0.9462209302325582 0.033482142857142856 0.00872093023255814
0 0.21428571428571427 0.9433139534883721 0.004464285714285714 0.0029069767441860465
0 0.19977678571428573 0.9433139534883721 0.011160714285714286 0.0029069767441860465
0 0.6026785714285714 0.9665697674418605 0.049107142857142856 0.06686046511627906
0 0.39955357142857145 0.9578488372093024 0.21428571428571427 0.08430232558139535
0 0.9888392857142857 0.29069767441860467 0.022321428571428572 0.023255813953488372
0 0.45200892857142855 0.0755813953488372 0.020089285714285716 0.023255813953488372
0 0.4252232142857143 0.07122093023255814 0.011160714285714286 0.014534883720930232
0 0.39955357142857145 0.07412790697674419 0.013392857142857142 0.020348837209302327
0 0.5 0.48255813953488375 1.0 0.8546511627906976
0 0.5502232142857143 0.005813953488372093 0.09151785714285714 0.011627906976744186
0 0.021205357142857144 0.0029069767441860465 0.002232142857142857 0.005813953488372093
