0 0.561046511627907 0.9951298701298701 0.005813953488372093 0.00974025974025974
0 0.4428294573643411 0.9886363636363636 0.02131782945736434 0.022727272727272728
0 0.41569767441860467 0.9886363636363636 0.009689922480620155 0.022727272727272728
0 0.3866279069767442 0.987012987012987 0.009689922480620155 0.025974025974025976
0 0.35755813953488375 0.987012987012987 0.029069767441860465 0.025974025974025976
0 0.5261627906976745 0.9853896103896104 0.009689922480620155 0.02922077922077922
0 0.5445736434108527 0.9691558441558441 0.011627906976744186 0.00974025974025974
0 0.29457364341085274 0.7987012987012987 0.007751937984496124 0.012987012987012988
0 0.9583333333333334 0.7824675324675324 0.001937984496124031 0.006493506493506494
0 0.33624031007751937 0.7792207792207793 0.009689922480620155 0.012987012987012988
0 0.3226744186046512 0.7792207792207793 0.009689922480620155 0.012987012987012988
0 0.9428294573643411 0.7646103896103896 0.005813953488372093 0.00974025974025974
0 0.32558139534883723 0.7597402597402597 0.003875968992248062 0.006493506493506494
0 0.6763565891472868 0.7613636363636364 0.03875968992248062 0.02922077922077922
0 0.9302325581395349 0.7483766233766234 0.003875968992248062 0.00974025974025974
0 0.9137596899224806 0.7467532467532467 0.009689922480620155 0.012987012987012988
0 0.9292635658914729 0.7288961038961039 0.001937984496124031 0.003246753246753247
0 0.9428294573643411 0.7288961038961039 0.005813953488372093 0.00974025974025974
0 0.9137596899224806 0.7288961038961039 0.009689922480620155 0.016233766233766232
0 0.9544573643410853 0.7094155844155844 0.005813953488372093 0.00974025974025974
0 0.035852713178294575 0.7175324675324676 0.025193798449612403 0.032467532467532464
0 0.623062015503876 0.6996753246753247 0.001937984496124031 0.003246753246753247
0 0.6085271317829457 0.6964285714285714 0.011627906976744186 0.016233766233766232
0 0.9156976744186046 0.672077922077922 0.005813953488372093 0.006493506493506494
0 0.6405038759689923 0.6623376623376623 0.005813953488372093 0.006493506493506494
0 0.622093023255814 0.6607142857142857 0.011627906976744186 0.00974025974025974
0 0.9273255813953488 0.6542207792207793 0.001937984496124031 0.003246753246753247
0 0.9108527131782945 0.6558441558441559 0.003875968992248062 0.006493506493506494
0 0.9534883720930233 0.6525974025974026 0.003875968992248062 0.006493506493506494
0 0.3556201550387597 0.6428571428571429 0.005813953488372093 0.012987012987012988
0 0.7054263565891473 0.6217532467532467 0.003875968992248062 0.00974025974025974
0 0.6918604651162791 0.6071428571428571 0.007751937984496124 0.006493506493506494
0 0.6579457364341085 0.586038961038961 0.009689922480620155 0.016233766233766232
0 0.9205426356589147 0.5974025974025974 0.027131782945736434 0.06493506493506493
0 0.625 0.5974025974025974 0.044573643410852716 0.06493506493506493
0 0.6414728682170543 0.7418831168831169 0.7170542635658915 0.39935064935064934
0 0.5 0.43344155844155846 1.0 0.7305194805194806
0 0.5523255813953488 0.048701298701298704 0.01937984496124031 0.01948051948051948
0 0.5329457364341085 0.02922077922077922 0.06201550387596899 0.05844155844155844
0 0.42248062015503873 0.022727272727272728 0.011627906976744186 0.045454545454545456
0 0.38953488372093026 0.024350649350649352 0.011627906976744186 0.048701298701298704
0 0.3478682170542636 0.024350649350649352 0.040697674418604654 0.048701298701298704
