0 0.8818897637795275 0.9865384615384616 0.1679790026246719 0.026923076923076925
0 0.6916010498687664 0.9230769230769231 0.08661417322834646 0.09230769230769231
0 0.7257217847769029 0.9 0.01837270341207349 0.05384615384615385
0 0.6876640419947506 0.8807692307692307 0.010498687664041995 0.015384615384615385
0 0.5013123359580053 0.9211538461538461 0.27296587926509186 0.1576923076923077
0 0.7782152230971129 0.9038461538461539 0.06036745406824147 0.15384615384615385
0 0.8622047244094488 0.8115384615384615 0.007874015748031496 0.015384615384615385
0 0.024934383202099737 0.6230769230769231 0.049868766404199474 0.45384615384615384
0 0.023622047244094488 0.3384615384615385 0.047244094488188976 0.07692307692307693
0 0.026246719160104987 0.18653846153846154 0.05249343832020997 0.21923076923076923
0 0.520997375328084 0.425 0.905511811023622 0.85
