0 0.43026315789473685 0.9653846153846154 0.04473684210526316 0.06923076923076923
0 0.5447368421052632 0.9615384615384616 0.031578947368421054 0.07692307692307693
0 0.4868421052631579 0.9615384615384616 0.04736842105263158 0.07692307692307693
0 0.6868421052631579 0.95 0.08947368421052632 0.1
0 0.5 0.9346153846153846 0.2894736842105263 0.13076923076923078
0 0.7289473684210527 0.9288461538461539 0.15263157894736842 0.1423076923076923
0 0.9973684210526316 0.45576923076923076 0.005263157894736842 0.0038461538461538464
0 0.9881578947368421 0.4115384615384615 0.02368421052631579 0.023076923076923078
0 0.9881578947368421 0.38269230769230766 0.02368421052631579 0.011538461538461539
0 0.9960526315789474 0.175 0.007894736842105263 0.0038461538461538464
0 0.5 0.4480769230769231 1.0 0.85
