0 0.5836538461538462 0.9951456310679612 0.013461538461538462 0.009708737864077669
0 0.011538461538461539 0.959546925566343 0.015384615384615385 0.02912621359223301
0 0.8576923076923076 0.8737864077669902 0.015384615384615385 0.006472491909385114
0 0.6644230769230769 0.9061488673139159 0.6711538461538461 0.12944983818770225
0 0.37403846153846154 0.8365695792880259 0.009615384615384616 0.009708737864077669
0 0.42115384615384616 0.7961165048543689 0.007692307692307693 0.006472491909385114
0 0.42115384615384616 0.7799352750809061 0.0038461538461538464 0.006472491909385114
0 0.7192307692307692 0.7718446601941747 0.015384615384615385 0.009708737864077669
0 0.9826923076923076 0.7621359223300971 0.011538461538461539 0.003236245954692557
0 0.4173076923076923 0.7621359223300971 0.007692307692307693 0.003236245954692557
0 0.42403846153846153 0.7427184466019418 0.0019230769230769232 0.003236245954692557
0 0.07692307692307693 0.7556634304207119 0.023076923076923078 0.02912621359223301
0 0.41923076923076924 0.7249190938511327 0.015384615384615385 0.012944983818770227
0 0.36538461538461536 0.7346278317152104 0.015384615384615385 0.032362459546925564
0 0.3625 0.7055016181229773 0.0057692307692307696 0.006472491909385114
0 0.4096153846153846 0.7038834951456311 0.026923076923076925 0.009708737864077669
0 0.3769230769230769 0.7038834951456311 0.007692307692307693 0.009708737864077669
0 0.4201923076923077 0.686084142394822 0.0057692307692307696 0.006472491909385114
0 0.37403846153846154 0.6877022653721683 0.025 0.009708737864077669
0 0.3326923076923077 0.6877022653721683 0.0038461538461538464 0.009708737864077669
0 0.3951923076923077 0.6682847896440129 0.0019230769230769232 0.003236245954692557
0 0.4173076923076923 0.6666666666666666 0.007692307692307693 0.006472491909385114
0 0.3317307692307692 0.6682847896440129 0.0057692307692307696 0.009708737864077669
0 0.375 0.6666666666666666 0.015384615384615385 0.012944983818770227
0 0.37403846153846154 0.6521035598705501 0.0057692307692307696 0.009708737864077669
0 0.0009615384615384616 0.6262135922330098 0.0019230769230769232 0.003236245954692557
0 0.6480769230769231 0.6262135922330098 0.007692307692307693 0.009708737864077669
0 0.9509615384615384 0.616504854368932 0.0019230769230769232 0.003236245954692557
0 0.7009615384615384 0.5970873786407767 0.025 0.02912621359223301
0 0.6509615384615385 0.5970873786407767 0.009615384615384616 0.03559870550161812
0 0.9615384615384616 0.587378640776699 0.011538461538461539 0.02912621359223301
0 0.9846153846153847 0.5841423948220065 0.03076923076923077 0.042071197411003236
0 0.3942307692307692 0.6035598705501618 0.05384615384615385 0.08090614886731391
0 0.75 0.580906148867314 0.03076923076923077 0.04854368932038835
0 0.9990384615384615 0.5566343042071198 0.0019230769230769232 0.006472491909385114
0 0.9451923076923077 0.5760517799352751 0.009615384615384616 0.045307443365695796
0 0.7163461538461539 0.5550161812297735 0.01730769230769231 0.042071197411003236
0 0.4673076923076923 0.3365695792880259 0.0038461538461538464 0.006472491909385114
0 0.8442307692307692 0.33980582524271846 0.011538461538461539 0.032362459546925564
0 0.7807692307692308 0.3365695792880259 0.1 0.032362459546925564
0 0.6807692307692308 0.3365695792880259 0.03076923076923077 0.032362459546925564
0 0.6480769230769231 0.33495145631067963 0.023076923076923078 0.03559870550161812
0 0.614423076923077 0.33171521035598706 0.028846153846153848 0.03559870550161812
0 0.5846153846153846 0.3300970873786408 0.015384615384615385 0.032362459546925564
0 0.5682692307692307 0.3300970873786408 0.009615384615384616 0.032362459546925564
0 0.5538461538461539 0.3268608414239482 0.007692307692307693 0.025889967637540454
0 0.43173076923076925 0.3268608414239482 0.009615384615384616 0.025889967637540454
0 0.5298076923076923 0.3268608414239482 0.028846153846153848 0.032362459546925564
0 0.47115384615384615 0.32524271844660196 0.046153846153846156 0.02912621359223301
0 0.4048076923076923 0.32524271844660196 0.028846153846153848 0.02912621359223301
0 0.3730769230769231 0.3268608414239482 0.026923076923076925 0.032362459546925564
0 0.3403846153846154 0.32524271844660196 0.03076923076923077 0.042071197411003236
0 0.13942307692307693 0.2896440129449838 0.0057692307692307696 0.003236245954692557
0 0.13076923076923078 0.27184466019417475 0.023076923076923078 0.006472491909385114
0 0.1125 0.27184466019417475 0.009615384615384616 0.006472491909385114
0 0.09711538461538462 0.27184466019417475 0.0019230769230769232 0.006472491909385114
0 0.6067307692307692 0.156957928802589 0.0019230769230769232 0.003236245954692557
0 0.5615384615384615 0.15372168284789645 0.0038461538461538464 0.003236245954692557
0 0.5221153846153846 0.1553398058252427 0.009615384615384616 0.012944983818770227
0 0.5057692307692307 0.15210355987055016 0.0038461538461538464 0.006472491909385114
0 0.41346153846153844 0.15210355987055016 0.007692307692307693 0.006472491909385114
0 0.43653846153846154 0.1488673139158576 0.019230769230769232 0.006472491909385114
0 0.39903846153846156 0.14724919093851133 0.013461538461538462 0.009708737864077669
0 0.37884615384615383 0.14401294498381878 0.011538461538461539 0.016181229773462782
0 0.3548076923076923 0.10841423948220065 0.0057692307692307696 0.003236245954692557
0 0.30096153846153845 0.10841423948220065 0.0019230769230769232 0.003236245954692557
0 0.24711538461538463 0.10517799352750809 0.051923076923076926 0.016181229773462782
0 0.18076923076923077 0.10679611650485436 0.023076923076923078 0.019417475728155338
0 0.21153846153846154 0.10194174757281553 0.015384615384615385 0.016181229773462782
0 0.5 0.36084142394822005 1.0 0.598705501618123
0 0.5932692307692308 0.030744336569579287 0.01730769230769231 0.016181229773462782
0 0.5567307692307693 0.024271844660194174 0.025 0.02912621359223301
0 0.5836538461538462 0.009708737864077669 0.04038461538461539 0.019417475728155338
0 0.5451923076923076 0.003236245954692557 0.0019230769230769232 0.006472491909385114
0 0.46442307692307694 0.012944983818770227 0.009615384615384616 0.025889967637540454
0 0.4307692307692308 0.016181229773462782 0.011538461538461539 0.032362459546925564
0 0.3894230769230769 0.016181229773462782 0.04038461538461539 0.032362459546925564
