0 0.4050480769230769 0.9964912280701754 0.007211538461538462 0.007017543859649123
0 0.5072115384615384 0.9912280701754386 0.02403846153846154 0.017543859649122806
0 0.7055288461538461 0.9666666666666667 0.03125 0.03859649122807018
0 0.5420673076923077 0.9719298245614035 0.03125 0.056140350877192984
0 0.6814903846153846 0.9473684210526315 0.01201923076923077 0.014035087719298246
0 0.6586538461538461 0.9701754385964912 0.028846153846153848 0.05964912280701754
0 0.48677884615384615 0.9666666666666667 0.06009615384615385 0.06666666666666667
0 0.42427884615384615 0.9666666666666667 0.040865384615384616 0.06666666666666667
0 0.765625 0.9526315789473684 0.06971153846153846 0.09473684210526316
0 0.49158653846153844 0.9438596491228071 0.2860576923076923 0.11228070175438597
0 0.008413461538461538 0.6526315789473685 0.016826923076923076 0.014035087719298246
0 0.007211538461538462 0.6333333333333333 0.014423076923076924 0.010526315789473684
0 0.49278846153846156 0.5824561403508772 0.004807692307692308 0.014035087719298246
0 0.5 0.44912280701754387 1.0 0.8421052631578947
