0 0.1483704974271012 0.7437943262411347 0.005145797598627788 0.0017730496453900709
0 0.12006861063464837 0.7446808510638298 0.024013722126929673 0.0035460992907801418
0 0.08919382504288165 0.7446808510638298 0.00686106346483705 0.0035460992907801418
0 0.4554030874785592 0.7420212765957447 0.005145797598627788 0.0017730496453900709
0 0.19897084048027444 0.7429078014184397 0.02058319039451115 0.0035460992907801418
0 0.1595197255574614 0.7437943262411347 0.0137221269296741 0.005319148936170213
0 0.4125214408233276 0.7420212765957447 0.012006861063464836 0.005319148936170213
0 0.05660377358490566 0.7375886524822695 0.003430531732418525 0.0035460992907801418
0 0.22727272727272727 0.723404255319149 0.005145797598627788 0.0035460992907801418
0 0.20926243567753003 0.723404255319149 0.00686106346483705 0.0035460992907801418
0 0.06946826758147513 0.7225177304964538 0.015437392795883362 0.0017730496453900709
0 0.3130360205831904 0.7225177304964538 0.005145797598627788 0.005319148936170213
0 0.4305317324185249 0.7198581560283688 0.00686106346483705 0.0035460992907801418
0 0.4142367066895369 0.7189716312056738 0.015437392795883362 0.0017730496453900709
0 0.3979416809605489 0.7198581560283688 0.003430531732418525 0.0035460992907801418
0 0.4725557461406518 0.7189716312056738 0.005145797598627788 0.005319148936170213
0 0.4562607204116638 0.7207446808510638 0.017152658662092625 0.008865248226950355
0 0.058319039451114926 0.7056737588652482 0.00686106346483705 0.0035460992907801418
0 0.07547169811320754 0.6852836879432624 0.003430531732418525 0.0017730496453900709
0 0.05660377358490566 0.6852836879432624 0.003430531732418525 0.0017730496453900709
0 0.5394511149228131 0.6790780141843972 0.005145797598627788 0.0035460992907801418
0 0.05660377358490566 0.6657801418439716 0.010291595197255575 0.005319148936170213
0 0.4794168096054888 0.6586879432624113 0.005145797598627788 0.0017730496453900709
0 0.4725557461406518 0.6595744680851063 0.005145797598627788 0.0035460992907801418
0 0.483704974271012 0.649822695035461 0.00686106346483705 0.0017730496453900709
0 0.45368782161234994 0.649822695035461 0.005145797598627788 0.0017730496453900709
0 0.24871355060034306 0.6347517730496454 0.003430531732418525 0.01773049645390071
0 0.31646655231560894 0.6063829787234043 0.005145797598627788 0.0070921985815602835
0 0.3181818181818182 0.6214539007092199 0.018867924528301886 0.040780141843971635
0 0.24614065180102915 0.6117021276595744 0.005145797598627788 0.024822695035460994
0 0.2667238421955403 0.5558510638297872 0.0017152658662092624 0.0017730496453900709
0 0.25128644939965694 0.49024822695035464 0.0017152658662092624 0.0017730496453900709
0 0.25471698113207547 0.449468085106383 0.012006861063464836 0.012411347517730497
0 0.3156089193825043 0.4326241134751773 0.00686106346483705 0.0070921985815602835
0 0.04974271012006861 0.29343971631205673 0.003430531732418525 0.0017730496453900709
0 0.5 0.5106382978723404 1.0 0.9078014184397163
0 0.5137221269296741 0.05585106382978723 0.0017152658662092624 0.0017730496453900709
0 0.49828473413379076 0.05585106382978723 0.012006861063464836 0.0017730496453900709
0 0.4176672384219554 0.05319148936170213 0.005145797598627788 0.0035460992907801418
0 0.611492281303602 0.03634751773049645 0.005145797598627788 0.005319148936170213
0 0.5943396226415094 0.034574468085106384 0.005145797598627788 0.005319148936170213
0 0.4399656946826758 0.02304964539007092 0.008576329331046312 0.028368794326241134
0 0.5806174957118353 0.007978723404255319 0.0017152658662092624 0.0017730496453900709
0 0.5102915951972555 0.022163120567375887 0.012006861063464836 0.030141843971631204
0 0.46569468267581476 0.023936170212765957 0.008576329331046312 0.03368794326241135
0 0.6672384219554031 0.0274822695035461 0.00686106346483705 0.0549645390070922
0 0.5969125214408233 0.0017730496453900709 0.00686106346483705 0.0035460992907801418
0 0.5463121783876501 0.028368794326241134 0.036020583190394515 0.05673758865248227
