0 0.8587570621468926 0.9850746268656716 0.0847457627118644 0.029850746268656716
0 0.6864406779661016 0.914179104477612 0.005649717514124294 0.0037313432835820895
0 0.5 0.9095149253731343 1.0 0.18097014925373134
0 0.538135593220339 0.7276119402985075 0.01977401129943503 0.0037313432835820895
0 0.923728813559322 0.5205223880597015 0.005649717514124294 0.0037313432835820895
0 0.8870056497175142 0.5177238805970149 0.005649717514124294 0.0018656716417910447
0 0.4745762711864407 0.5242537313432836 0.062146892655367235 0.029850746268656716
0 0.9322033898305084 0.5083955223880597 0.13559322033898305 0.013059701492537313
0 0.7542372881355932 0.46175373134328357 0.005649717514124294 0.0018656716417910447
0 0.7966101694915254 0.46175373134328357 0.011299435028248588 0.005597014925373134
0 0.7090395480225988 0.458955223880597 0.022598870056497175 0.0037313432835820895
0 0.9971751412429378 0.43843283582089554 0.005649717514124294 0.0037313432835820895
0 0.867231638418079 0.43283582089552236 0.011299435028248588 0.0037313432835820895
0 0.7471751412429378 0.6333955223880597 0.5056497175141242 0.42350746268656714
0 0.5536723163841808 0.41138059701492535 0.062146892655367235 0.016791044776119403
0 0.9929378531073446 0.4141791044776119 0.014124293785310734 0.03731343283582089
0 0.536723163841808 0.3908582089552239 0.022598870056497175 0.016791044776119403
0 0.536723163841808 0.3712686567164179 0.01694915254237288 0.011194029850746268
0 0.18361581920903955 0.32649253731343286 0.0903954802259887 0.041044776119402986
0 0.2951977401129944 0.3246268656716418 0.12146892655367232 0.041044776119402986
0 0.5903954802259888 0.23694029850746268 0.005649717514124294 0.0037313432835820895
0 0.902542372881356 0.2042910447761194 0.002824858757062147 0.0018656716417910447
0 0.614406779661017 0.20522388059701493 0.014124293785310734 0.0037313432835820895
0 0.6836158192090396 0.18003731343283583 0.011299435028248588 0.0018656716417910447
0 0.7853107344632768 0.17164179104477612 0.005649717514124294 0.0037313432835820895
0 0.731638418079096 0.1707089552238806 0.04519774011299435 0.005597014925373134
0 0.8022598870056498 0.1669776119402985 0.005649717514124294 0.0018656716417910447
0 0.8163841807909604 0.166044776119403 0.005649717514124294 0.0037313432835820895
0 0.7853107344632768 0.166044776119403 0.011299435028248588 0.0037313432835820895
0 0.7358757062146892 0.16417910447761194 0.014124293785310734 0.0037313432835820895
0 0.5 0.1958955223880597 1.0 0.3917910447761194
