0 0.4790268456375839 0.9982668977469671 0.0016778523489932886 0.0034662045060658577
0 0.4303691275167785 0.9818024263431543 0.0050335570469798654 0.008665511265164644
0 0.4546979865771812 0.9792027729636048 0.003355704697986577 0.006932409012131715
0 0.4974832214765101 0.9809358752166378 0.008389261744966443 0.01386481802426343
0 0.3825503355704698 0.8440207972270364 0.006711409395973154 0.01386481802426343
0 0.41023489932885904 0.8197573656845754 0.03523489932885906 0.006932409012131715
0 0.14345637583892618 0.8223570190641247 0.0050335570469798654 0.012131715771230503
0 0.40939597315436244 0.8102253032928943 0.03355704697986577 0.005199306759098787
0 0.41023489932885904 0.7989601386481803 0.03523489932885906 0.006932409012131715
0 0.3162751677852349 0.7963604852686309 0.03523489932885906 0.012131715771230503
0 0.061241610738255035 0.7859618717504333 0.018456375838926176 0.012131715771230503
0 0.31543624161073824 0.7772963604852686 0.030201342281879196 0.005199306759098787
0 0.1644295302013423 0.36915077989601386 0.010067114093959731 0.006932409012131715
0 0.9907718120805369 0.3561525129982669 0.0016778523489932886 0.0017331022530329288
0 0.2986577181208054 0.3561525129982669 0.003355704697986577 0.0017331022530329288
0 0.3389261744966443 0.35528596187175043 0.006711409395973154 0.0034662045060658577
0 0.32466442953020136 0.35528596187175043 0.015100671140939598 0.0034662045060658577
0 0.3070469798657718 0.35528596187175043 0.003355704697986577 0.0034662045060658577
0 0.23238255033557048 0.3561525129982669 0.12248322147651007 0.012131715771230503
0 0.1493288590604027 0.3596187175043328 0.040268456375838924 0.025996533795493933
0 0.6031879194630873 0.33882149046793764 0.0050335570469798654 0.0017331022530329288
0 0.5889261744966443 0.3396880415944541 0.016778523489932886 0.0034662045060658577
0 0.5411073825503355 0.3396880415944541 0.015100671140939598 0.0034662045060658577
0 0.5260067114093959 0.33882149046793764 0.008389261744966443 0.0017331022530329288
0 0.5620805369127517 0.33882149046793764 0.020134228187919462 0.005199306759098787
0 0.061241610738255035 0.29462738301559793 0.008389261744966443 0.0034662045060658577
0 0.9773489932885906 0.2885615251299827 0.0016778523489932886 0.0017331022530329288
0 0.05453020134228188 0.2755632582322357 0.0016778523489932886 0.0034662045060658577
0 0.2609060402684564 0.25909878682842286 0.0050335570469798654 0.0017331022530329288
0 0.23238255033557048 0.25909878682842286 0.0016778523489932886 0.0017331022530329288
0 0.2063758389261745 0.2582322357019064 0.006711409395973154 0.0034662045060658577
0 0.06963087248322147 0.2564991334488735 0.025167785234899327 0.0034662045060658577
0 0.5 0.4861351819757366 1.0 0.8856152512998267
0 0.49916107382550334 0.011265164644714038 0.0016778523489932886 0.005199306759098787
0 0.45553691275167785 0.00779896013864818 0.0050335570469798654 0.01559792027729636
