0 0.4276206322795341 0.995697074010327 0.009983361064891847 0.008605851979345954
0 0.47254575707154745 0.9939759036144579 0.009983361064891847 0.012048192771084338
0 0.454242928452579 0.9939759036144579 0.0066555740432612314 0.012048192771084338
0 0.4966722129783694 0.9931153184165232 0.011647254575707155 0.013769363166953529
0 0.35524126455906824 0.8717728055077453 0.011647254575707155 0.0189328743545611
0 0.4043261231281198 0.8442340791738382 0.033277870216306155 0.0051635111876075735
0 0.13727121464226288 0.8330464716006885 0.004991680532445923 0.01721170395869191
0 0.4051580698835274 0.8244406196213425 0.03826955074875208 0.01721170395869191
0 0.4059900166389351 0.8080895008605852 0.036605657237936774 0.008605851979345954
0 0.31114808652246256 0.8089500860585198 0.036605657237936774 0.020654044750430294
0 0.3103161397670549 0.7865748709122203 0.03161397670549085 0.0068846815834767644
0 0.826955074875208 0.7736660929432013 0.0066555740432612314 0.0017211703958691911
0 0.8078202995008319 0.7736660929432013 0.018302828618968387 0.0017211703958691911
0 0.5 0.8562822719449226 1.0 0.1703958691910499
0 0.5607321131447587 0.7616179001721171 0.026622296173044926 0.0017211703958691911
0 0.5299500831946755 0.7616179001721171 0.004991680532445923 0.0017211703958691911
0 0.7920133111480865 0.7581755593803786 0.0033277870216306157 0.0017211703958691911
0 0.7196339434276207 0.7581755593803786 0.004991680532445923 0.0017211703958691911
0 0.7071547420965059 0.7581755593803786 0.0033277870216306157 0.0017211703958691911
0 0.6780366056572379 0.7590361445783133 0.028286189683860232 0.0034423407917383822
0 0.6089850249584027 0.7598967297762479 0.0632279534109817 0.0051635111876075735
0 0.7703826955074875 0.7573149741824441 0.016638935108153077 0.0034423407917383822
0 0.9500831946755408 0.693631669535284 0.0033277870216306157 0.0034423407917383822
0 0.9342762063227953 0.6944922547332186 0.014975041597337771 0.0051635111876075735
0 0.028286189683860232 0.6471600688468159 0.0033277870216306157 0.0034423407917383822
0 0.5 0.3743545611015491 1.0 0.6660929432013769
0 0.6048252911813644 0.0025817555938037868 0.004991680532445923 0.0051635111876075735
0 0.49584026622296173 0.0068846815834767644 0.0033277870216306157 0.013769363166953529
0 0.45341098169717137 0.00774526678141136 0.008319467554076539 0.01549053356282272
0 0.4292845257903494 0.0068846815834767644 0.0033277870216306157 0.013769363166953529
