0 0.29473684210526313 0.9961538461538462 0.015789473684210527 0.007692307692307693
0 0.6644736842105263 0.9865384615384616 0.02368421052631579 0.026923076923076925
0 0.6342105263157894 0.9865384615384616 0.015789473684210527 0.026923076923076925
0 0.3618421052631579 0.975 0.28157894736842104 0.05
0 0.042105263157894736 0.8596153846153847 0.010526315789473684 0.019230769230769232
0 0.09868421052631579 0.8788461538461538 0.060526315789473685 0.06538461538461539
0 0.025 0.8692307692307693 0.05 0.06153846153846154
0 0.5 0.5057692307692307 1.0 0.8269230769230769
0 0.6434210526315789 0.057692307692307696 0.013157894736842105 0.023076923076923078
0 0.5921052631578947 0.04038461538461539 0.010526315789473684 0.011538461538461539
0 0.6763157894736842 0.03461538461538462 0.021052631578947368 0.06923076923076923
0 0.5631578947368421 0.023076923076923078 0.05789473684210526 0.046153846153846156
0 0.42894736842105263 0.009615384615384616 0.010526315789473684 0.019230769230769232
0 0.35789473684210527 0.007692307692307693 0.010526315789473684 0.015384615384615385
0 0.3157894736842105 0.0057692307692307696 0.042105263157894736 0.011538461538461539
0 0.3763157894736842 0.03076923076923077 0.2736842105263158 0.06153846153846154
