0 0.4834710743801653 0.9919354838709677 0.01928374655647383 0.016129032258064516
0 0.45179063360881544 0.9899193548387096 0.011019283746556474 0.020161290322580645
0 0.41046831955922863 0.9899193548387096 0.011019283746556474 0.020161290322580645
0 0.628099173553719 0.9798387096774194 0.005509641873278237 0.008064516129032258
0 0.5964187327823691 0.9879032258064516 0.013774104683195593 0.024193548387096774
0 0.3677685950413223 0.9879032258064516 0.03581267217630854 0.024193548387096774
0 0.004132231404958678 0.5504032258064516 0.008264462809917356 0.012096774193548387
0 0.5 0.47580645161290325 1.0 0.8387096774193549
0 0.7107438016528925 0.004032258064516129 0.011019283746556474 0.008064516129032258
0 0.6887052341597796 0.03225806451612903 0.0881542699724518 0.06451612903225806
0 0.5454545454545454 0.02620967741935484 0.03305785123966942 0.05241935483870968
0 0.4986225895316804 0.028225806451612902 0.02203856749311295 0.056451612903225805
0 0.44077134986225897 0.03024193548387097 0.06060606060606061 0.06048387096774194
