0 0.2790224032586558 0.9982876712328768 0.004073319755600814 0.003424657534246575
0 0.47046843177189407 0.9828767123287672 0.016293279022403257 0.03424657534246575
0 0.49185336048879835 0.9606164383561644 0.006109979633401222 0.010273972602739725
0 0.445010183299389 0.9726027397260274 0.014256619144602852 0.0547945205479452
0 0.46130346232179226 0.9452054794520548 0.006109979633401222 0.00684931506849315
0 0.3594704684317719 0.9691780821917808 0.018329938900203666 0.0547945205479452
0 0.32077393075356414 0.9691780821917808 0.04276985743380855 0.06164383561643835
0 0.27494908350305497 0.964041095890411 0.020366598778004074 0.05821917808219178
0 0.5407331975560081 0.9623287671232876 0.018329938900203666 0.07534246575342465
0 0.5183299389002036 0.9606164383561644 0.014256619144602852 0.07876712328767123
0 0.3228105906313646 0.9486301369863014 0.20570264765784113 0.10273972602739725
0 0.01120162932790224 0.5342465753424658 0.014256619144602852 0.0273972602739726
0 0.9786150712830958 0.4691780821917808 0.04276985743380855 0.8082191780821918
0 0.4786150712830957 0.4537671232876712 0.9368635437881874 0.8664383561643836
0 0.48981670061099797 0.010273972602739725 0.006109979633401222 0.00684931506849315
0 0.4592668024439919 0.00684931506849315 0.026476578411405296 0.0136986301369863
