0 0.39655172413793105 0.9938837920489296 0.012704174228675136 0.012232415902140673
0 0.35208711433756806 0.9923547400611621 0.029038112522686024 0.01529051987767584
0 0.3139745916515426 0.9923547400611621 0.014519056261343012 0.01529051987767584
0 0.5290381125226861 0.9908256880733946 0.009074410163339383 0.01834862385321101
0 0.48003629764065336 0.9908256880733946 0.012704174228675136 0.01834862385321101
0 0.4954627949183303 0.9862385321100917 0.018148820326678767 0.01529051987767584
0 0.5807622504537205 0.981651376146789 0.010889292196007259 0.03669724770642202
0 0.5535390199637024 0.9801223241590215 0.003629764065335753 0.039755351681957186
0 0.3584392014519056 0.9755351681957186 0.2014519056261343 0.04892966360856269
0 0.11343012704174228 0.8042813455657493 0.030852994555353903 0.012232415902140673
0 0.08892921960072596 0.8042813455657493 0.007259528130671506 0.012232415902140673
0 0.19147005444646098 0.8134556574923547 0.034482758620689655 0.04281345565749235
0 0.1424682395644283 0.8318042813455657 0.23774954627949182 0.14067278287461774
0 0.19237749546279492 0.7691131498470948 0.036297640653357534 0.027522935779816515
0 0.11524500907441017 0.764525993883792 0.034482758620689655 0.04892966360856269
0 0.047186932849364795 0.72782874617737 0.029038112522686024 0.04892966360856269
0 0.1969147005444646 0.7232415902140673 0.030852994555353903 0.045871559633027525
0 0.1896551724137931 0.7064220183486238 0.016333938294010888 0.01834862385321101
0 0.0426497277676951 0.6941896024464832 0.0054446460980036296 0.0061162079510703364
0 0.11161524500907441 0.709480122324159 0.04900181488203267 0.04892966360856269
0 0.1206896551724138 0.6712538226299695 0.030852994555353903 0.01529051987767584
0 0.09437386569872959 0.6697247706422018 0.007259528130671506 0.012232415902140673
0 0.19328493647912887 0.6697247706422018 0.016333938294010888 0.03058103975535168
0 0.12159709618874773 0.6299694189602446 0.029038112522686024 0.03669724770642202
0 0.19147005444646098 0.5825688073394495 0.04900181488203267 0.05198776758409786
0 0.132486388384755 0.5779816513761468 0.050816696914700546 0.04892966360856269
0 0.08983666061705989 0.5229357798165137 0.012704174228675136 0.024464831804281346
0 0.20508166969147004 0.5290519877675841 0.036297640653357534 0.04892966360856269
0 0.045372050816696916 0.5840978593272171 0.036297640653357534 0.22629969418960244
0 0.20689655172413793 0.4602446483180428 0.032667876588021776 0.07033639143730887
0 0.036297640653357534 0.42507645259938837 0.003629764065335753 0.0061162079510703364
0 0.9818511796733213 0.6605504587155964 0.036297640653357534 0.5137614678899083
0 0.034482758620689655 0.4036697247706422 0.003629764065335753 0.0061162079510703364
0 0.034482758620689655 0.38837920489296635 0.003629764065335753 0.0061162079510703364
0 0.9863883847549909 0.38073394495412843 0.02722323049001815 0.027522935779816515
0 0.08348457350272233 0.3730886850152905 0.003629764065335753 0.012232415902140673
0 0.03539019963702359 0.37003058103975534 0.0054446460980036296 0.0061162079510703364
0 0.21234119782214156 0.37920489296636084 0.032667876588021776 0.04281345565749235
0 0.9872958257713249 0.345565749235474 0.025408348457350273 0.03058103975535168
0 0.9882032667876588 0.308868501529052 0.023593466424682397 0.024464831804281346
0 0.9882032667876588 0.27370030581039756 0.023593466424682397 0.027522935779816515
0 0.9891107078039928 0.23394495412844038 0.021778584392014518 0.027522935779816515
0 0.9882032667876588 0.20030581039755352 0.023593466424682397 0.027522935779816515
0 0.9891107078039928 0.1437308868501529 0.021778584392014518 0.07339449541284404
0 0.5381125226860254 0.045871559633027525 0.0054446460980036296 0.0061162079510703364
0 0.5208711433756806 0.045871559633027525 0.003629764065335753 0.0061162079510703364
0 0.5018148820326679 0.03669724770642202 0.012704174228675136 0.024464831804281346
0 0.5226860254083484 0.024464831804281346 0.014519056261343012 0.024464831804281346
0 0.5753176043557169 0.03363914373088685 0.043557168784029036 0.0672782874617737
0 0.5045372050816697 0.010703363914373088 0.014519056261343012 0.021406727828746176
0 0.48366606170598914 0.022935779816513763 0.009074410163339383 0.045871559633027525
0 0.40381125226860254 0.016819571865443424 0.009074410163339383 0.03363914373088685
0 0.3203266787658802 0.019877675840978593 0.009074410163339383 0.039755351681957186
0 0.4954627949183303 0.4617737003058104 0.9328493647912885 0.9235474006116208
