0 0.5961538461538461 0.9962406015037594 0.007692307692307693 0.007518796992481203
0 0.5679487179487179 0.981203007518797 0.017948717948717947 0.022556390977443608
0 0.6115384615384616 0.9680451127819549 0.007692307692307693 0.02631578947368421
0 0.45384615384615384 0.9699248120300752 0.02564102564102564 0.06015037593984962
0 0.35 0.9699248120300752 0.05384615384615385 0.06015037593984962
0 0.4064102564102564 0.9680451127819549 0.017948717948717947 0.06390977443609022
0 0.5641025641025641 0.9454887218045113 0.010256410256410256 0.03383458646616541
0 0.6089743589743589 0.9266917293233082 0.002564102564102564 0.0037593984962406013
0 0.6141025641025641 0.34398496240601506 0.017948717948717947 0.04887218045112782
0 0.5512820512820513 0.14473684210526316 0.005128205128205128 0.011278195488721804
0 0.6397435897435897 0.13721804511278196 0.002564102564102564 0.011278195488721804
0 0.6371794871794871 0.19360902255639098 0.258974358974359 0.17669172932330826
0 0.5282051282051282 0.06954887218045112 0.005128205128205128 0.011278195488721804
0 0.43974358974358974 0.12781954887218044 0.038461538461538464 0.15037593984962405
0 0.5 0.43796992481203006 1.0 0.8157894736842105
0 0.732051282051282 0.011278195488721804 0.023076923076923078 0.022556390977443608
0 0.7038461538461539 0.011278195488721804 0.017948717948717947 0.022556390977443608
0 0.43846153846153846 0.009398496240601503 0.2717948717948718 0.018796992481203006
