0 0.5826388888888889 0.9992211838006231 0.004166666666666667 0.001557632398753894
0 0.4340277777777778 0.9984423676012462 0.004166666666666667 0.003115264797507788
0 0.525 0.9875389408099688 0.28055555555555556 0.024922118380062305
0 0.9458333333333333 0.8598130841121495 0.008333333333333333 0.009345794392523364
0 0.03958333333333333 0.8356697819314641 0.001388888888888889 0.001557632398753894
0 0.03611111111111111 0.8130841121495327 0.008333333333333333 0.003115264797507788
0 0.03194444444444444 0.8014018691588785 0.008333333333333333 0.001557632398753894
0 0.05138888888888889 0.7990654205607477 0.008333333333333333 0.006230529595015576
0 0.05138888888888889 0.7897196261682243 0.005555555555555556 0.003115264797507788
0 0.9840277777777777 0.618380062305296 0.03194444444444444 0.08411214953271028
0 0.9861111111111112 0.5693146417445483 0.027777777777777776 0.00778816199376947
0 0.9159722222222222 0.5654205607476636 0.004166666666666667 0.006230529595015576
0 0.9041666666666667 0.5654205607476636 0.005555555555555556 0.006230529595015576
0 0.8736111111111111 0.5623052959501558 0.013888888888888888 0.018691588785046728
0 0.9104166666666667 0.5545171339563862 0.018055555555555554 0.009345794392523364
0 0.9826388888888888 0.5490654205607477 0.018055555555555554 0.004672897196261682
0 0.8729166666666667 0.544392523364486 0.009722222222222222 0.004672897196261682
0 0.9159722222222222 0.5428348909657321 0.004166666666666667 0.004672897196261682
0 0.9041666666666667 0.5428348909657321 0.005555555555555556 0.004672897196261682
0 0.8736111111111111 0.5342679127725857 0.016666666666666666 0.009345794392523364
0 0.98125 0.528816199376947 0.015277777777777777 0.004672897196261682
0 0.9097222222222222 0.5311526479750779 0.019444444444444445 0.009345794392523364
0 0.9770833333333333 0.5186915887850467 0.004166666666666667 0.003115264797507788
0 0.9104166666666667 0.5210280373831776 0.018055555555555554 0.00778816199376947
0 0.9791666666666666 0.5077881619937694 0.011111111111111112 0.006230529595015576
0 0.9777777777777777 0.4961059190031153 0.005555555555555556 0.004672897196261682
0 0.9965277777777778 0.48520249221183803 0.001388888888888889 0.001557632398753894
0 0.9784722222222222 0.4867601246105919 0.006944444444444444 0.004672897196261682
0 0.9770833333333333 0.47585669781931467 0.001388888888888889 0.001557632398753894
0 0.9777777777777777 0.46417445482866043 0.002777777777777778 0.003115264797507788
0 0.9770833333333333 0.4423676012461059 0.004166666666666667 0.006230529595015576
0 0.9951388888888889 0.2866043613707165 0.009722222222222222 0.006230529595015576
0 0.9986111111111111 0.16433021806853582 0.002777777777777778 0.001557632398753894
0 0.9895833333333334 0.14953271028037382 0.009722222222222222 0.006230529595015576
0 0.5819444444444445 0.009345794392523364 0.013888888888888888 0.003115264797507788
0 0.5 0.4883177570093458 1.0 0.9641744548286605
