0 0.6366279069767442 0.9968354430379747 0.005813953488372093 0.006329113924050633
0 0.45930232558139533 0.8243670886075949 0.005813953488372093 0.0031645569620253164
0 0.9840116279069767 0.8259493670886076 0.03197674418604651 0.012658227848101266
0 0.42151162790697677 0.8243670886075949 0.06395348837209303 0.015822784810126583
0 0.9941860465116279 0.810126582278481 0.011627906976744186 0.012658227848101266
0 0.17296511627906977 0.8037974683544303 0.00872093023255814 0.006329113924050633
0 0.5 0.8591772151898734 1.0 0.16139240506329114
0 0.06395348837209303 0.7705696202531646 0.01744186046511628 0.00949367088607595
0 0.9840116279069767 0.754746835443038 0.0029069767441860465 0.0031645569620253164
0 0.20494186046511628 0.7515822784810127 0.020348837209302327 0.00949367088607595
0 0.06540697674418605 0.7468354430379747 0.02616279069767442 0.012658227848101266
0 0.9869186046511628 0.7373417721518988 0.0029069767441860465 0.006329113924050633
0 0.48691860465116277 0.7515822784810127 0.02616279069767442 0.03481012658227848
0 0.0625 0.7278481012658228 0.0029069767441860465 0.006329113924050633
0 0.6351744186046512 0.689873417721519 0.00872093023255814 0.012658227848101266
0 0.998546511627907 0.6787974683544303 0.0029069767441860465 0.0031645569620253164
0 0.6962209302325582 0.680379746835443 0.0377906976744186 0.02531645569620253
0 0.998546511627907 0.6439873417721519 0.0029069767441860465 0.00949367088607595
0 0.6351744186046512 0.6091772151898734 0.02616279069767442 0.11075949367088607
0 0.30959302325581395 0.6313291139240507 0.6191860465116279 0.27531645569620256
0 0.44476744186046513 0.47151898734177217 0.011627906976744186 0.006329113924050633
0 0.07703488372093023 0.47151898734177217 0.10755813953488372 0.02531645569620253
0 0.39098837209302323 0.44145569620253167 0.11918604651162791 0.022151898734177215
0 0.11627906976744186 0.439873417721519 0.046511627906976744 0.0189873417721519
0 0.04505813953488372 0.44145569620253167 0.061046511627906974 0.022151898734177215
0 0.12790697674418605 0.41455696202531644 0.023255813953488372 0.006329113924050633
0 0.050872093023255814 0.41455696202531644 0.03197674418604651 0.006329113924050633
0 0.5494186046511628 0.3971518987341772 0.005813953488372093 0.0031645569620253164
0 0.49127906976744184 0.3971518987341772 0.10465116279069768 0.00949367088607595
0 0.04796511627906977 0.3924050632911392 0.06686046511627906 0.02531645569620253
0 0.4316860465116279 0.3623417721518987 0.014534883720930232 0.00949367088607595
0 0.5334302325581395 0.3560126582278481 0.15988372093023256 0.03481012658227848
0 0.5363372093023255 0.314873417721519 0.0029069767441860465 0.0031645569620253164
0 0.5508720930232558 0.3212025316455696 0.11337209302325581 0.028481012658227847
0 0.9825581395348837 0.11708860759493671 0.03488372093023256 0.03164556962025317
0 0.35174418604651164 0.23575949367088608 0.6686046511627907 0.33860759493670883
0 0.6424418604651163 0.06645569620253164 0.011627906976744186 0.006329113924050633
0 0.6090116279069767 0.061708860759493674 0.0029069767441860465 0.0031645569620253164
0 0.6729651162790697 0.06487341772151899 0.02616279069767442 0.015822784810126583
0 0.6148255813953488 0.03164556962025317 0.014534883720930232 0.0189873417721519
0 0.6540697674418605 0.03481012658227848 0.03488372093023256 0.03164556962025317
0 0.6162790697674418 0.006329113924050633 0.011627906976744186 0.012658227848101266
0 0.5072674418604651 0.02531645569620253 0.02616279069767442 0.05063291139240506
0 0.45203488372093026 0.02531645569620253 0.055232558139534885 0.05063291139240506
0 0.38953488372093026 0.023734177215189875 0.040697674418604654 0.04746835443037975
