0 0.8516949152542372 0.9271978021978022 0.00847457627118644 0.013736263736263736
0 0.7447033898305084 0.9052197802197802 0.00211864406779661 0.0027472527472527475
0 0.7288135593220338 0.9271978021978022 0.012711864406779662 0.046703296703296704
0 0.8485169491525424 0.9024725274725275 0.006355932203389831 0.013736263736263736
0 0.722457627118644 0.8873626373626373 0.00423728813559322 0.005494505494505495
0 0.8665254237288136 0.8832417582417582 0.00847457627118644 0.008241758241758242
0 0.7076271186440678 0.8846153846153846 0.00847457627118644 0.016483516483516484
0 0.8453389830508474 0.8777472527472527 0.00847457627118644 0.024725274725274724
0 0.8633474576271186 0.8681318681318682 0.006355932203389831 0.01098901098901099
0 0.7425847457627118 0.8763736263736264 0.01059322033898305 0.027472527472527472
0 0.8241525423728814 0.8653846153846154 0.00847457627118644 0.01098901098901099
0 0.861228813559322 0.8502747252747253 0.006355932203389831 0.008241758241758242
0 0.7203389830508474 0.853021978021978 0.012711864406779662 0.024725274725274724
0 0.8379237288135594 0.8282967032967034 0.006355932203389831 0.008241758241758242
0 0.5699152542372882 0.08928571428571429 0.00423728813559322 0.0027472527472527475
0 0.5 0.5357142857142857 1.0 0.9010989010989011
0 0.5550847457627118 0.08379120879120878 0.00847457627118644 0.013736263736263736
0 0.5307203389830508 0.07280219780219781 0.006355932203389831 0.008241758241758242
0 0.5254237288135594 0.059065934065934064 0.029661016949152543 0.06868131868131869
0 0.4332627118644068 0.04945054945054945 0.019067796610169493 0.04945054945054945
0 0.3930084745762712 0.046703296703296704 0.04025423728813559 0.054945054945054944
0 0.5360169491525424 0.020604395604395604 0.00847457627118644 0.008241758241758242
0 0.3485169491525424 0.04395604395604396 0.03177966101694915 0.054945054945054944
