0 0.7623355263157895 0.9628670120898101 0.004934210526315789 0.0017271157167530224
0 0.7541118421052632 0.9628670120898101 0.001644736842105263 0.0017271157167530224
0 0.9177631578947368 0.92573402417962 0.029605263157894735 0.031088082901554404
0 0.8552631578947368 0.8376511226252159 0.009868421052631578 0.0069084628670120895
0 0.8067434210526315 0.8367875647668394 0.008223684210526315 0.0051813471502590676
0 0.8207236842105263 0.8920552677029361 0.14473684210526316 0.13989637305699482
0 0.8429276315789473 0.8160621761658031 0.011513157894736841 0.0051813471502590676
0 0.819078947368421 0.8264248704663213 0.04276315789473684 0.025906735751295335
0 0.7623355263157895 0.8151986183074266 0.001644736842105263 0.0034542314335060447
0 0.9161184210526315 0.8488773747841105 0.039473684210526314 0.11917098445595854
0 0.9712171052631579 0.8583765112262521 0.05756578947368421 0.14507772020725387
0 0.8569078947368421 0.7901554404145078 0.08552631578947369 0.03281519861830743
0 0.9226973684210527 0.7772020725388601 0.02631578947368421 0.010362694300518135
0 0.8601973684210527 0.7668393782383419 0.013157894736842105 0.0034542314335060447
0 0.7483552631578947 0.7607944732297064 0.003289473684210526 0.0017271157167530224
0 0.8462171052631579 0.7452504317789291 0.004934210526315789 0.0017271157167530224
0 0.8577302631578947 0.7443868739205527 0.004934210526315789 0.0034542314335060447
0 0.8297697368421053 0.7400690846286702 0.008223684210526315 0.0051813471502590676
0 0.8569078947368421 0.7504317789291882 0.09210526315789473 0.03626943005181347
0 0.9991776315789473 0.6830742659758203 0.001644736842105263 0.0017271157167530224
0 0.9736842105263158 0.7245250431778929 0.05263157894736842 0.1157167530224525
0 0.07976973684210527 0.40846286701208984 0.018092105263157895 0.008635578583765112
0 0.07483552631578948 0.3903281519861831 0.027960526315789474 0.017271157167530225
0 0.06743421052631579 0.38255613126079446 0.02631578947368421 0.015544041450777202
0 0.9350328947368421 0.15198618307426598 0.001644736842105263 0.0069084628670120895
0 0.07483552631578948 0.15025906735751296 0.001644736842105263 0.0034542314335060447
0 0.5074013157894737 0.015544041450777202 0.004934210526315789 0.0034542314335060447
0 0.5164473684210527 0.01468048359240069 0.006578947368421052 0.0051813471502590676
0 0.7993421052631579 0.006044905008635579 0.009868421052631578 0.012089810017271158
0 0.5164473684210527 0.0025906735751295338 0.006578947368421052 0.0051813471502590676
0 0.5 0.5 1.0 1.0
