0 0.4114391143911439 0.9969040247678018 0.007380073800738007 0.006191950464396285
0 0.6448339483394834 0.9953560371517027 0.005535055350553505 0.009287925696594427
0 0.4188191881918819 0.9798761609907121 0.2029520295202952 0.04024767801857585
0 0.09501845018450185 0.7786377708978328 0.1900369003690037 0.25696594427244585
0 0.5 0.5092879256965944 1.0 0.8452012383900929
0 0.6540590405904059 0.03715170278637771 0.042435424354243544 0.07430340557275542
0 0.5691881918819188 0.018575851393188854 0.02029520295202952 0.03715170278637771
0 0.48154981549815495 0.01393188854489164 0.01107011070110701 0.02786377708978328
0 0.40129151291512916 0.0030959752321981426 0.005535055350553505 0.006191950464396285
0 0.4446494464944649 0.03715170278637771 0.2066420664206642 0.07430340557275542
