0 0.5813397129186603 0.9736842105263158 0.04784688995215311 0.05263157894736842
0 0.5729665071770335 0.9385964912280702 0.007177033492822967 0.010526315789473684
0 0.5933014354066986 0.9315789473684211 0.028708133971291867 0.031578947368421054
0 0.5382775119617225 0.9543859649122807 0.03827751196172249 0.0912280701754386
0 0.423444976076555 0.9508771929824561 0.03349282296650718 0.08421052631578947
0 0.5586124401913876 0.9157894736842105 0.011961722488038277 0.021052631578947368
0 0.37200956937799046 0.9491228070175438 0.05980861244019139 0.08771929824561403
0 0.30980861244019137 0.9473684210526315 0.03110047846889952 0.08421052631578947
0 0.6495215311004785 0.9385964912280702 0.07416267942583732 0.12280701754385964
0 0.5574162679425837 0.8789473684210526 0.019138755980861243 0.0035087719298245615
0 0.3839712918660287 0.9280701754385965 0.2894736842105263 0.14385964912280702
0 0.0011961722488038277 0.7403508771929824 0.0023923444976076554 0.007017543859649123
0 0.0011961722488038277 0.7210526315789474 0.0023923444976076554 0.0035087719298245615
0 0.0035885167464114833 0.6947368421052632 0.007177033492822967 0.014035087719298246
0 0.0023923444976076554 0.6754385964912281 0.004784688995215311 0.010526315789473684
0 0.0023923444976076554 0.6350877192982456 0.004784688995215311 0.007017543859649123
0 0.004784688995215311 0.612280701754386 0.009569377990430622 0.010526315789473684
0 0.004784688995215311 0.5947368421052631 0.009569377990430622 0.0035087719298245615
0 0.005980861244019139 0.5596491228070175 0.011961722488038277 0.02456140350877193
0 0.9700956937799043 0.6403508771929824 0.05980861244019139 0.4666666666666667
0 0.7619617224880383 0.39824561403508774 0.011961722488038277 0.010526315789473684
0 0.7918660287081339 0.37543859649122807 0.004784688995215311 0.007017543859649123
0 0.9700956937799043 0.36666666666666664 0.05980861244019139 0.06666666666666667
0 0.9712918660287081 0.3105263157894737 0.05741626794258373 0.031578947368421054
0 0.9736842105263158 0.2719298245614035 0.05263157894736842 0.031578947368421054
0 0.9736842105263158 0.16842105263157894 0.05263157894736842 0.16140350877192983
0 0.9880382775119617 0.07894736842105263 0.004784688995215311 0.0035087719298245615
0 0.4688995215311005 0.4631578947368421 0.937799043062201 0.8140350877192982
