0 0.29476584022038566 0.9981751824817519 0.01652892561983471 0.0036496350364963502
0 0.5564738292011019 0.9908759124087592 0.005509641873278237 0.0036496350364963502
0 0.4035812672176309 0.9735401459854015 0.013774104683195593 0.012773722627737226
0 0.35399449035812675 0.9744525547445255 0.03581267217630854 0.021897810218978103
0 0.6473829201101928 0.9808394160583942 0.01652892561983471 0.03832116788321168
0 0.2988980716253444 0.9662408759124088 0.008264462809917356 0.009124087591240875
0 0.35537190082644626 0.9662408759124088 0.2644628099173554 0.06751824817518248
0 0.05234159779614325 0.6012773722627737 0.02203856749311295 0.11496350364963503
0 0.05371900826446281 0.22262773722627738 0.013774104683195593 0.010948905109489052
0 0.07851239669421488 0.36496350364963503 0.08539944903581267 0.29927007299270075
0 0.5826446280991735 0.5793795620437956 0.7851239669421488 0.7390510948905109
0 0.31955922865013775 0.12956204379562045 0.005509641873278237 0.0036496350364963502
0 0.349862258953168 0.12956204379562045 0.011019283746556474 0.0072992700729927005
0 0.9958677685950413 0.1177007299270073 0.008264462809917356 0.023722627737226276
0 0.6377410468319559 0.15784671532846714 0.5537190082644629 0.10766423357664233
0 0.743801652892562 0.10218978102189781 0.011019283746556474 0.0072992700729927005
0 0.09504132231404959 0.05200729927007299 0.0027548209366391185 0.0018248175182481751
0 0.05509641873278237 0.04744525547445255 0.011019283746556474 0.0036496350364963502
0 0.4669421487603306 0.020072992700729927 0.06336088154269973 0.040145985401459854
0 0.25757575757575757 0.013686131386861315 0.04132231404958678 0.02737226277372263
