0 0.39267015706806285 0.9808429118773946 0.02617801047120419 0.038314176245210725
0 0.331151832460733 0.9808429118773946 0.03926701570680628 0.038314176245210725
0 0.2787958115183246 0.9808429118773946 0.03926701570680628 0.038314176245210725
0 0.5013089005235603 0.9655172413793104 0.007853403141361256 0.01532567049808429
0 0.6413612565445026 0.9597701149425287 0.015706806282722512 0.08045977011494253
0 0.34293193717277487 0.9597701149425287 0.27225130890052357 0.08045977011494253
0 0.6086387434554974 0.9578544061302682 0.007853403141361256 0.0842911877394636
0 0.9960732984293194 0.8160919540229885 0.007853403141361256 0.12260536398467432
0 0.9973821989528796 0.735632183908046 0.005235602094240838 0.01532567049808429
0 0.9973821989528796 0.7126436781609196 0.005235602094240838 0.01532567049808429
0 0.9973821989528796 0.6724137931034483 0.005235602094240838 0.05747126436781609
0 0.9973821989528796 0.6302681992337165 0.005235602094240838 0.019157088122605363
0 0.5 0.4616858237547893 1.0 0.8467432950191571
0 0.5261780104712042 0.0210727969348659 0.015706806282722512 0.011494252873563218
0 0.49214659685863876 0.013409961685823755 0.005235602094240838 0.011494252873563218
0 0.5549738219895288 0.009578544061302681 0.031413612565445025 0.019157088122605363
0 0.38219895287958117 0.011494252873563218 0.010471204188481676 0.022988505747126436
0 0.31282722513089006 0.017241379310344827 0.013089005235602094 0.034482758620689655
0 0.2709424083769634 0.019157088122605363 0.03926701570680628 0.038314176245210725
0 0.337696335078534 0.040229885057471264 0.2670157068062827 0.08045977011494253
