0 0.5993589743589743 0.9941860465116279 0.01282051282051282 0.011627906976744186
0 0.4182692307692308 0.9927325581395349 0.16346153846153846 0.014534883720930232
0 0.9967948717948718 0.8299418604651163 0.00641025641025641 0.0029069767441860465
0 0.6169871794871795 0.3696705426356589 0.04487179487179487 0.02422480620155039
0 0.6217948717948718 0.34060077519379844 0.05448717948717949 0.01065891472868217
0 0.5 0.6322674418604651 1.0 0.6908914728682171
0 0.3629807692307692 0.2761627906976744 0.011217948717948718 0.001937984496124031
0 0.3333333333333333 0.27761627906976744 0.04487179487179487 0.0048449612403100775
0 0.390224358974359 0.2751937984496124 0.020833333333333332 0.007751937984496124
0 0.23317307692307693 0.2756782945736434 0.10096153846153846 0.012596899224806201
0 0.5400641025641025 0.2698643410852713 0.01282051282051282 0.006782945736434108
0 0.4703525641025641 0.26695736434108525 0.07532051282051282 0.020348837209302327
0 0.5 0.15455426356589147 1.0 0.21608527131782945
0 0.3798076923076923 0.035368217054263566 0.009615384615384616 0.0048449612403100775
0 0.5144230769230769 0.029069767441860465 0.02564102564102564 0.01937984496124031
