0 0.2532808398950131 0.9948559670781894 0.10236220472440945 0.0102880658436214
0 0.2690288713910761 0.9711934156378601 0.09711286089238845 0.01646090534979424
0 0.9973753280839895 0.9732510288065843 0.005249343832020997 0.053497942386831275
0 0.9422572178477691 0.9331275720164609 0.05249343832020997 0.006172839506172839
0 0.8412073490813649 0.934156378600823 0.11286089238845144 0.00823045267489712
0 0.09580052493438321 0.9166666666666666 0.01837270341207349 0.00205761316872428
0 0.9514435695538058 0.9104938271604939 0.03412073490813648 0.006172839506172839
0 0.9566929133858267 0.897119341563786 0.03412073490813648 0.00823045267489712
0 0.958005249343832 0.8847736625514403 0.02099737532808399 0.00411522633744856
0 0.7322834645669292 0.9022633744855967 0.24671916010498687 0.047325102880658436
0 0.9593175853018373 0.8724279835390947 0.023622047244094488 0.00823045267489712
0 0.9619422572178478 0.8477366255144033 0.013123359580052493 0.00411522633744856
0 0.8320209973753281 0.8477366255144033 0.02099737532808399 0.00411522633744856
0 0.8057742782152231 0.8477366255144033 0.010498687664041995 0.00411522633744856
0 0.8346456692913385 0.8425925925925926 0.14173228346456693 0.02263374485596708
0 0.9501312335958005 0.8240740740740741 0.03674540682414698 0.006172839506172839
0 0.9028871391076115 0.823045267489712 0.04199475065616798 0.00823045267489712
0 0.7703412073490814 0.8240740740740741 0.18635170603674542 0.0102880658436214
0 0.94750656167979 0.8117283950617284 0.010498687664041995 0.00205761316872428
0 0.9553805774278216 0.7993827160493827 0.02099737532808399 0.006172839506172839
0 0.6850393700787402 0.7973251028806584 0.005249343832020997 0.00205761316872428
0 0.7401574803149606 0.8055555555555556 0.15223097112860892 0.02263374485596708
0 0.1141732283464567 0.7942386831275721 0.05511811023622047 0.00823045267489712
0 0.9606299212598425 0.7870370370370371 0.015748031496062992 0.006172839506172839
0 0.6889763779527559 0.7860082304526749 0.023622047244094488 0.00411522633744856
0 0.6692913385826772 0.7849794238683128 0.005249343832020997 0.00205761316872428
0 0.6548556430446194 0.7849794238683128 0.007874015748031496 0.00205761316872428
0 0.6338582677165354 0.7849794238683128 0.01837270341207349 0.00205761316872428
0 0.5813648293963255 0.7849794238683128 0.07086614173228346 0.00205761316872428
0 0.8398950131233596 0.7983539094650206 0.1732283464566929 0.037037037037037035
0 0.5078740157480315 0.7973251028806584 0.14435695538057744 0.03497942386831276
0 0.94750656167979 0.7613168724279835 0.03674540682414698 0.00411522633744856
0 0.6167979002624672 0.7602880658436214 0.010498687664041995 0.00205761316872428
0 0.5866141732283464 0.7602880658436214 0.03937007874015748 0.00205761316872428
0 0.7939632545931758 0.7602880658436214 0.023622047244094488 0.006172839506172839
0 0.4238845144356955 0.76440329218107 0.04461942257217848 0.02263374485596708
0 0.8713910761154856 0.6851851851851852 0.005249343832020997 0.00411522633744856
0 0.8753280839895013 0.5740740740740741 0.06561679790026247 0.0205761316872428
0 0.7375328083989501 0.6604938271604939 0.4671916010498688 0.205761316872428
0 0.5026246719160105 0.772633744855967 0.94750656167979 0.4547325102880658
0 0.9960629921259843 0.5493827160493827 0.007874015748031496 0.012345679012345678
0 0.9278215223097113 0.5483539094650206 0.07611548556430446 0.01440329218106996
0 0.8123359580052494 0.5473251028806584 0.12860892388451445 0.01646090534979424
0 0.6548556430446194 0.5442386831275721 0.18110236220472442 0.01440329218106996
0 0.0984251968503937 0.5360082304526749 0.06561679790026247 0.006172839506172839
0 0.049868766404199474 0.5349794238683128 0.02099737532808399 0.00411522633744856
0 0.33858267716535434 0.5401234567901234 0.3937007874015748 0.018518518518518517
0 0.2099737532808399 0.5257201646090535 0.005249343832020997 0.00205761316872428
0 0.994750656167979 0.5257201646090535 0.010498687664041995 0.0102880658436214
0 0.14960629921259844 0.5236625514403292 0.03674540682414698 0.006172839506172839
0 0.08792650918635171 0.5236625514403292 0.01837270341207349 0.006172839506172839
0 0.9238845144356955 0.5246913580246914 0.08398950131233596 0.012345679012345678
0 0.4356955380577428 0.5185185185185185 0.010498687664041995 0.00411522633744856
0 0.6653543307086615 0.5195473251028807 0.4068241469816273 0.018518518518518517
0 0.047244094488188976 0.5113168724279835 0.005249343832020997 0.00205761316872428
0 0.09580052493438321 0.5113168724279835 0.049868766404199474 0.006172839506172839
0 0.30446194225721784 0.51440329218107 0.2204724409448819 0.01646090534979424
0 0.15748031496062992 0.5123456790123457 0.05774278215223097 0.012345679012345678
0 0.9960629921259843 0.5051440329218106 0.007874015748031496 0.0102880658436214
0 0.9461942257217848 0.5030864197530864 0.03412073490813648 0.0102880658436214
0 0.14698162729658792 0.5 0.005249343832020997 0.00411522633744856
0 0.8595800524934383 0.5020576131687243 0.11811023622047244 0.012345679012345678
0 0.7414698162729659 0.49897119341563784 0.06036745406824147 0.006172839506172839
0 0.6351706036745407 0.49691358024691357 0.12073490813648294 0.01440329218106996
0 0.5039370078740157 0.4948559670781893 0.11548556430446194 0.0102880658436214
0 0.06692913385826772 0.48662551440329216 0.007874015748031496 0.00205761316872428
0 0.09973753280839895 0.4876543209876543 0.02099737532808399 0.00823045267489712
0 0.994750656167979 0.4825102880658436 0.010498687664041995 0.01440329218106996
0 0.9330708661417323 0.48148148148148145 0.06036745406824147 0.012345679012345678
0 0.4553805774278215 0.4722222222222222 0.03937007874015748 0.0102880658436214
0 0.36876640419947504 0.4691358024691358 0.01837270341207349 0.00411522633744856
0 0.07349081364829396 0.46399176954732513 0.010498687664041995 0.00205761316872428
0 0.7296587926509186 0.4732510288065844 0.2099737532808399 0.024691358024691357
0 0.25196850393700787 0.4783950617283951 0.29396325459317585 0.03909465020576132
0 0.9960629921259843 0.4567901234567901 0.007874015748031496 0.00823045267489712
0 0.17191601049868765 0.4537037037037037 0.007874015748031496 0.00205761316872428
0 0.9383202099737533 0.455761316872428 0.03937007874015748 0.0102880658436214
0 0.7335958005249343 0.4495884773662551 0.007874015748031496 0.00205761316872428
0 0.8438320209973753 0.4537037037037037 0.09711286089238845 0.01440329218106996
0 0.6601049868766404 0.4495884773662551 0.08661417322834646 0.01440329218106996
0 0.5144356955380578 0.4609053497942387 0.1784776902887139 0.0411522633744856
0 0.24934383202099739 0.448559670781893 0.12073490813648294 0.0205761316872428
0 0.7992125984251969 0.4403292181069959 0.08136482939632546 0.00823045267489712
0 0.65748031496063 0.4382716049382716 0.007874015748031496 0.00411522633744856
0 0.6115485564304461 0.43621399176954734 0.07874015748031496 0.00823045267489712
0 0.25984251968503935 0.43004115226337447 0.010498687664041995 0.00411522633744856
0 0.22440944881889763 0.42901234567901236 0.007874015748031496 0.00205761316872428
0 0.9383202099737533 0.43106995884773663 0.03937007874015748 0.0102880658436214
0 0.6719160104986877 0.4228395061728395 0.010498687664041995 0.006172839506172839
0 0.568241469816273 0.4228395061728395 0.09711286089238845 0.0102880658436214
0 0.9422572178477691 0.4176954732510288 0.02099737532808399 0.00411522633744856
0 0.2585301837270341 0.4176954732510288 0.007874015748031496 0.00411522633744856
0 0.24015748031496062 0.4166666666666667 0.007874015748031496 0.00205761316872428
0 0.22703412073490814 0.4166666666666667 0.007874015748031496 0.00205761316872428
0 0.9015748031496063 0.4166666666666667 0.05511811023622047 0.006172839506172839
0 0.7296587926509186 0.41975308641975306 0.13648293963254593 0.024691358024691357
0 0.5170603674540682 0.4094650205761317 0.09448818897637795 0.00823045267489712
0 0.9973753280839895 0.4053497942386831 0.005249343832020997 0.00411522633744856
0 0.9435695538057742 0.404320987654321 0.023622047244094488 0.006172839506172839
0 0.863517060367454 0.40329218106995884 0.07874015748031496 0.00823045267489712
0 0.479002624671916 0.39609053497942387 0.06561679790026247 0.0102880658436214
0 0.9435695538057742 0.39197530864197533 0.028871391076115485 0.0102880658436214
0 0.7034120734908137 0.38786008230452673 0.03674540682414698 0.0102880658436214
0 0.45931758530183725 0.3837448559670782 0.026246719160104987 0.0102880658436214
0 0.08267716535433071 0.3775720164609053 0.007874015748031496 0.00205761316872428
0 0.5590551181102362 0.36419753086419754 0.2572178477690289 0.07818930041152264
0 0.25065616797900264 0.32407407407407407 0.028871391076115485 0.08436213991769548
0 0.9934383202099738 0.3343621399176955 0.013123359580052493 0.12551440329218108
0 0.1167979002624672 0.31893004115226337 0.16535433070866143 0.09876543209876543
0 0.9383202099737533 0.2757201646090535 0.04461942257217848 0.01646090534979424
0 0.7086614173228346 0.25925925925925924 0.010498687664041995 0.00411522633744856
0 0.9146981627296588 0.25823045267489714 0.08661417322834646 0.006172839506172839
0 0.6089238845144357 0.25925925925925924 0.03674540682414698 0.012345679012345678
0 0.7034120734908137 0.3230452674897119 0.5196850393700787 0.1440329218106996
0 0.47244094488188976 0.2397119341563786 0.015748031496062992 0.006172839506172839
0 0.8333333333333334 0.23559670781893005 0.0026246719160104987 0.00205761316872428
0 0.8175853018372703 0.23559670781893005 0.013123359580052493 0.00205761316872428
0 0.905511811023622 0.23559670781893005 0.05774278215223097 0.006172839506172839
0 0.5643044619422573 0.2366255144032922 0.08923884514435695 0.012345679012345678
0 0.7716535433070866 0.22325102880658437 0.005249343832020997 0.00205761316872428
0 0.6929133858267716 0.2242798353909465 0.010498687664041995 0.00411522633744856
0 0.7217847769028871 0.23148148148148148 0.1732283464566929 0.018518518518518517
0 0.5288713910761155 0.22530864197530864 0.06561679790026247 0.006172839506172839
0 0.7887139107611548 0.2222222222222222 0.013123359580052493 0.00411522633744856
0 0.8989501312335958 0.2222222222222222 0.11286089238845144 0.00823045267489712
0 0.9146981627296588 0.2109053497942387 0.0026246719160104987 0.00205761316872428
0 0.7125984251968503 0.2109053497942387 0.0026246719160104987 0.00205761316872428
0 0.8031496062992126 0.21193415637860083 0.1679790026246719 0.00823045267489712
0 0.631233595800525 0.21193415637860083 0.08661417322834646 0.00823045267489712
0 0.49081364829396323 0.2139917695473251 0.07874015748031496 0.012345679012345678
0 0.583989501312336 0.2006172839506173 0.07086614173228346 0.006172839506172839
0 0.4540682414698163 0.2006172839506173 0.05249343832020997 0.006172839506172839
0 0.9094488188976378 0.19855967078189302 0.09186351706036745 0.006172839506172839
0 0.8202099737532809 0.19855967078189302 0.05511811023622047 0.006172839506172839
0 0.7769028871391076 0.19753086419753085 0.026246719160104987 0.00411522633744856
0 0.7296587926509186 0.18621399176954734 0.005249343832020997 0.00205761316872428
0 0.6968503937007874 0.18724279835390947 0.013123359580052493 0.00411522633744856
0 0.6837270341207349 0.18621399176954734 0.007874015748031496 0.00205761316872428
0 0.4330708661417323 0.18930041152263374 0.026246719160104987 0.00823045267489712
0 0.9225721784776902 0.18415637860082304 0.0026246719160104987 0.00205761316872428
0 0.8884514435695539 0.18518518518518517 0.013123359580052493 0.00411522633744856
0 0.8438320209973753 0.18518518518518517 0.023622047244094488 0.00411522633744856
0 0.7769028871391076 0.18621399176954734 0.031496062992125984 0.006172839506172839
0 0.541994750656168 0.18724279835390947 0.07611548556430446 0.00823045267489712
0 0.8188976377952756 0.17386831275720166 0.005249343832020997 0.00205761316872428
0 0.8044619422572179 0.17386831275720166 0.0026246719160104987 0.00205761316872428
0 0.7887139107611548 0.17386831275720166 0.0026246719160104987 0.00205761316872428
0 0.510498687664042 0.1748971193415638 0.04461942257217848 0.00411522633744856
0 0.8372703412073491 0.1728395061728395 0.010498687664041995 0.00411522633744856
0 0.9015748031496063 0.17181069958847736 0.11286089238845144 0.006172839506172839
0 0.6338582677165354 0.16152263374485595 0.0026246719160104987 0.00205761316872428
0 0.615485564304462 0.16152263374485595 0.007874015748031496 0.00205761316872428
0 0.9081364829396326 0.15946502057613168 0.005249343832020997 0.00205761316872428
0 0.889763779527559 0.16049382716049382 0.010498687664041995 0.00411522633744856
0 0.8648293963254593 0.16049382716049382 0.03412073490813648 0.00411522633744856
0 0.8385826771653543 0.16049382716049382 0.013123359580052493 0.00411522633744856
0 0.8136482939632546 0.16049382716049382 0.026246719160104987 0.00411522633744856
0 0.7467191601049868 0.16049382716049382 0.028871391076115485 0.00411522633744856
0 0.7099737532808399 0.16049382716049382 0.028871391076115485 0.00411522633744856
0 0.6811023622047244 0.16049382716049382 0.023622047244094488 0.00411522633744856
0 0.7769028871391076 0.14917695473251028 0.005249343832020997 0.00205761316872428
0 0.7191601049868767 0.14917695473251028 0.015748031496062992 0.00205761316872428
0 0.8149606299212598 0.14814814814814814 0.028871391076115485 0.00411522633744856
0 0.7926509186351706 0.14814814814814814 0.010498687664041995 0.00411522633744856
0 0.8937007874015748 0.147119341563786 0.12335958005249344 0.006172839506172839
0 0.7191601049868767 0.13580246913580246 0.47244094488188976 0.00823045267489712
0 0.6246719160104987 0.12448559670781893 0.005249343832020997 0.00205761316872428
0 0.5170603674540682 0.12448559670781893 0.005249343832020997 0.00205761316872428
0 0.8083989501312336 0.12242798353909465 0.010498687664041995 0.00205761316872428
0 0.8871391076115486 0.12242798353909465 0.14173228346456693 0.006172839506172839
0 0.7375328083989501 0.11213991769547325 0.4409448818897638 0.0102880658436214
0 0.9199475065616798 0.09979423868312758 0.023622047244094488 0.00205761316872428
0 0.94750656167979 0.09876543209876543 0.02099737532808399 0.00411522633744856
0 0.7519685039370079 0.08950617283950617 0.3805774278215223 0.0102880658436214
0 0.7165354330708661 0.06893004115226338 0.46194225721784776 0.02263374485596708
0 0.13517060367454067 0.05452674897119342 0.1968503937007874 0.059670781893004114
0 0.5446194225721784 0.0102880658436214 0.007874015748031496 0.00411522633744856
0 0.35170603674540685 0.00102880658436214 0.015748031496062992 0.00205761316872428
