0 0.3971354166666667 0.9980916030534351 0.0026041666666666665 0.003816793893129771
0 0.5078125 0.9942748091603053 0.010416666666666666 0.011450381679389313
0 0.3463541666666667 0.9751908396946565 0.2708333333333333 0.04961832061068702
0 0.6458333333333334 0.9732824427480916 0.020833333333333332 0.05343511450381679
0 0.6145833333333334 0.9732824427480916 0.010416666666666666 0.05343511450381679
0 0.99609375 0.8187022900763359 0.0078125 0.011450381679389313
0 0.9973958333333334 0.7061068702290076 0.005208333333333333 0.015267175572519083
0 0.3841145833333333 0.6106870229007634 0.0078125 0.007633587786259542
0 0.040364583333333336 0.6049618320610687 0.0078125 0.003816793893129771
0 0.453125 0.5858778625954199 0.005208333333333333 0.003816793893129771
0 0.2916666666666667 0.583969465648855 0.015625 0.015267175572519083
0 0.18489583333333334 0.5820610687022901 0.010416666666666666 0.011450381679389313
0 0.453125 0.5648854961832062 0.015625 0.015267175572519083
0 0.24479166666666666 0.5629770992366412 0.020833333333333332 0.011450381679389313
0 0.19010416666666666 0.5648854961832062 0.020833333333333332 0.015267175572519083
0 0.05859375 0.5744274809160306 0.044270833333333336 0.03435114503816794
0 0.3802083333333333 0.5610687022900763 0.020833333333333332 0.015267175572519083
0 0.4166666666666667 0.5438931297709924 0.07291666666666667 0.011450381679389313
0 0.31640625 0.5648854961832062 0.08072916666666667 0.05343511450381679
0 0.9895833333333334 0.37404580152671757 0.020833333333333332 0.6412213740458015
0 0.4947916666666667 0.48091603053435117 0.9895833333333334 0.8854961832061069
0 0.6119791666666666 0.026717557251908396 0.015625 0.022900763358778626
0 0.5338541666666666 0.01717557251908397 0.020833333333333332 0.011450381679389313
0 0.6393229166666666 0.01717557251908397 0.018229166666666668 0.03435114503816794
0 0.5611979166666666 0.009541984732824428 0.033854166666666664 0.019083969465648856
0 0.5 0.011450381679389313 0.005208333333333333 0.022900763358778626
0 0.3893229166666667 0.009541984732824428 0.013020833333333334 0.019083969465648856
0 0.3190104166666667 0.013358778625954198 0.013020833333333334 0.026717557251908396
0 0.2760416666666667 0.01717557251908397 0.041666666666666664 0.03435114503816794
0 0.34375 0.03625954198473282 0.2760416666666667 0.07251908396946564
