0 0.45528455284552843 0.5337301587301587 0.005420054200542005 0.011904761904761904
0 0.2777777777777778 0.5297619047619048 0.0027100271002710027 0.003968253968253968
0 0.5433604336043361 0.5317460317460317 0.013550135501355014 0.015873015873015872
0 0.5 0.5297619047619048 0.008130081300813009 0.011904761904761904
0 0.2127371273712737 0.5297619047619048 0.008130081300813009 0.011904761904761904
0 0.3062330623306233 0.4722222222222222 0.01084010840108401 0.007936507936507936
0 0.28184281842818426 0.4722222222222222 0.01084010840108401 0.007936507936507936
0 0.5772357723577236 0.4742063492063492 0.016260162601626018 0.01984126984126984
0 0.5230352303523035 0.4722222222222222 0.01084010840108401 0.015873015873015872
0 0.502710027100271 0.4722222222222222 0.013550135501355014 0.015873015873015872
0 0.34688346883468835 0.47023809523809523 0.01084010840108401 0.011904761904761904
0 0.46612466124661245 0.4722222222222222 0.037940379403794036 0.023809523809523808
0 0.36449864498644985 0.47023809523809523 0.018970189701897018 0.01984126984126984
0 0.3265582655826558 0.47023809523809523 0.018970189701897018 0.01984126984126984
0 0.4146341463414634 0.47023809523809523 0.02168021680216802 0.027777777777777776
0 0.26151761517615174 0.46825396825396826 0.018970189701897018 0.023809523809523808
0 0.5474254742547425 0.4662698412698413 0.02710027100271003 0.03571428571428571
0 0.5 0.5396825396825397 1.0 0.8492063492063492
0 0.5555555555555556 0.07738095238095238 0.01084010840108401 0.011904761904761904
0 0.5311653116531165 0.07539682539682539 0.01084010840108401 0.015873015873015872
0 0.5487804878048781 0.03571428571428571 0.013550135501355014 0.015873015873015872
0 0.4986449864498645 0.003968253968253968 0.005420054200542005 0.007936507936507936
0 0.3861788617886179 0.03373015873015873 0.024390243902439025 0.06746031746031746
0 0.34010840108401086 0.03571428571428571 0.018970189701897018 0.07142857142857142
0 0.2845528455284553 0.03571428571428571 0.05420054200542006 0.07142857142857142
0 0.26558265582655827 0.00992063492063492 0.02168021680216802 0.01984126984126984
