0 0.5803964757709251 0.995702005730659 0.011013215859030838 0.008595988538681949
0 0.46365638766519823 0.9885386819484241 0.019823788546255508 0.022922636103151862
0 0.5462555066079295 0.9856733524355301 0.013215859030837005 0.02865329512893983
0 0.5649779735682819 0.9742120343839542 0.019823788546255508 0.011461318051575931
0 0.3843612334801762 0.9813753581661891 0.028634361233480177 0.03724928366762178
0 0.6365638766519823 0.9742120343839542 0.04405286343612335 0.05157593123209169
0 0.42951541850220265 0.9656160458452722 0.2026431718061674 0.06876790830945559
0 0.31938325991189426 0.7578796561604585 0.004405286343612335 0.0028653295128939827
0 0.3579295154185022 0.7421203438395415 0.006607929515418502 0.0057306590257879654
0 0.023127753303964757 0.7478510028653295 0.046255506607929514 0.017191977077363897
0 0.28193832599118945 0.6891117478510028 0.022026431718061675 0.008595988538681949
0 0.1420704845814978 0.7034383954154728 0.2841409691629956 0.054441260744985676
0 0.13656387665198239 0.66189111747851 0.013215859030837005 0.0057306590257879654
0 0.06277533039647577 0.660458452722063 0.12555066079295155 0.014326647564469915
0 0.037444933920704845 0.6375358166189111 0.07488986784140969 0.014326647564469915
0 0.1277533039647577 0.6189111747851003 0.004405286343612335 0.0057306590257879654
0 0.10242290748898679 0.6174785100286533 0.019823788546255508 0.008595988538681949
0 0.030837004405286344 0.6146131805157593 0.06167400881057269 0.02005730659025788
0 0.3314977973568282 0.5 0.0022026431718061676 0.0028653295128939827
0 0.2918502202643172 0.47564469914040114 0.015418502202643172 0.0057306590257879654
0 0.9669603524229075 0.19484240687679083 0.03524229074889868 0.011461318051575931
0 0.8777533039647577 0.18911174785100288 0.08590308370044053 0.011461318051575931
0 0.7841409691629956 0.18624641833810887 0.07048458149779736 0.011461318051575931
0 0.9702643171806168 0.17908309455587393 0.019823788546255508 0.0028653295128939827
0 0.6685022026431718 0.167621776504298 0.006607929515418502 0.0028653295128939827
0 0.5 0.5401146131805158 1.0 0.7535816618911175
0 0.06387665198237885 0.3825214899713467 0.1277533039647577 0.4383954154727794
0 0.5759911894273128 0.16189111747851004 0.05947136563876652 0.008595988538681949
0 0.4713656387665198 0.15759312320916904 0.0881057268722467 0.0057306590257879654
0 0.4063876651982379 0.15329512893982808 0.0022026431718061676 0.0028653295128939827
0 0.6222466960352423 0.12750716332378223 0.7555066079295154 0.0830945558739255
0 0.20704845814977973 0.09025787965616046 0.07048458149779736 0.02005730659025788
0 0.07709251101321586 0.0988538681948424 0.15418502202643172 0.04871060171919771
0 0.5848017621145375 0.044412607449856735 0.006607929515418502 0.008595988538681949
0 0.5627753303964758 0.044412607449856735 0.015418502202643172 0.014326647564469915
0 0.43171806167400884 0.044412607449856735 0.013215859030837005 0.014326647564469915
0 0.5440528634361234 0.027220630372492838 0.00881057268722467 0.03151862464183381
0 0.46255506607929514 0.03008595988538682 0.01762114537444934 0.04297994269340974
0 0.5627753303964758 0.0071633237822349575 0.0022026431718061676 0.0028653295128939827
0 0.4196035242290749 0.024355300859598854 0.037444933920704845 0.04871060171919771
0 0.3788546255506608 0.024355300859598854 0.02643171806167401 0.04871060171919771
