0 0.8304721030042919 0.9303062302006336 0.012875536480686695 0.021119324181626188
0 0.748211731044349 0.912882787750792 0.002861230329041488 0.0010559662090813093
0 0.7360515021459227 0.912882787750792 0.004291845493562232 0.0010559662090813093
0 0.8147353361945636 0.912882787750792 0.024320457796852647 0.0031678986272439284
0 0.7911301859799714 0.912882787750792 0.017167381974248927 0.0031678986272439284
0 0.7725321888412017 0.912882787750792 0.017167381974248927 0.0031678986272439284
0 0.913447782546495 0.9123548046462513 0.11587982832618025 0.004223864836325237
0 0.5 0.9456177402323126 1.0 0.07286166842661035
0 0.6251788268955651 0.9065469904963042 0.008583690987124463 0.0010559662090813093
0 0.567238912732475 0.9060190073917634 0.027181688125894134 0.0021119324181626186
0 0.0765379113018598 0.9065469904963042 0.07010014306151645 0.0031678986272439284
0 0.9141630901287554 0.9054910242872228 0.10586552217453506 0.0031678986272439284
0 0.2117310443490701 0.9065469904963042 0.15164520743919885 0.005279831045406547
0 0.8190271816881259 0.8986272439281943 0.02145922746781116 0.0021119324181626186
0 0.9113018597997139 0.8986272439281943 0.10586552217453506 0.004223864836325237
0 0.6895565092989986 0.899155227032735 0.11158798283261803 0.005279831045406547
0 0.5 0.899155227032735 0.21316165951359084 0.007391763463569166
0 0.3655221745350501 0.899155227032735 0.044349070100143065 0.007391763463569166
0 0.17882689556509299 0.899155227032735 0.27467811158798283 0.007391763463569166
0 0.474964234620887 0.8917634635691658 0.002861230329041488 0.0010559662090813093
0 0.3032904148783977 0.8917634635691658 0.002861230329041488 0.0010559662090813093
0 0.2989985693848355 0.8917634635691658 0.002861230329041488 0.0010559662090813093
0 0.8197424892703863 0.8912354804646251 0.01430615164520744 0.0021119324181626186
0 0.6967095851216023 0.8917634635691658 0.06294706723891273 0.0031678986272439284
0 0.5400572246065808 0.8917634635691658 0.04721030042918455 0.0031678986272439284
0 0.49928469241773965 0.8917634635691658 0.01430615164520744 0.0031678986272439284
0 0.4313304721030043 0.8917634635691658 0.04721030042918455 0.0031678986272439284
0 0.3748211731044349 0.8917634635691658 0.020028612303290415 0.0031678986272439284
0 0.913447782546495 0.8912354804646251 0.1044349070100143 0.004223864836325237
0 0.16666666666666666 0.8917634635691658 0.2446351931330472 0.005279831045406547
0 0.5994277539341917 0.8843717001055966 0.031473533619456366 0.0031678986272439284
0 0.5579399141630901 0.8843717001055966 0.01430615164520744 0.0031678986272439284
0 0.530758226037196 0.8848996832101372 0.02575107296137339 0.004223864836325237
0 0.9120171673819742 0.883843717001056 0.1044349070100143 0.004223864836325237
0 0.8104434907010014 0.883843717001056 0.0357653791130186 0.004223864836325237
0 0.7017167381974249 0.8843717001055966 0.11015736766809728 0.005279831045406547
0 0.4957081545064378 0.8843717001055966 0.030042918454935622 0.005279831045406547
0 0.42989985693848354 0.8848996832101372 0.07296137339055794 0.006335797254487857
0 0.1688125894134478 0.8848996832101372 0.25178826895565093 0.006335797254487857
0 0.3419170243204578 0.8843717001055966 0.09155937052932761 0.007391763463569166
0 0.617310443490701 0.877507919746568 0.010014306151645207 0.0021119324181626186
0 0.5772532188841202 0.877507919746568 0.015736766809728183 0.0021119324181626186
0 0.5293276108726752 0.877507919746568 0.01430615164520744 0.0021119324181626186
0 0.5071530758226037 0.877507919746568 0.00715307582260372 0.0021119324181626186
0 0.48283261802575106 0.877507919746568 0.00715307582260372 0.0021119324181626186
0 0.8204577968526466 0.8769799366420274 0.012875536480686695 0.0031678986272439284
0 0.597997138769671 0.8769799366420274 0.017167381974248927 0.0031678986272439284
0 0.5543633762517882 0.877507919746568 0.02145922746781116 0.004223864836325237
0 0.41416309012875535 0.877507919746568 0.030042918454935622 0.004223864836325237
0 0.3698140200286123 0.877507919746568 0.032904148783977114 0.004223864836325237
0 0.17167381974248927 0.8780359028511088 0.24892703862660945 0.005279831045406547
0 0.9148783977110158 0.8764519535374868 0.10157367668097282 0.004223864836325237
0 0.7081545064377682 0.8764519535374868 0.09155937052932761 0.004223864836325237
0 0.1380543633762518 0.8717001055966209 0.00715307582260372 0.0010559662090813093
0 0.11158798283261803 0.8717001055966209 0.002861230329041488 0.0010559662090813093
0 0.6037195994277539 0.8711721224920802 0.01430615164520744 0.0021119324181626186
0 0.522889842632332 0.8711721224920802 0.012875536480686695 0.0021119324181626186
0 0.5114449213161659 0.8711721224920802 0.00715307582260372 0.0021119324181626186
0 0.47353361945636624 0.8717001055966209 0.04005722460658083 0.0031678986272439284
0 0.4084406294706724 0.8717001055966209 0.024320457796852647 0.0031678986272439284
0 0.07439198855507868 0.8717001055966209 0.060085836909871244 0.0031678986272439284
0 0.9585121602288984 0.870116156282999 0.005722460658082976 0.0021119324181626186
0 0.9470672389127325 0.870116156282999 0.01430615164520744 0.0021119324181626186
0 0.7131616595135909 0.8711721224920802 0.09871244635193133 0.004223864836325237
0 0.5658082975679543 0.8706441393875396 0.05293276108726753 0.0031678986272439284
0 0.3054363376251788 0.8717001055966209 0.16452074391988555 0.005279831045406547
0 0.804005722460658 0.8643083421330517 0.005722460658082976 0.0010559662090813093
0 0.7968526466380543 0.8643083421330517 0.002861230329041488 0.0010559662090813093
0 0.6502145922746781 0.8643083421330517 0.004291845493562232 0.0010559662090813093
0 0.6165951359084406 0.8643083421330517 0.008583690987124463 0.0010559662090813093
0 0.5987124463519313 0.8643083421330517 0.00715307582260372 0.0010559662090813093
0 0.5872675250357654 0.8648363252375924 0.012875536480686695 0.0021119324181626186
0 0.5457796852646638 0.8648363252375924 0.01859799713876967 0.0021119324181626186
0 0.9220314735336195 0.8632523759239704 0.001430615164520744 0.0010559662090813093
0 0.8655221745350501 0.8632523759239704 0.002861230329041488 0.0010559662090813093
0 0.821173104434907 0.8637803590285111 0.017167381974248927 0.0021119324181626186
0 0.6967095851216023 0.8643083421330517 0.04005722460658083 0.0031678986272439284
0 0.5693848354792561 0.8648363252375924 0.017167381974248927 0.004223864836325237
0 0.20457796852646637 0.8648363252375924 0.31759656652360513 0.004223864836325237
0 0.9542203147353362 0.8632523759239704 0.02575107296137339 0.0031678986272439284
0 0.7603719599427754 0.8637803590285111 0.055793991416309016 0.004223864836325237
0 0.7117310443490701 0.8579725448785639 0.010014306151645207 0.0010559662090813093
0 0.6995708154506438 0.8579725448785639 0.002861230329041488 0.0010559662090813093
0 0.648068669527897 0.8579725448785639 0.005722460658082976 0.0010559662090813093
0 0.41487839771101576 0.8585005279831045 0.008583690987124463 0.0021119324181626186
0 0.8047210300429185 0.8574445617740233 0.00715307582260372 0.0021119324181626186
0 0.7975679542203148 0.8574445617740233 0.004291845493562232 0.0021119324181626186
0 0.7582260371959942 0.8585005279831045 0.045779685264663805 0.004223864836325237
0 0.7274678111587983 0.8579725448785639 0.010014306151645207 0.0031678986272439284
0 0.6881258941344778 0.8579725448785639 0.008583690987124463 0.0031678986272439284
0 0.5929899856938483 0.8585005279831045 0.058655221745350504 0.004223864836325237
0 0.550071530758226 0.8585005279831045 0.024320457796852647 0.004223864836325237
0 0.8490701001430615 0.8574445617740233 0.07296137339055794 0.004223864836325237
0 0.20600858369098712 0.8585005279831045 0.3290414878397711 0.006335797254487857
0 0.28898426323319026 0.8526927138331574 0.002861230329041488 0.0010559662090813093
0 0.7432045779685265 0.851636747624076 0.00715307582260372 0.0010559662090813093
0 0.6945636623748211 0.851636747624076 0.004291845493562232 0.0010559662090813093
0 0.7260371959942775 0.8511087645195353 0.010014306151645207 0.0021119324181626186
0 0.6545064377682404 0.8511087645195353 0.01859799713876967 0.0021119324181626186
0 0.5472103004291845 0.851636747624076 0.010014306151645207 0.0031678986272439284
0 0.11659513590844063 0.8521647307286166 0.1473533619456366 0.004223864836325237
0 0.9642346208869814 0.8495248152059134 0.008583690987124463 0.0010559662090813093
0 0.9506437768240343 0.8495248152059134 0.004291845493562232 0.0010559662090813093
0 0.8104434907010014 0.8505807814149947 0.03862660944206009 0.0031678986272439284
0 0.7732474964234621 0.8511087645195353 0.030042918454935622 0.004223864836325237
0 0.5915593705293276 0.851636747624076 0.07582260371959942 0.005279831045406547
0 0.9170243204577968 0.8500527983104541 0.04291845493562232 0.004223864836325237
0 0.8619456366237482 0.8500527983104541 0.055793991416309016 0.004223864836325237
0 0.46208869814020026 0.8453009503695882 0.002861230329041488 0.0010559662090813093
0 0.32331902718168815 0.8453009503695882 0.07725321888412018 0.0031678986272439284
0 0.15236051502145923 0.8447729672650475 0.015736766809728183 0.0021119324181626186
0 0.7131616595135909 0.8442449841605069 0.04148783977110158 0.0031678986272439284
0 0.9635193133047211 0.8426610348468849 0.012875536480686695 0.0021119324181626186
0 0.7811158798283262 0.8442449841605069 0.08011444921316166 0.005279831045406547
0 0.6652360515021459 0.8442449841605069 0.04005722460658083 0.005279831045406547
0 0.5693848354792561 0.8442449841605069 0.12589413447782546 0.005279831045406547
0 0.09227467811158799 0.8442449841605069 0.10157367668097282 0.005279831045406547
0 0.9234620886981402 0.8426610348468849 0.030042918454935622 0.004223864836325237
0 0.8605150214592274 0.8431890179514255 0.055793991416309016 0.005279831045406547
0 0.8125894134477826 0.8368532206969377 0.005722460658082976 0.0010559662090813093
0 0.6909871244635193 0.8368532206969377 0.08583690987124463 0.0031678986272439284
0 0.6144492131616596 0.8373812038014784 0.04148783977110158 0.004223864836325237
0 0.0994277539341917 0.8373812038014784 0.11301859799713877 0.004223864836325237
0 0.9620886981402003 0.8357972544878564 0.01859799713876967 0.0031678986272439284
0 0.771101573676681 0.8363252375923971 0.060085836909871244 0.004223864836325237
0 0.5436337625178826 0.8368532206969377 0.0715307582260372 0.005279831045406547
0 0.8912732474964234 0.8357972544878564 0.11158798283261803 0.005279831045406547
0 0.41630901287553645 0.8299894403379092 0.017167381974248927 0.0021119324181626186
0 0.23104434907010013 0.8299894403379092 0.024320457796852647 0.004223864836325237
0 0.9606580829756796 0.8284054910242872 0.024320457796852647 0.0031678986272439284
0 0.6509298998569385 0.8299894403379092 0.3319027181688126 0.006335797254487857
0 0.08512160228898426 0.8299894403379092 0.08726752503576538 0.006335797254487857
0 0.8884120171673819 0.8289334741288279 0.11158798283261803 0.006335797254487857
0 0.2246065808297568 0.8231256599788807 0.002861230329041488 0.0010559662090813093
0 0.5014306151645207 0.8220696937697993 0.001430615164520744 0.0010559662090813093
0 0.10157367668097282 0.8231256599788807 0.04864091559370529 0.0031678986272439284
0 0.796137339055794 0.8220696937697993 0.02145922746781116 0.0031678986272439284
0 0.7560801144492132 0.8220696937697993 0.024320457796852647 0.0031678986272439284
0 0.3540772532188841 0.8162618796198522 0.012875536480686695 0.0021119324181626186
0 0.3283261802575107 0.8157338965153115 0.004291845493562232 0.0010559662090813093
0 0.31402002861230327 0.8157338965153115 0.015736766809728183 0.0010559662090813093
0 0.19241773962804007 0.8157338965153115 0.001430615164520744 0.0010559662090813093
0 0.2947067238912732 0.8157338965153115 0.020028612303290415 0.0031678986272439284
0 0.18311874105865522 0.8157338965153115 0.005722460658082976 0.0031678986272439284
0 0.10157367668097282 0.8167898627243928 0.11731044349070101 0.005279831045406547
0 0.2224606580829757 0.8157338965153115 0.04721030042918455 0.007391763463569166
0 0.21244635193133046 0.7840549102428722 0.015736766809728183 0.005279831045406547
0 0.1301859799713877 0.7803590285110876 0.2317596566523605 0.0675818373812038
0 0.3776824034334764 0.7412882787750792 0.01430615164520744 0.0021119324181626186
0 0.3261802575107296 0.7418162618796198 0.07725321888412018 0.0031678986272439284
0 0.07510729613733906 0.7423442449841605 0.07296137339055794 0.004223864836325237
0 0.45278969957081544 0.7407602956705386 0.11301859799713877 0.005279831045406547
0 0.05078683834048641 0.7360084477296727 0.010014306151645207 0.0021119324181626186
0 0.40987124463519314 0.73389651531151 0.010014306151645207 0.0021119324181626186
0 0.7782546494992847 0.7317845828933475 0.008583690987124463 0.0021119324181626186
0 0.6409155937052933 0.776663146779303 0.7181688125894135 0.09609292502639916
0 0.059370529327610874 0.7286166842661035 0.030042918454935622 0.004223864836325237
0 0.413447782546495 0.7270327349524816 0.020028612303290415 0.005279831045406547
0 0.08869814020028613 0.721752903907075 0.002861230329041488 0.0010559662090813093
0 0.07510729613733906 0.7212249208025343 0.01859799713876967 0.0021119324181626186
0 0.05507868383404864 0.7212249208025343 0.01859799713876967 0.0021119324181626186
0 0.6266094420600858 0.7196409714889124 0.002861230329041488 0.0010559662090813093
0 0.6430615164520744 0.7196409714889124 0.012875536480686695 0.0031678986272439284
0 0.5822603719599427 0.720168954593453 0.08011444921316166 0.004223864836325237
0 0.4184549356223176 0.720168954593453 0.024320457796852647 0.004223864836325237
0 0.06366237482117311 0.7143611404435058 0.004291845493562232 0.0010559662090813093
0 0.05150214592274678 0.7148891235480465 0.011444921316165951 0.0021119324181626186
0 0.4220314735336195 0.7138331573389651 0.022889842632331903 0.004223864836325237
0 0.6015736766809728 0.7127771911298838 0.11301859799713877 0.004223864836325237
0 0.9070100143061517 0.7117212249208026 0.10872675250357654 0.004223864836325237
0 0.7496423462088698 0.7196409714889124 0.4263233190271817 0.02006335797254488
0 0.08655221745350501 0.708025343189018 0.004291845493562232 0.0010559662090813093
0 0.05722460658082976 0.708025343189018 0.005722460658082976 0.0010559662090813093
0 0.1680972818311874 0.708025343189018 0.010014306151645207 0.0031678986272439284
0 0.0736766809728183 0.7074973600844773 0.015736766809728183 0.0021119324181626186
0 0.4206008583690987 0.7074973600844773 0.02861230329041488 0.004223864836325237
0 0.6044349070100143 0.706441393875396 0.11015736766809728 0.004223864836325237
0 0.07439198855507868 0.7006335797254488 0.002861230329041488 0.0010559662090813093
0 0.06509298998569385 0.7006335797254488 0.004291845493562232 0.0010559662090813093
0 0.05436337625178827 0.7006335797254488 0.005722460658082976 0.0010559662090813093
0 0.04864091559370529 0.7006335797254488 0.002861230329041488 0.0010559662090813093
0 0.3040057224606581 0.7001055966209081 0.0357653791130186 0.0021119324181626186
0 0.4263233190271817 0.7001055966209081 0.04291845493562232 0.004223864836325237
0 0.7560801144492132 0.7022175290390708 0.4105865522174535 0.012671594508975714
0 0.259656652360515 0.6932418162618796 0.001430615164520744 0.0010559662090813093
0 0.24678111587982832 0.6932418162618796 0.001430615164520744 0.0010559662090813093
0 0.1688125894134478 0.6937697993664202 0.008583690987124463 0.0021119324181626186
0 0.05150214592274678 0.6937697993664202 0.005722460658082976 0.0021119324181626186
0 0.29542203147353363 0.6927138331573389 0.01859799713876967 0.0021119324181626186
0 0.43204577968526464 0.6927138331573389 0.04864091559370529 0.004223864836325237
0 0.6080114449213162 0.6921858500527983 0.10586552217453506 0.005279831045406547
0 0.8154506437768241 0.6916578669482577 0.29756795422031473 0.006335797254487857
0 0.06580829756795423 0.6869060190073918 0.04005722460658083 0.0031678986272439284
0 0.29756795422031473 0.6853220696937699 0.020028612303290415 0.0021119324181626186
0 0.6115879828326181 0.6847940865892291 0.03862660944206009 0.0031678986272439284
0 0.43705293276108725 0.6853220696937699 0.055793991416309016 0.004223864836325237
0 0.6516452074391988 0.6842661034846885 0.030042918454935622 0.004223864836325237
0 0.5736766809728183 0.6842661034846885 0.02575107296137339 0.004223864836325237
0 0.07939914163090128 0.6795142555438226 0.004291845493562232 0.0010559662090813093
0 0.06866952789699571 0.6795142555438226 0.005722460658082976 0.0010559662090813093
0 0.060801144492131615 0.6795142555438226 0.004291845493562232 0.0010559662090813093
0 0.05221745350500715 0.6795142555438226 0.004291845493562232 0.0010559662090813093
0 0.29542203147353363 0.6784582893347413 0.015736766809728183 0.0010559662090813093
0 0.6151645207439199 0.67740232312566 0.005722460658082976 0.0010559662090813093
0 0.4234620886981402 0.6779303062302007 0.02575107296137339 0.0021119324181626186
0 0.5736766809728183 0.67740232312566 0.022889842632331903 0.0031678986272439284
0 0.45493562231759654 0.67740232312566 0.034334763948497854 0.0031678986272439284
0 0.6602288984263234 0.6768743400211193 0.02145922746781116 0.004223864836325237
0 0.8175965665236051 0.6805702217529039 0.296137339055794 0.013727560718057022
0 0.2989985693848355 0.6710665258711721 0.005722460658082976 0.0010559662090813093
0 0.07010014306151645 0.6721224920802534 0.05150214592274678 0.0031678986272439284
0 0.5693848354792561 0.6705385427666315 0.005722460658082976 0.0021119324181626186
0 0.4427753934191702 0.6710665258711721 0.06437768240343347 0.0031678986272439284
0 0.7889842632331903 0.6694825765575502 0.3590844062947067 0.006335797254487857
0 0.06366237482117311 0.665258711721225 0.024320457796852647 0.0021119324181626186
0 0.04721030042918455 0.665258711721225 0.005722460658082976 0.0021119324181626186
0 0.2932761087267525 0.6642027455121436 0.002861230329041488 0.0021119324181626186
0 0.5736766809728183 0.6631467793030623 0.011444921316165951 0.0021119324181626186
0 0.4220314735336195 0.6636747624076029 0.020028612303290415 0.0031678986272439284
0 0.0736766809728183 0.6578669482576558 0.004291845493562232 0.0021119324181626186
0 0.05507868383404864 0.6583949313621964 0.024320457796852647 0.0031678986272439284
0 0.2925608011444921 0.6568109820485745 0.010014306151645207 0.0021119324181626186
0 0.5772532188841202 0.6557550158394931 0.012875536480686695 0.0021119324181626186
0 0.45278969957081544 0.6562829989440337 0.015736766809728183 0.0031678986272439284
0 0.42131616595135907 0.6568109820485745 0.027181688125894134 0.004223864836325237
0 0.10586552217453506 0.6510031678986272 0.002861230329041488 0.0010559662090813093
0 0.07796852646638054 0.6510031678986272 0.027181688125894134 0.0010559662090813093
0 0.2918454935622318 0.6499472016895459 0.005722460658082976 0.0010559662090813093
0 0.05221745350500715 0.6510031678986272 0.02145922746781116 0.0031678986272439284
0 0.6022889842632332 0.6488912354804647 0.005722460658082976 0.0010559662090813093
0 0.5743919885550787 0.6488912354804647 0.001430615164520744 0.0010559662090813093
0 0.47782546494992845 0.6488912354804647 0.002861230329041488 0.0010559662090813093
0 0.45350500715307585 0.6494192185850053 0.017167381974248927 0.0021119324181626186
0 0.4220314735336195 0.6488912354804647 0.020028612303290415 0.0031678986272439284
0 0.4978540772532189 0.6425554382259767 0.002861230329041488 0.0010559662090813093
0 0.46280400572246067 0.6420274551214361 0.04721030042918455 0.004223864836325237
0 0.2145922746781116 0.6061246040126715 0.020028612303290415 0.008447729672650475
0 0.0736766809728183 0.4989440337909187 0.010014306151645207 0.005279831045406547
0 0.13304721030042918 0.5644139387539598 0.2317596566523605 0.16367476240760295
0 0.642346208869814 0.5686378035902852 0.7153075822603719 0.1932418162618796
0 0.16666666666666666 0.4651531151003168 0.16165951359084407 0.007391763463569166
0 0.045064377682403435 0.46673706441393875 0.04148783977110158 0.010559662090813094
0 0.3133047210300429 0.4514255543822598 0.002861230329041488 0.0010559662090813093
0 0.9635193133047211 0.45036958817317846 0.001430615164520744 0.0010559662090813093
0 0.36123032904148783 0.4508975712777191 0.015736766809728183 0.0021119324181626186
0 0.33047210300429186 0.4508975712777191 0.01430615164520744 0.0021119324181626186
0 0.2982832618025751 0.4508975712777191 0.02145922746781116 0.004223864836325237
0 0.1323319027181688 0.4514255543822598 0.2246065808297568 0.009503695881731784
0 0.37339055793991416 0.44456177402323127 0.01430615164520744 0.004223864836325237
0 0.21888412017167383 0.426610348468849 0.1917024320457797 0.008447729672650475
0 0.06223175965665236 0.426610348468849 0.0844062947067239 0.010559662090813094
0 0.19599427753934193 0.41288278775079196 0.11158798283261803 0.010559662090813094
0 0.07582260371959942 0.4134107708553326 0.11158798283261803 0.011615628299894404
0 0.9663805436337625 0.3991552270327349 0.004291845493562232 0.0021119324181626186
0 0.18454935622317598 0.3996832101372756 0.33476394849785407 0.011615628299894404
0 0.23605150214592274 0.38753959873284055 0.06294706723891273 0.006335797254487857
0 0.10085836909871244 0.3864836325237592 0.16165951359084407 0.010559662090813094
0 0.7160228898426323 0.3780359028511088 0.032904148783977114 0.006335797254487857
0 0.7360515021459227 0.36906019007391766 0.004291845493562232 0.0010559662090813093
0 0.4177396280400572 0.36747624076029567 0.01430615164520744 0.008447729672650475
0 0.4513590844062947 0.3600844772967265 0.02145922746781116 0.006335797254487857
0 0.5844062947067239 0.3590285110876452 0.004291845493562232 0.006335797254487857
0 0.4899856938483548 0.3489968321013728 0.004291845493562232 0.0031678986272439284
0 0.40772532188841204 0.3489968321013728 0.005722460658082976 0.0031678986272439284
0 0.5221745350500715 0.35691657866948256 0.060085836909871244 0.025343189017951427
0 0.5543633762517882 0.3321013727560718 0.004291845493562232 0.0031678986272439284
0 0.8655221745350501 0.33157338965153116 0.005722460658082976 0.004223864836325237
0 0.9334763948497854 0.3099260823653643 0.004291845493562232 0.0010559662090813093
0 0.8297567954220315 0.30464625131995776 0.005722460658082976 0.0031678986272439284
0 0.698140200286123 0.324181626187962 0.2947067238912732 0.08236536430834214
0 0.7918454935622318 0.2819429778247096 0.004291845493562232 0.0021119324181626186
0 0.7167381974248928 0.2856388595564942 0.0944206008583691 0.03695881731784583
0 0.876967095851216 0.28722280887011614 0.14878397711015737 0.07391763463569166
0 0.9563662374821174 0.2608236536430834 0.0357653791130186 0.03167898627243928
0 0.7153075822603719 0.20591341077085534 0.005722460658082976 0.006335797254487857
0 0.7310443490701002 0.20327349524815205 0.005722460658082976 0.0031678986272439284
0 0.046494992846924176 0.1351636747624076 0.004291845493562232 0.004223864836325237
0 0.044349070100143065 0.12090813093980993 0.005722460658082976 0.0031678986272439284
0 0.3354792560801145 0.07444561774023231 0.001430615164520744 0.0010559662090813093
0 0.32689556509299 0.06599788806758183 0.01859799713876967 0.0031678986272439284
0 0.30185979971387694 0.06494192185850053 0.002861230329041488 0.0010559662090813093
0 0.259656652360515 0.06441393875395987 0.004291845493562232 0.0021119324181626186
0 0.5243204577968527 0.0617740232312566 0.001430615164520744 0.0010559662090813093
0 0.18454935622317598 0.05966209081309398 0.020028612303290415 0.0031678986272439284
0 0.505722460658083 0.2565997888067582 0.9885550786838341 0.42238648363252373
0 0.00357653791130186 0.04963041182682154 0.00715307582260372 0.008447729672650475
