0 0.3273657289002558 0.9925093632958801 0.010230179028132993 0.0149812734082397
0 0.42710997442455245 0.9906367041198502 0.020460358056265986 0.018726591760299626
0 0.36061381074168797 0.9887640449438202 0.015345268542199489 0.02247191011235955
0 0.37468030690537085 0.9681647940074907 0.26854219948849106 0.06367041198501873
0 0.5 0.5149812734082397 1.0 0.797752808988764
0 0.3209718670076726 0.04681647940074907 0.023017902813299233 0.026217228464419477
0 0.4079283887468031 0.03745318352059925 0.01278772378516624 0.0299625468164794
0 0.6790281329923273 0.04681647940074907 0.05370843989769821 0.09363295880149813
0 0.4424552429667519 0.018726591760299626 0.020460358056265986 0.03745318352059925
0 0.3657289002557545 0.02247191011235955 0.010230179028132993 0.0449438202247191
0 0.340153452685422 0.009363295880149813 0.010230179028132993 0.018726591760299626
0 0.39514066496163686 0.054307116104868915 0.27877237851662406 0.10861423220973783
