0 0.6685236768802229 0.9857142857142858 0.016713091922005572 0.012244897959183673
0 0.8551532033426184 0.9857142857142858 0.24512534818941503 0.02857142857142857
0 0.48467966573816157 0.9551020408163265 0.04456824512534819 0.07346938775510205
0 0.766016713091922 0.9408163265306122 0.027855153203342618 0.053061224489795916
0 0.5459610027855153 0.9489795918367347 0.055710306406685235 0.07755102040816327
0 0.596100278551532 0.9387755102040817 0.027855153203342618 0.07346938775510205
0 0.7729805013927576 0.8938775510204081 0.008356545961002786 0.0163265306122449
0 0.724233983286908 0.926530612244898 0.055710306406685235 0.08979591836734693
0 0.7311977715877437 0.8816326530612245 0.008356545961002786 0.00816326530612245
0 0.7479108635097493 0.8734693877551021 0.002785515320334262 0.00816326530612245
0 0.04874651810584958 0.6204081632653061 0.09749303621169916 0.5306122448979592
0 0.532033426183844 0.3326530612244898 0.016713091922005572 0.004081632653061225
0 0.6740947075208914 0.32857142857142857 0.005571030640668524 0.004081632653061225
0 0.649025069637883 0.32857142857142857 0.033426183844011144 0.012244897959183673
0 0.9387186629526463 0.17959183673469387 0.011142061281337047 0.00816326530612245
0 0.9526462395543176 0.16938775510204082 0.005571030640668524 0.004081632653061225
0 0.04735376044568245 0.2510204081632653 0.0947075208913649 0.19183673469387755
0 0.001392757660167131 0.1469387755102041 0.002785515320334262 0.00816326530612245
0 0.08635097493036212 0.12244897959183673 0.016713091922005572 0.0163265306122449
0 0.5473537604456824 0.45714285714285713 0.8774373259052924 0.8
0 0.9192200557103064 0.07755102040816327 0.12256267409470752 0.1306122448979592
0 0.5473537604456824 0.024489795918367346 0.27019498607242337 0.04897959183673469
