0 0.13219895287958114 0.9982668977469671 0.013089005235602094 0.0034662045060658577
0 0.2604712041884817 0.9974003466204506 0.007853403141361256 0.005199306759098787
0 0.20157068062827224 0.9974003466204506 0.020942408376963352 0.005199306759098787
0 0.17539267015706805 0.987001733102253 0.005235602094240838 0.005199306759098787
0 0.1518324607329843 0.9913344887348353 0.015706806282722512 0.01733102253032929
0 0.1806282722513089 0.9792027729636048 0.005235602094240838 0.0034662045060658577
0 0.06544502617801047 0.9774696707105719 0.13089005235602094 0.045060658578856154
0 0.011780104712041885 0.9488734835355286 0.007853403141361256 0.0017331022530329288
0 0.8089005235602095 0.9315424610051993 0.015706806282722512 0.0017331022530329288
0 0.7931937172774869 0.9315424610051993 0.005235602094240838 0.0017331022530329288
0 0.01832460732984293 0.9150779896013865 0.005235602094240838 0.0034662045060658577
0 0.4031413612565445 0.8864818024263431 0.743455497382199 0.1265164644714038
0 0.9424083769633508 0.7859618717504333 0.041884816753926704 0.1022530329289428
0 0.4816753926701571 0.7746967071057193 0.02617801047120419 0.09358752166377816
0 0.43848167539267013 0.7287694974003466 0.002617801047120419 0.0017331022530329288
0 0.387434554973822 0.729636048526863 0.015706806282722512 0.010398613518197574
0 0.9515706806282722 0.7192374350086655 0.007853403141361256 0.0034662045060658577
0 0.9489528795811518 0.6975736568457539 0.01832460732984293 0.005199306759098787
0 0.4869109947643979 0.6863084922010398 0.015706806282722512 0.0034662045060658577
0 0.4698952879581152 0.6854419410745234 0.013089005235602094 0.0017331022530329288
0 0.9489528795811518 0.6776429809358753 0.01832460732984293 0.006932409012131715
0 0.47774869109947643 0.6655112651646448 0.04450261780104712 0.006932409012131715
0 0.4280104712041885 0.6646447140381283 0.028795811518324606 0.005199306759098787
0 0.9528795811518325 0.658578856152513 0.010471204188481676 0.006932409012131715
0 0.39397905759162305 0.645580589254766 0.002617801047120419 0.0017331022530329288
0 0.46596858638743455 0.6464471403812825 0.06806282722513089 0.006932409012131715
0 0.468586387434555 0.6299826689774697 0.06806282722513089 0.008665511265164644
0 0.31282722513089006 0.6663778162911612 0.19109947643979058 0.09532062391681109
0 0.3494764397905759 0.6074523396880416 0.306282722513089 0.019064124783362217
0 0.7225130890052356 0.5459272097053726 0.020942408376963352 0.0034662045060658577
0 0.21596858638743455 0.6629116117850953 0.39528795811518325 0.3240901213171577
0 0.5091623036649214 0.4982668977469671 0.02356020942408377 0.005199306759098787
0 0.5445026178010471 0.4896013864818024 0.005235602094240838 0.0017331022530329288
0 0.4973821989528796 0.48873483535528595 0.015706806282722512 0.0034662045060658577
0 0.5497382198952879 0.4809358752166378 0.010471204188481676 0.005199306759098787
0 0.5732984293193717 0.4462738301559792 0.005235602094240838 0.0017331022530329288
0 0.5798429319371727 0.4376083188908146 0.002617801047120419 0.0017331022530329288
0 0.5955497382198953 0.41074523396880414 0.007853403141361256 0.0034662045060658577
0 0.6007853403141361 0.40121317157712305 0.002617801047120419 0.0017331022530329288
0 0.606020942408377 0.39168110918544197 0.013089005235602094 0.006932409012131715
0 0.6138743455497382 0.3804159445407279 0.002617801047120419 0.0017331022530329288
0 0.6178010471204188 0.3708838821490468 0.015706806282722512 0.010398613518197574
0 0.6282722513089005 0.3561525129982669 0.020942408376963352 0.01559792027729636
0 0.9463350785340314 0.3440207972270364 0.10732984293193717 0.036395147313691506
0 0.9973821989528796 0.31629116117850953 0.005235602094240838 0.008665511265164644
0 0.9842931937172775 0.3076256499133449 0.005235602094240838 0.0017331022530329288
0 0.2774869109947644 0.3821490467937608 0.5340314136125655 0.43154246100519933
0 0.17539267015706805 0.1707105719237435 0.07329842931937172 0.01559792027729636
0 0.05235602094240838 0.15164644714038128 0.02617801047120419 0.0017331022530329288
0 0.17670157068062828 0.15337954939341422 0.03926701570680628 0.012131715771230503
0 0.06806282722513089 0.09532062391681109 0.020942408376963352 0.0034662045060658577
0 0.25 0.05285961871750433 0.002617801047120419 0.0017331022530329288
0 0.2696335078534031 0.05459272097053726 0.010471204188481676 0.008665511265164644
0 0.29581151832460734 0.04852686308492201 0.005235602094240838 0.0034662045060658577
0 0.7801047120418848 0.0511265164644714 0.1099476439790576 0.019064124783362217
0 0.27356020942408377 0.03726169844020797 0.034031413612565446 0.022530329289428077
0 0.2617801047120419 0.019064124783362217 0.02617801047120419 0.01386481802426343
0 0.3193717277486911 0.00779896013864818 0.010471204188481676 0.0017331022530329288
0 0.2905759162303665 0.0017331022530329288 0.005235602094240838 0.0034662045060658577
0 0.2604712041884817 0.0034662045060658577 0.028795811518324606 0.006932409012131715
0 0.09162303664921466 0.03726169844020797 0.16230366492146597 0.07452339688041594
