0 0.2048494983277592 0.9362068965517242 0.005016722408026756 0.0034482758620689655
0 0.21153846153846154 0.9215517241379311 0.005016722408026756 0.005172413793103448
0 0.27842809364548493 0.9267241379310345 0.028428093645484948 0.029310344827586206
0 0.08193979933110368 0.9112068965517242 0.016722408026755852 0.008620689655172414
0 0.13210702341137123 0.9206896551724137 0.12040133779264214 0.03103448275862069
0 0.40217391304347827 0.8456896551724138 0.005016722408026756 0.005172413793103448
0 0.06020066889632107 0.8836206896551724 0.043478260869565216 0.08448275862068966
0 0.4222408026755853 0.7965517241379311 0.03511705685618729 0.006896551724137931
0 0.4297658862876254 0.7879310344827586 0.006688963210702341 0.0034482758620689655
0 0.4205685618729097 0.7577586206896552 0.02508361204013378 0.05
0 0.411371237458194 0.7275862068965517 0.0033444816053511705 0.0034482758620689655
0 0.9816053511705686 0.725 0.0033444816053511705 0.0017241379310344827
0 0.038461538461538464 0.6543103448275862 0.030100334448160536 0.06724137931034482
0 0.057692307692307696 0.6396551724137931 0.008361204013377926 0.08275862068965517
0 0.3979933110367893 0.5689655172413793 0.006688963210702341 0.041379310344827586
0 0.4197324414715719 0.4413793103448276 0.020066889632107024 0.010344827586206896
0 0.41471571906354515 0.4224137931034483 0.016722408026755852 0.013793103448275862
0 0.3528428093645485 0.3905172413793103 0.0033444816053511705 0.0017241379310344827
0 0.29180602006688966 0.3905172413793103 0.005016722408026756 0.0017241379310344827
0 0.24163879598662208 0.3913793103448276 0.015050167224080268 0.0034482758620689655
0 0.22408026755852842 0.3905172413793103 0.006688963210702341 0.0017241379310344827
0 0.2157190635451505 0.3913793103448276 0.006688963210702341 0.0034482758620689655
0 0.07190635451505016 0.3922413793103448 0.043478260869565216 0.005172413793103448
0 0.3277591973244147 0.3896551724137931 0.006688963210702341 0.0034482758620689655
0 0.31438127090301005 0.3896551724137931 0.0033444816053511705 0.0034482758620689655
0 0.30267558528428096 0.3905172413793103 0.006688963210702341 0.005172413793103448
0 0.2717391304347826 0.3905172413793103 0.02508361204013378 0.005172413793103448
0 0.1028428093645485 0.3724137931034483 0.10535117056856187 0.010344827586206896
0 0.20735785953177258 0.35344827586206895 0.10033444816053512 0.0034482758620689655
0 0.1254180602006689 0.35344827586206895 0.023411371237458192 0.0034482758620689655
0 0.28762541806020064 0.35172413793103446 0.033444816053511704 0.0034482758620689655
0 0.07525083612040134 0.3474137931034483 0.013377926421404682 0.005172413793103448
0 0.5083612040133779 0.5206896551724138 0.9832775919732442 0.9586206896551724
0 0.6061872909698997 0.041379310344827586 0.008361204013377926 0.010344827586206896
0 0.6003344481605352 0.019827586206896553 0.006688963210702341 0.005172413793103448
0 0.5050167224080268 0.026724137931034484 0.016722408026755852 0.029310344827586206
0 0.4707357859531773 0.026724137931034484 0.03177257525083612 0.029310344827586206
0 0.43394648829431437 0.026724137931034484 0.015050167224080268 0.029310344827586206
0 0.5836120401337793 0.029310344827586206 0.030100334448160536 0.03793103448275862
0 0.5877926421404682 0.009482758620689655 0.008361204013377926 0.005172413793103448
