0 0.2853107344632768 0.9891146589259797 0.009416195856873822 0.0043541364296081275
0 0.2617702448210923 0.9905660377358491 0.007532956685499058 0.00725689404934688
0 0.3945386064030132 0.97677793904209 0.01694915254237288 0.005805515239477504
0 0.4369114877589454 0.9731494920174165 0.03389830508474576 0.00725689404934688
0 0.4821092278719397 0.9687953555878084 0.003766478342749529 0.0043541364296081275
0 0.5282485875706214 0.965166908563135 0.013182674199623353 0.005805515239477504
0 0.5612052730696798 0.9622641509433962 0.007532956685499058 0.005805515239477504
0 0.6016949152542372 0.9586357039187228 0.01694915254237288 0.0043541364296081275
0 0.5800376647834274 0.9600870827285921 0.015065913370998116 0.00725689404934688
0 0.35969868173258 0.9600870827285921 0.011299435028248588 0.00725689404934688
0 0.6242937853107344 0.9557329462989841 0.0018832391713747645 0.001451378809869376
0 0.3361581920903955 0.9557329462989841 0.0018832391713747645 0.001451378809869376
0 0.4048964218455744 0.9564586357039188 0.003766478342749529 0.005805515239477504
0 0.3493408662900188 0.9557329462989841 0.005649717514124294 0.0043541364296081275
0 0.3041431261770245 0.9550072568940493 0.005649717514124294 0.002902757619738752
0 0.2909604519774011 0.9716981132075472 0.03954802259887006 0.036284470246734396
0 0.4180790960451977 0.9557329462989841 0.011299435028248588 0.00725689404934688
0 0.4463276836158192 0.95355587808418 0.003766478342749529 0.005805515239477504
0 0.3935969868173258 0.9557329462989841 0.011299435028248588 0.010159651669085631
0 0.687382297551789 0.9499274310595065 0.030131826741996232 0.00725689404934688
0 0.716572504708098 0.9470246734397678 0.02071563088512241 0.00725689404934688
0 0.5282485875706214 0.9462989840348331 0.009416195856873822 0.005805515239477504
0 0.7372881355932204 0.9455732946298984 0.013182674199623353 0.00725689404934688
0 0.4745762711864407 0.9477503628447025 0.015065913370998116 0.011611030478955007
0 0.4924670433145009 0.9462989840348331 0.013182674199623353 0.011611030478955007
0 0.5480225988700564 0.9426705370101597 0.003766478342749529 0.00725689404934688
0 0.5141242937853108 0.944121915820029 0.015065913370998116 0.010159651669085631
0 0.78060263653484 0.9412191582002902 0.013182674199623353 0.00725689404934688
0 0.5790960451977402 0.9390420899854862 0.009416195856873822 0.008708272859216255
0 0.5612052730696798 0.9390420899854862 0.007532956685499058 0.008708272859216255
0 0.8418079096045198 0.9361393323657474 0.011299435028248588 0.005805515239477504
0 0.8210922787193974 0.9375907111756169 0.026365348399246705 0.008708272859216255
0 0.615819209039548 0.9346879535558781 0.015065913370998116 0.011611030478955007
0 0.687382297551789 0.9317851959361393 0.007532956685499058 0.008708272859216255
0 0.6704331450094162 0.9325108853410741 0.007532956685499058 0.010159651669085631
0 0.6544256120527306 0.9317851959361393 0.009416195856873822 0.008708272859216255
0 0.635593220338983 0.9332365747460087 0.013182674199623353 0.011611030478955007
0 0.7184557438794726 0.9259796806966618 0.047080979284369114 0.01451378809869376
0 0.7674199623352166 0.9223512336719883 0.02824858757062147 0.013062409288824383
0 0.8069679849340866 0.918722786647315 0.035781544256120526 0.01451378809869376
0 0.8493408662900188 0.9143686502177069 0.026365348399246705 0.011611030478955007
0 0.8775894538606404 0.9114658925979681 0.030131826741996232 0.01451378809869376
0 0.7222222222222222 0.9288824383164006 0.5555555555555556 0.14223512336719885
0 0.9971751412429378 0.8483309143686503 0.005649717514124294 0.00725689404934688
0 0.7052730696798494 0.8338171262699564 0.02448210922787194 0.013062409288824383
0 0.6902071563088512 0.8447024673439768 0.054613935969868174 0.03483309143686502
0 0.6826741996233522 0.8243831640058055 0.013182674199623353 0.005805515239477504
0 0.08757062146892655 0.8171262699564587 0.0018832391713747645 0.002902757619738752
0 0.01224105461393597 0.816400580551524 0.02448210922787194 0.05079825834542816
0 0.023540489642184557 0.7692307692307693 0.005649717514124294 0.002902757619738752
0 0.15065913370998116 0.7343976777939042 0.003766478342749529 0.002902757619738752
0 0.16195856873822975 0.7329462989840348 0.007532956685499058 0.002902757619738752
0 0.160075329566855 0.7271407837445574 0.007532956685499058 0.002902757619738752
0 0.04143126177024482 0.7039187227866474 0.003766478342749529 0.002902757619738752
0 0.9623352165725048 0.7293178519593614 0.04896421845574388 0.06531204644412192
0 0.046139359698681735 0.6865021770682148 0.005649717514124294 0.002902757619738752
0 0.1713747645951036 0.6857764876632801 0.018832391713747645 0.0043541364296081275
0 0.2062146892655367 0.6828737300435413 0.032015065913371 0.0043541364296081275
0 0.9990583804143126 0.6705370101596516 0.0018832391713747645 0.002902757619738752
0 0.1751412429378531 0.6683599419448476 0.018832391713747645 0.0043541364296081275
0 0.192090395480226 0.6661828737300436 0.011299435028248588 0.002902757619738752
0 0.05084745762711865 0.6676342525399129 0.007532956685499058 0.005805515239477504
0 0.12429378531073447 0.6407837445573294 0.018832391713747645 0.02177068214804064
0 0.1318267419962335 0.611756168359942 0.015065913370998116 0.013062409288824383
0 0.13465160075329566 0.5950653120464441 0.01694915254237288 0.008708272859216255
0 0.1393596986817326 0.5827285921625545 0.015065913370998116 0.00725689404934688
0 0.9397363465160076 0.5689404934687954 0.003766478342749529 0.002902757619738752
0 0.14500941619585686 0.5544267053701016 0.022598870056497175 0.040638606676342524
0 0.0687382297551789 0.5965166908563135 0.03954802259887006 0.12772133526850507
0 0.1544256120527307 0.5290275761973875 0.003766478342749529 0.001451378809869376
0 0.09133709981167608 0.5130624092888244 0.0018832391713747645 0.001451378809869376
0 0.2532956685499058 0.5101596516690856 0.0018832391713747645 0.001451378809869376
0 0.2730696798493409 0.5087082728592163 0.007532956685499058 0.001451378809869376
0 0.21657250470809794 0.4949201741654572 0.007532956685499058 0.002902757619738752
0 0.24199623352165725 0.4927431059506531 0.01694915254237288 0.0043541364296081275
0 0.3446327683615819 0.48403483309143686 0.003766478342749529 0.001451378809869376
0 0.3013182674199623 0.4876632801161103 0.07156308851224105 0.008708272859216255
0 0.384180790960452 0.4811320754716981 0.003766478342749529 0.001451378809869376
0 0.4048964218455744 0.4796806966618287 0.003766478342749529 0.001451378809869376
0 0.7269303201506592 0.4782293178519594 0.007532956685499058 0.001451378809869376
0 0.4397363465160075 0.4760522496371553 0.035781544256120526 0.005805515239477504
0 0.3578154425612053 0.4746008708272859 0.011299435028248588 0.002902757619738752
0 0.9397363465160076 0.5224963715529753 0.0903954802259887 0.10159651669085631
0 0.2749529190207156 0.48040638606676345 0.1393596986817326 0.01741654571843251
0 0.512241054613936 0.4709724238026125 0.003766478342749529 0.001451378809869376
0 0.4887005649717514 0.47242380261248185 0.02071563088512241 0.0043541364296081275
0 0.2504708097928437 0.4731494920174166 0.05649717514124294 0.005805515239477504
0 0.2984934086629002 0.46879535558780844 0.009416195856873822 0.002902757619738752
0 0.3248587570621469 0.46661828737300437 0.0018832391713747645 0.001451378809869376
0 0.556497175141243 0.6770682148040639 0.864406779661017 0.4455732946298984
0 0.6911487758945386 0.4448476052249637 0.003766478342749529 0.001451378809869376
0 0.22033898305084745 0.43831640058055155 0.007532956685499058 0.002902757619738752
0 0.2523540489642185 0.40711175616835993 0.018832391713747645 0.0043541364296081275
0 0.22693032015065914 0.4005805515239477 0.005649717514124294 0.002902757619738752
0 0.2523540489642185 0.3984034833091437 0.015065913370998116 0.0043541364296081275
0 0.12335216572504708 0.3838896952104499 0.005649717514124294 0.013062409288824383
0 0.8370998116760828 0.32946298984034833 0.013182674199623353 0.011611030478955007
0 0.8625235404896422 0.3243831640058055 0.011299435028248588 0.018867924528301886
0 0.9642184557438794 0.31059506531204645 0.026365348399246705 0.03483309143686502
0 0.7862523540489642 0.3113207547169811 0.07721280602636535 0.059506531204644414
0 0.2401129943502825 0.24383164005805516 0.009416195856873822 0.002902757619738752
0 0.3804143126177024 0.23730043541364296 0.003766478342749529 0.001451378809869376
0 0.3267419962335217 0.23947750362844702 0.09981167608286252 0.005805515239477504
0 0.3013182674199623 0.23294629898403482 0.1544256120527307 0.010159651669085631
0 0.3116760828625235 0.22423802612481858 0.05084745762711865 0.0043541364296081275
0 0.3983050847457627 0.21988388969521044 0.01694915254237288 0.0043541364296081275
0 0.2796610169491525 0.21262699564586357 0.0018832391713747645 0.001451378809869376
0 0.4548022598870056 0.34034833091436867 0.4952919020715631 0.2597968069666183
0 0.435969868173258 0.2111756168359942 0.009416195856873822 0.001451378809869376
0 0.4369114877589454 0.20391872278664733 0.03766478342749529 0.0043541364296081275
0 0.4915254237288136 0.20101596516690856 0.05273069679849341 0.0043541364296081275
0 0.5282485875706214 0.1988388969521045 0.013182674199623353 0.002902757619738752
0 0.2664783427495292 0.1988388969521045 0.09981167608286252 0.005805515239477504
0 0.3314500941619586 0.19448476052249636 0.026365348399246705 0.002902757619738752
0 0.4821092278719397 0.18722786647314948 0.030131826741996232 0.002902757619738752
0 0.5056497175141242 0.18577648766328012 0.005649717514124294 0.002902757619738752
0 0.2824858757062147 0.18940493468795355 0.1318267419962335 0.010159651669085631
0 0.2721280602636535 0.18214804063860668 0.1224105461393597 0.010159651669085631
0 0.2693032015065913 0.1734397677793904 0.08286252354048965 0.00725689404934688
0 0.3851224105461394 0.15820029027576196 0.032015065913371 0.002902757619738752
0 0.455743879472693 0.15529753265602322 0.060263653483992465 0.005805515239477504
0 0.551789077212806 0.14949201741654572 0.007532956685499058 0.002902757619738752
0 0.5254237288135594 0.14296081277213352 0.011299435028248588 0.001451378809869376
0 0.2401129943502825 0.1386066763425254 0.08097928436911488 0.00725689404934688
0 0.1064030131826742 0.10740203193033382 0.062146892655367235 0.011611030478955007
0 0.9227871939736346 0.06386066763425254 0.015065913370998116 0.005805515239477504
0 0.940677966101695 0.07619738751814223 0.02824858757062147 0.03918722786647315
0 0.9529190207156308 0.036284470246734396 0.030131826741996232 0.02902757619738752
0 0.06308851224105462 0.05297532656023222 0.12617702448210924 0.07111756168359942
0 0.9199623352165726 0.020319303338171262 0.009416195856873822 0.01451378809869376
0 0.1967984934086629 0.07329462989840348 0.15254237288135594 0.1204644412191582
0 0.9387947269303202 0.012336719883889695 0.0583804143126177 0.02467343976777939
