0 0.299079754601227 0.9952038369304557 0.02147239263803681 0.009592326139088728
0 0.5720858895705522 0.9820143884892086 0.08895705521472393 0.03597122302158273
0 0.4263803680981595 0.9820143884892086 0.03680981595092025 0.03597122302158273
0 0.4662576687116564 0.9676258992805755 0.4601226993865031 0.06474820143884892
0 0.995398773006135 0.9100719424460432 0.009202453987730062 0.007194244604316547
0 0.9156441717791411 0.9064748201438849 0.0705521472392638 0.023980815347721823
0 0.8420245398773006 0.9028776978417267 0.03374233128834356 0.02158273381294964
0 0.6288343558282209 0.8980815347721822 0.0736196319018405 0.016786570743405275
0 0.7116564417177914 0.8968824940047961 0.04294478527607362 0.019184652278177457
0 0.5291411042944786 0.89568345323741 0.009202453987730062 0.016786570743405275
0 0.7791411042944786 0.89568345323741 0.04294478527607362 0.03597122302158273
0 0.7423312883435583 0.8800959232613909 0.006134969325153374 0.004796163069544364
0 0.799079754601227 0.8645083932853717 0.009202453987730062 0.007194244604316547
0 0.6487730061349694 0.8645083932853717 0.015337423312883436 0.007194244604316547
0 0.6549079754601227 0.8477218225419664 0.003067484662576687 0.002398081534772182
0 0.8113496932515337 0.8357314148681055 0.02147239263803681 0.007194244604316547
0 0.75 0.8345323741007195 0.009202453987730062 0.004796163069544364
0 0.7116564417177914 0.8333333333333334 0.03680981595092025 0.007194244604316547
0 0.6441717791411042 0.8345323741007195 0.06748466257668712 0.009592326139088728
0 0.8266871165644172 0.7997601918465228 0.003067484662576687 0.002398081534772182
0 0.75 0.8057553956834532 0.1196319018404908 0.023980815347721823
0 0.700920245398773 0.7973621103117506 0.027607361963190184 0.011990407673860911
0 0.6871165644171779 0.7805755395683454 0.012269938650306749 0.007194244604316547
0 0.8128834355828221 0.7793764988009593 0.024539877300613498 0.009592326139088728
0 0.7898773006134969 0.7781774580335732 0.015337423312883436 0.007194244604316547
0 0.7392638036809815 0.7793764988009593 0.06134969325153374 0.009592326139088728
0 0.5797546012269938 0.7865707434052758 0.08588957055214724 0.023980815347721823
0 0.44171779141104295 0.8369304556354916 0.11042944785276074 0.12470023980815348
0 0.9202453987730062 0.8321342925659473 0.08588957055214724 0.11990407673860912
0 0.6349693251533742 0.7973621103117506 0.09202453987730061 0.050359712230215826
0 0.3266871165644172 0.8213429256594724 0.08895705521472393 0.11750599520383694
0 0.6242331288343558 0.5779376498800959 0.5858895705521472 0.2973621103117506
0 0.004601226993865031 0.2529976019184652 0.009202453987730062 0.007194244604316547
0 0.0843558282208589 0.16786570743405277 0.03987730061349693 0.019184652278177457
0 0.5 0.49280575539568344 1.0 0.8609112709832134
0 0.6656441717791411 0.046762589928057555 0.024539877300613498 0.02158273381294964
0 0.6365030674846626 0.03836930455635491 0.015337423312883436 0.014388489208633094
0 0.6503067484662577 0.017985611510791366 0.018404907975460124 0.011990407673860911
0 0.6763803680981595 0.009592326139088728 0.003067484662576687 0.004796163069544364
0 0.4892638036809816 0.027577937649880094 0.027607361963190184 0.045563549160671464
0 0.37423312883435583 0.02877697841726619 0.04294478527607362 0.047961630695443645
0 0.4340490797546012 0.027577937649880094 0.05828220858895705 0.050359712230215826
0 0.6503067484662577 0.0035971223021582736 0.012269938650306749 0.007194244604316547
0 0.6334355828220859 0.001199040767386091 0.003067484662576687 0.002398081534772182
0 0.6196319018404908 0.02877697841726619 0.049079754601226995 0.05755395683453238
