0 0.5535420098846787 0.9985315712187959 0.009884678747940691 0.002936857562408223
0 0.4052718286655684 0.9985315712187959 0.0032948929159802307 0.002936857562408223
0 0.6062602965403624 0.9919236417033774 0.04612850082372323 0.016152716593245228
0 0.4596375617792422 0.9875183553597651 0.20098846787479407 0.024963289280469897
0 0.8682042833607908 0.881791483113069 0.009884678747940691 0.0014684287812041115
0 0.8509060955518946 0.8810572687224669 0.011532125205930808 0.002936857562408223
0 0.7990115321252059 0.8795888399412628 0.006589785831960461 0.005873715124816446
0 0.9818780889621087 0.8715124816446402 0.0032948929159802307 0.0014684287812041115
0 0.78665568369028 0.8700440528634361 0.008237232289950576 0.0014684287812041115
0 0.7602965403624382 0.8707782672540382 0.004942339373970346 0.002936857562408223
0 0.9769357495881383 0.8641703377386197 0.009884678747940691 0.0014684287812041115
0 0.8657331136738056 0.8700440528634361 0.02800658978583196 0.013215859030837005
0 0.8023064250411862 0.8627019089574156 0.0032948929159802307 0.0014684287812041115
0 0.8278418451400329 0.8619676945668135 0.0016474464579901153 0.002936857562408223
0 0.8698517298187809 0.8597650513950074 0.0032948929159802307 0.0014684287812041115
0 0.9761120263591433 0.8568281938325991 0.014827018121911038 0.004405286343612335
0 0.9769357495881383 0.8487518355359766 0.013179571663920923 0.002936857562408223
0 0.9670510708401977 0.8414096916299559 0.026359143327841845 0.002936857562408223
0 0.872322899505766 0.8384728340675477 0.02800658978583196 0.005873715124816446
0 0.9654036243822076 0.8113069016152716 0.013179571663920923 0.0014684287812041115
0 0.9168039538714992 0.8076358296622613 0.04118616144975288 0.014684287812041116
0 0.9736408566721582 0.8010279001468429 0.019769357495881382 0.004405286343612335
0 0.9209225700164745 0.7958883994126285 0.013179571663920923 0.002936857562408223
0 0.04942339373970346 0.7958883994126285 0.006589785831960461 0.002936857562408223
0 0.0214168039538715 0.7944199706314243 0.009884678747940691 0.002936857562408223
0 0.9365733113673805 0.7878120411160059 0.004942339373970346 0.0014684287812041115
0 0.04695222405271829 0.7878120411160059 0.004942339373970346 0.004405286343612335
0 0.0032948929159802307 0.7694566813509545 0.006589785831960461 0.002936857562408223
0 0.5889621087314663 0.6629955947136564 0.03459637561779242 0.013215859030837005
0 0.7265238879736409 0.630690161527166 0.0032948929159802307 0.0014684287812041115
0 0.7125205930807249 0.631424375917768 0.004942339373970346 0.002936857562408223
0 0.7726523887973641 0.6292217327459618 0.0032948929159802307 0.0014684287812041115
0 0.7512355848434926 0.630690161527166 0.029654036243822075 0.004405286343612335
0 0.3772652388797364 0.618208516886931 0.016474464579901153 0.00881057268722467
0 0.4085667215815486 0.6160058737151248 0.016474464579901153 0.007342143906020558
0 0.14991762767710048 0.6189427312775331 0.25370675453047775 0.013215859030837005
0 0.7586490939044481 0.6116005873715125 0.004942339373970346 0.0014684287812041115
0 0.7084019769357496 0.6116005873715125 0.0032948929159802307 0.0014684287812041115
0 0.585667215815486 0.6145374449339207 0.03459637561779242 0.013215859030837005
0 0.027182866556836903 0.6086637298091042 0.0016474464579901153 0.0014684287812041115
0 0.3616144975288303 0.6013215859030837 0.008237232289950576 0.004405286343612335
0 0.6919275123558485 0.5954478707782672 0.0032948929159802307 0.0014684287812041115
0 0.45222405271828664 0.5976505139500734 0.04118616144975288 0.00881057268722467
0 0.4102141680395387 0.5969162995594713 0.026359143327841845 0.007342143906020558
0 0.3846787479406919 0.5976505139500734 0.018121911037891267 0.00881057268722467
0 0.6301482701812191 0.5954478707782672 0.02471169686985173 0.007342143906020558
0 0.5947281713344317 0.5969162995594713 0.032948929159802305 0.010279001468428781
0 0.13920922570016475 0.5991189427312775 0.22899505766062603 0.014684287812041116
0 0.14332784184514002 0.5844346549192364 0.12520593080724876 0.005873715124816446
0 0.6021416803953872 0.5822320117474302 0.018121911037891267 0.004405286343612335
0 0.7504118616144976 0.579295154185022 0.011532125205930808 0.004405286343612335
0 0.7339373970345964 0.57856093979442 0.008237232289950576 0.005873715124816446
0 0.46293245469522243 0.5704845814977973 0.009884678747940691 0.0014684287812041115
0 0.43492586490939045 0.5704845814977973 0.013179571663920923 0.004405286343612335
0 0.4135090609555189 0.5697503671071953 0.009884678747940691 0.002936857562408223
0 0.03542009884678748 0.5697503671071953 0.02471169686985173 0.002936857562408223
0 0.38879736408566723 0.5690161527165932 0.016474464579901153 0.004405286343612335
0 0.728995057660626 0.566079295154185 0.0016474464579901153 0.0014684287812041115
0 0.6894563426688632 0.566813509544787 0.014827018121911038 0.002936857562408223
0 0.7240527182866557 0.5558002936857562 0.018121911037891267 0.004405286343612335
0 0.029654036243822075 0.5521292217327459 0.009884678747940691 0.002936857562408223
0 0.0700164744645799 0.5345080763582967 0.004942339373970346 0.002936857562408223
0 0.07907742998352553 0.5337738619676946 0.009884678747940691 0.004405286343612335
0 0.6062602965403624 0.5293685756240822 0.019769357495881382 0.007342143906020558
0 0.5947281713344317 0.5198237885462555 0.039538714991762765 0.00881057268722467
0 0.5378912685337727 0.5102790014684288 0.0016474464579901153 0.0014684287812041115
0 0.4670510708401977 0.5110132158590308 0.0016474464579901153 0.002936857562408223
0 0.4538714991762768 0.5110132158590308 0.014827018121911038 0.002936857562408223
0 0.39950576606260296 0.5117474302496329 0.08731466227347612 0.004405286343612335
0 0.3418451400329489 0.5110132158590308 0.014827018121911038 0.002936857562408223
0 0.515650741350906 0.3355359765051395 0.006589785831960461 0.0014684287812041115
0 0.5980230642504119 0.3267254038179148 0.006589785831960461 0.0014684287812041115
0 0.5700164744645799 0.3267254038179148 0.0032948929159802307 0.0014684287812041115
0 0.5181219110378913 0.3267254038179148 0.014827018121911038 0.007342143906020558
0 0.1828665568369028 0.3201174743024963 0.1186161449752883 0.005873715124816446
0 0.10461285008237232 0.31057268722466963 0.004942339373970346 0.0014684287812041115
0 0.09802306425041186 0.31057268722466963 0.004942339373970346 0.0014684287812041115
0 0.05683690280065898 0.31057268722466963 0.0016474464579901153 0.0014684287812041115
0 0.04612850082372323 0.30983847283406757 0.006589785831960461 0.002936857562408223
0 0.4357495881383855 0.31057268722466963 0.018121911037891267 0.010279001468428781
0 0.2660626029654036 0.3120411160058737 0.30807248764415157 0.013215859030837005
0 0.17462932454695224 0.29515418502202645 0.016474464579901153 0.002936857562408223
0 0.13344316309719934 0.2936857562408223 0.042833607907743 0.002936857562408223
0 0.047775947281713346 0.29295154185022027 0.029654036243822075 0.0014684287812041115
0 0.5 0.6292217327459618 1.0 0.6798825256975036
0 0.18369028006589785 0.28634361233480177 0.03459637561779242 0.005873715124816446
0 0.8780889621087314 0.28267254038179146 0.0032948929159802307 0.0014684287812041115
0 0.22487644151565075 0.27826725403817915 0.014827018121911038 0.0014684287812041115
0 0.25617792421746294 0.27826725403817915 0.044481054365733116 0.004405286343612335
0 0.1812191103789127 0.27826725403817915 0.026359143327841845 0.004405286343612335
0 0.8855024711696869 0.2745961820851689 0.08072487644151564 0.005873715124816446
0 0.19934102141680396 0.2709251101321586 0.006589785831960461 0.0014684287812041115
0 0.18039538714991762 0.2709251101321586 0.018121911037891267 0.0014684287812041115
0 0.8805601317957167 0.2665198237885463 0.008237232289950576 0.0014684287812041115
0 0.642504118616145 0.2790014684287812 0.5502471169686985 0.02936857562408223
0 0.171334431630972 0.2621145374449339 0.0032948929159802307 0.0014684287812041115
0 0.23146622734761121 0.2621145374449339 0.060955518945634266 0.004405286343612335
0 0.14085667215815487 0.26138032305433184 0.04118616144975288 0.002936857562408223
0 0.10461285008237232 0.26064610866372984 0.0016474464579901153 0.0014684287812041115
0 0.0815485996705107 0.26138032305433184 0.008237232289950576 0.002936857562408223
0 0.04365733113673806 0.26138032305433184 0.044481054365733116 0.002936857562408223
0 0.8962108731466227 0.25697503671071953 0.042833607907743 0.002936857562408223
0 0.8780889621087314 0.2488986784140969 0.0032948929159802307 0.0014684287812041115
0 0.22240527182866557 0.2444933920704846 0.006589785831960461 0.0014684287812041115
0 0.2397034596375618 0.24375917767988253 0.02471169686985173 0.002936857562408223
0 0.13756177924217464 0.2444933920704846 0.07413509060955518 0.004405286343612335
0 0.05930807248764415 0.2444933920704846 0.06919275123558484 0.004405286343612335
0 0.9151565074135091 0.24008810572687225 0.0016474464579901153 0.0014684287812041115
0 0.9028006589785832 0.24008810572687225 0.0032948929159802307 0.0014684287812041115
0 0.8764415156507414 0.24008810572687225 0.009884678747940691 0.0014684287812041115
0 0.26935749588138386 0.1945668135095448 0.0214168039538715 0.027900146842878122
0 0.7257001647446458 0.18649045521292218 0.051070840197693576 0.03524229074889868
0 0.8196046128500823 0.14243759177679882 0.011532125205930808 0.01762114537444934
0 0.7166392092257001 0.144640234948605 0.036243822075782535 0.033773861967694566
0 0.8212520593080724 0.09838472834067548 0.004942339373970346 0.002936857562408223
0 0.8278418451400329 0.11160058737151249 0.02471169686985173 0.032305433186490456
0 0.09884678747940692 0.15051395007342144 0.19769357495881384 0.1277533039647577
0 0.8887973640856672 0.14684287812041116 0.22240527182866557 0.12334801762114538
0 0.5749588138385503 0.05800293685756241 0.006589785831960461 0.004405286343612335
0 0.5617792421746294 0.05873715124816446 0.009884678747940691 0.005873715124816446
0 0.542833607907743 0.06461086637298091 0.0214168039538715 0.02643171806167401
0 0.5345963756177924 0.039647577092511016 0.004942339373970346 0.005873715124816446
0 0.5518945634266886 0.03524229074889868 0.006589785831960461 0.002936857562408223
0 0.6128500823723229 0.05433186490455213 0.032948929159802305 0.06754772393538913
0 0.43739703459637563 0.052129221732745964 0.1696869851729819 0.06901615271659324
