0 0.5770712909441233 0.9992581602373887 0.0019267822736030828 0.001483679525222552
0 0.5452793834296724 0.9985163204747775 0.030828516377649325 0.002967359050445104
0 0.661849710982659 0.994807121661721 0.07514450867052024 0.010385756676557863
0 0.7379576107899807 0.9896142433234422 0.011560693641618497 0.005934718100890208
0 0.28227360308285165 0.9873887240356083 0.0019267822736030828 0.001483679525222552
0 0.35934489402697495 0.9888724035608308 0.02119460500963391 0.00741839762611276
0 0.3015414258188825 0.9903560830860534 0.02119460500963391 0.010385756676557863
0 0.34104046242774566 0.9888724035608308 0.011560693641618497 0.010385756676557863
0 0.7880539499036608 0.9866468842729971 0.038535645472061654 0.008902077151335312
0 0.49903660886319845 0.9799703264094956 0.0038535645472061657 0.004451038575667656
0 0.46724470134874757 0.9829376854599406 0.02119460500963391 0.010385756676557863
0 0.43159922928709055 0.983679525222552 0.03468208092485549 0.011869436201780416
0 0.2321772639691715 0.9888724035608308 0.04816955684007707 0.02225519287833828
0 0.5317919075144508 0.9792284866468842 0.007707129094412331 0.008902077151335312
0 0.51252408477842 0.9777448071216617 0.007707129094412331 0.008902077151335312
0 0.640655105973025 0.9755192878338279 0.005780346820809248 0.00741839762611276
0 0.5684007707129094 0.9770029673590505 0.015414258188824663 0.010385756676557863
0 0.6233140655105973 0.9755192878338279 0.005780346820809248 0.010385756676557863
0 0.6078998073217726 0.9747774480712166 0.009633911368015413 0.008902077151335312
0 0.5886319845857418 0.9755192878338279 0.01348747591522158 0.010385756676557863
0 0.6955684007707129 0.9710682492581603 0.0038535645472061657 0.00741839762611276
0 0.7514450867052023 0.9703264094955489 0.007707129094412331 0.008902077151335312
0 0.6705202312138728 0.9718100890207715 0.038535645472061654 0.011869436201780416
0 0.7244701348747592 0.9703264094955489 0.02697495183044316 0.011869436201780416
0 0.98747591522158 0.9755192878338279 0.025048169556840076 0.025222551928783383
0 0.7707129094412332 0.9673590504451038 0.023121387283236993 0.011869436201780416
0 0.8082851637764933 0.9643916913946587 0.025048169556840076 0.011869436201780416
0 0.8420038535645472 0.9636498516320475 0.02697495183044316 0.013353115727002967
0 0.9470134874759152 0.9465875370919882 0.025048169556840076 0.026706231454005934
0 0.638728323699422 0.8931750741839762 0.02119460500963391 0.008902077151335312
0 0.6628131021194605 0.8805637982195845 0.023121387283236993 0.013353115727002967
0 0.6445086705202312 0.8909495548961425 0.05202312138728324 0.037091988130563795
0 0.638728323699422 0.870919881305638 0.01348747591522158 0.005934718100890208
0 0.03564547206165703 0.8479228486646885 0.009633911368015413 0.013353115727002967
0 0.05876685934489403 0.6921364985163204 0.01348747591522158 0.004451038575667656
0 0.06454720616570328 0.6676557863501483 0.02119460500963391 0.026706231454005934
0 0.8930635838150289 0.6402077151335311 0.005780346820809248 0.001483679525222552
0 0.9017341040462428 0.6387240356083086 0.0038535645472061657 0.001483679525222552
0 0.9315992292870906 0.637240356083086 0.017341040462427744 0.004451038575667656
0 0.07610789980732177 0.6357566765578635 0.01348747591522158 0.010385756676557863
0 0.07803468208092486 0.6194362017804155 0.01348747591522158 0.004451038575667656
0 0.08574181117533719 0.607566765578635 0.005780346820809248 0.004451038575667656
0 0.08670520231213873 0.5919881305637982 0.011560693641618497 0.011869436201780416
0 0.08574181117533719 0.5786350148367952 0.005780346820809248 0.005934718100890208
0 0.09152215799614644 0.5719584569732937 0.01348747591522158 0.004451038575667656
0 0.0953757225433526 0.5630563798219584 0.0019267822736030828 0.001483679525222552
0 0.12138728323699421 0.5615727002967359 0.0038535645472061657 0.004451038575667656
0 0.016377649325626204 0.6164688427299704 0.03275529865125241 0.1172106824925816
0 0.03371868978805395 0.5422848664688428 0.009633911368015413 0.00741839762611276
0 0.038535645472061654 0.5237388724035609 0.007707129094412331 0.005934718100890208
0 0.882466281310212 0.5103857566765578 0.007707129094412331 0.002967359050445104
0 0.8940269749518305 0.5089020771513353 0.007707129094412331 0.002967359050445104
0 0.7186897880539499 0.5044510385756676 0.007707129094412331 0.002967359050445104
0 0.04527938342967245 0.505192878338279 0.005780346820809248 0.004451038575667656
0 0.11271676300578035 0.5022255192878339 0.01348747591522158 0.004451038575667656
0 0.8044315992292871 0.4992581602373887 0.028901734104046242 0.004451038575667656
0 0.6763005780346821 0.4992581602373887 0.011560693641618497 0.004451038575667656
0 0.8603082851637764 0.4948071216617211 0.07514450867052024 0.00741839762611276
0 0.9267822736030829 0.4910979228486647 0.015414258188824663 0.002967359050445104
0 0.9499036608863198 0.48887240356083084 0.019267822736030827 0.004451038575667656
0 0.049132947976878616 0.48813056379821956 0.005780346820809248 0.002967359050445104
0 0.11271676300578035 0.48516320474777447 0.005780346820809248 0.002967359050445104
0 0.8015414258188824 0.4814540059347181 0.04238921001926782 0.004451038575667656
0 0.8497109826589595 0.4792284866468843 0.015414258188824663 0.002967359050445104
0 0.8805394990366089 0.47700296735905046 0.015414258188824663 0.001483679525222552
0 0.9344894026974951 0.47403560830860536 0.0038535645472061657 0.001483679525222552
0 0.9190751445086706 0.47403560830860536 0.007707129094412331 0.001483679525222552
0 0.6705202312138728 0.47477744807121663 0.011560693641618497 0.002967359050445104
0 0.5211946050096339 0.47477744807121663 0.009633911368015413 0.002967359050445104
0 0.9527938342967245 0.47181008902077154 0.009633911368015413 0.002967359050445104
0 0.5163776493256262 0.7047477744807121 0.8978805394990366 0.47181008902077154
0 0.39980732177263967 0.47181008902077154 0.1329479768786127 0.008902077151335312
0 0.815028901734104 0.46513353115727 0.007707129094412331 0.001483679525222552
0 0.789980732177264 0.4658753709198813 0.023121387283236993 0.002967359050445104
0 0.3448940269749518 0.46513353115727 0.0038535645472061657 0.001483679525222552
0 0.8342967244701349 0.46439169139465875 0.015414258188824663 0.002967359050445104
0 0.3834296724470135 0.46364985163204747 0.007707129094412331 0.001483679525222552
0 0.3670520231213873 0.46439169139465875 0.009633911368015413 0.002967359050445104
0 0.8680154142581888 0.4621661721068249 0.005780346820809248 0.001483679525222552
0 0.8554913294797688 0.4621661721068249 0.0038535645472061657 0.001483679525222552
0 0.882466281310212 0.4606824925816024 0.007707129094412331 0.001483679525222552
0 0.4258188824662813 0.46142433234421365 0.007707129094412331 0.002967359050445104
0 0.1859344894026975 0.46364985163204747 0.02119460500963391 0.00741839762611276
0 0.9267822736030829 0.4577151335311573 0.0038535645472061657 0.001483679525222552
0 0.45664739884393063 0.4599406528189911 0.03468208092485549 0.005934718100890208
0 0.7784200385356455 0.44287833827893175 0.007707129094412331 0.001483679525222552
0 0.4508670520231214 0.4421364985163205 0.0038535645472061657 0.002967359050445104
0 0.18400770712909442 0.44881305637982194 0.01348747591522158 0.016320474777448073
0 0.9508670520231214 0.43991097922848665 0.017341040462427744 0.001483679525222552
0 0.8285163776493256 0.43991097922848665 0.04238921001926782 0.004451038575667656
0 0.18400770712909442 0.43694362017804156 0.005780346820809248 0.004451038575667656
0 0.7957610789980732 0.4332344213649852 0.007707129094412331 0.002967359050445104
0 0.06454720616570328 0.43249258160237386 0.0019267822736030828 0.001483679525222552
0 0.18497109826589594 0.42729970326409494 0.011560693641618497 0.005934718100890208
0 0.8082851637764933 0.4235905044510386 0.0905587668593449 0.00741839762611276
0 0.8747591522157996 0.4206231454005935 0.015414258188824663 0.004451038575667656
0 0.9489402697495183 0.41617210682492584 0.01348747591522158 0.001483679525222552
0 0.9277456647398844 0.4176557863501484 0.025048169556840076 0.004451038575667656
0 0.3448940269749518 0.41097922848664686 0.007707129094412331 0.002967359050445104
0 0.9479768786127167 0.40875370919881304 0.0038535645472061657 0.001483679525222552
0 0.8159922928709056 0.4072700296735905 0.11753371868978806 0.010385756676557863
0 0.9200385356454721 0.4013353115727003 0.01348747591522158 0.001483679525222552
0 0.8660886319845857 0.3961424332344214 0.025048169556840076 0.002967359050445104
0 0.09633911368015415 0.3620178041543027 0.007707129094412331 0.011869436201780416
0 0.6059730250481695 0.35979228486646886 0.017341040462427744 0.013353115727002967
0 0.5028901734104047 0.3271513353115727 0.007707129094412331 0.004451038575667656
0 0.08574181117533719 0.36053412462908013 0.04046242774566474 0.12759643916913946
0 0.43545279383429675 0.3479228486646884 0.19653179190751446 0.1261127596439169
0 0.1907514450867052 0.3508902077151335 0.030828516377649325 0.14094955489614244
0 0.649325626204239 0.33827893175074186 0.08863198458574181 0.12166172106824925
0 0.850674373795761 0.3375370919881306 0.23699421965317918 0.13204747774480713
0 0.18208092485549132 0.2737388724035608 0.009633911368015413 0.004451038575667656
0 0.18304431599229287 0.2663204747774481 0.011560693641618497 0.004451038575667656
0 0.18208092485549132 0.258160237388724 0.009633911368015413 0.002967359050445104
0 0.7591522157996147 0.2529673590504451 0.023121387283236993 0.001483679525222552
0 0.8140655105973025 0.25148367952522255 0.005780346820809248 0.001483679525222552
0 0.7996146435452793 0.25148367952522255 0.007707129094412331 0.001483679525222552
0 0.7813102119460501 0.2522255192878338 0.005780346820809248 0.002967359050445104
0 0.8227360308285164 0.24258160237388723 0.0038535645472061657 0.001483679525222552
0 0.8766859344894027 0.2410979228486647 0.0038535645472061657 0.001483679525222552
0 0.18015414258188825 0.22922848664688428 0.02119460500963391 0.004451038575667656
0 0.18015414258188825 0.2218100890207715 0.02119460500963391 0.004451038575667656
0 0.9200385356454721 0.20845697329376855 0.0019267822736030828 0.001483679525222552
0 0.8439306358381503 0.20400593471810088 0.0038535645472061657 0.001483679525222552
0 0.7870905587668593 0.20548961424332343 0.08285163776493257 0.004451038575667656
0 0.18015414258188825 0.20919881305637983 0.03275529865125241 0.01483679525222552
0 0.9219653179190751 0.2010385756676558 0.005780346820809248 0.001483679525222552
0 0.8140655105973025 0.19658753709198812 0.005780346820809248 0.001483679525222552
0 0.8044315992292871 0.19658753709198812 0.005780346820809248 0.001483679525222552
0 0.7687861271676301 0.19732937685459942 0.046242774566473986 0.002967359050445104
0 0.8439306358381503 0.19584569732937684 0.007707129094412331 0.002967359050445104
0 0.9142581888246628 0.19287833827893175 0.02119460500963391 0.002967359050445104
0 0.17726396917148363 0.19510385756676557 0.03468208092485549 0.00741839762611276
0 0.7649325626204239 0.18991097922848665 0.030828516377649325 0.002967359050445104
0 0.8651252408477842 0.18620178041543026 0.0038535645472061657 0.001483679525222552
0 0.838150289017341 0.18694362017804153 0.011560693641618497 0.002967359050445104
0 0.9084778420038536 0.1847181008902077 0.005780346820809248 0.001483679525222552
0 0.17726396917148363 0.18620178041543026 0.038535645472061654 0.00741839762611276
0 0.9190751445086706 0.1758160237388724 0.023121387283236993 0.004451038575667656
0 0.7447013487475915 0.17210682492581603 0.017341040462427744 0.002967359050445104
0 0.7996146435452793 0.17136498516320475 0.08477842003853564 0.004451038575667656
0 0.7890173410404624 0.15578635014836795 0.10982658959537572 0.005934718100890208
0 0.9007707129094412 0.15356083086053413 0.09441233140655106 0.00741839762611276
0 0.6310211946050096 0.13798219584569732 0.005780346820809248 0.002967359050445104
0 0.4441233140655106 0.12388724035608309 0.0019267822736030828 0.001483679525222552
0 0.05202312138728324 0.0897626112759644 0.10404624277456648 0.09940652818991098
0 0.5250481695568401 0.09050445103857567 0.8959537572254336 0.18100890207715134
0 0.5009633911368016 0.0066765578635014835 0.1579961464354528 0.013353115727002967
