0 0.5127659574468085 0.8755230125523012 0.02695035460992908 0.010460251046025104
0 0.5078014184397163 0.8655857740585774 0.005673758865248227 0.0010460251046025104
0 0.5326241134751774 0.8655857740585774 0.009929078014184398 0.0031380753138075313
0 0.4907801418439716 0.8650627615062761 0.005673758865248227 0.0020920502092050207
0 0.5411347517730496 0.858786610878661 0.02127659574468085 0.0041841004184100415
0 0.4765957446808511 0.8593096234309623 0.08226950354609928 0.005230125523012552
0 0.4858156028368794 0.8530334728033473 0.0014184397163120568 0.0010460251046025104
0 0.474468085106383 0.8457112970711297 0.029787234042553193 0.0031380753138075313
0 0.5078014184397163 0.8451882845188284 0.01702127659574468 0.0041841004184100415
0 0.3276595744680851 0.8389121338912134 0.00851063829787234 0.0020920502092050207
0 0.5014184397163121 0.8378661087866108 0.009929078014184398 0.0020920502092050207
0 0.4049645390070922 0.8383891213389121 0.018439716312056736 0.0031380753138075313
0 0.349645390070922 0.8310669456066946 0.00425531914893617 0.0010460251046025104
0 0.3843971631205674 0.8315899581589958 0.04539007092198582 0.0041841004184100415
0 0.2297872340425532 0.8310669456066946 0.02553191489361702 0.005230125523012552
0 0.21560283687943263 0.8242677824267782 0.05106382978723404 0.0041841004184100415
0 0.1375886524822695 0.8174686192468619 0.0028368794326241137 0.0010460251046025104
0 0.43120567375886526 0.8164225941422594 0.005673758865248227 0.0010460251046025104
0 0.42340425531914894 0.8164225941422594 0.00425531914893617 0.0010460251046025104
0 0.37375886524822693 0.8164225941422594 0.0014184397163120568 0.0010460251046025104
0 0.35390070921985817 0.8169456066945606 0.0070921985815602835 0.0020920502092050207
0 0.33404255319148934 0.8164225941422594 0.00425531914893617 0.0010460251046025104
0 0.3198581560283688 0.8169456066945606 0.015602836879432624 0.0020920502092050207
0 0.2957446808510638 0.8164225941422594 0.024113475177304965 0.0031380753138075313
0 0.4858156028368794 0.8153765690376569 0.0070921985815602835 0.0031380753138075313
0 0.399290780141844 0.8164225941422594 0.032624113475177303 0.005230125523012552
0 0.20921985815602837 0.7782426778242678 0.032624113475177303 0.02301255230125523
0 0.3354609929078014 0.7416317991631799 0.09787234042553192 0.0041841004184100415
0 0.31063829787234043 0.7348326359832636 0.0028368794326241137 0.0010460251046025104
0 0.1226950354609929 0.7803347280334728 0.2453900709219858 0.09205020920502092
0 0.46170212765957447 0.733786610878661 0.00425531914893617 0.0010460251046025104
0 0.4482269503546099 0.733786610878661 0.011347517730496455 0.0010460251046025104
0 0.5042553191489362 0.7332635983263598 0.00425531914893617 0.0020920502092050207
0 0.11702127659574468 0.7290794979079498 0.00425531914893617 0.0020920502092050207
0 0.4702127659574468 0.7264644351464435 0.00425531914893617 0.0010460251046025104
0 0.08085106382978724 0.7290794979079498 0.062411347517730496 0.006276150627615063
0 0.4921985815602837 0.7264644351464435 0.028368794326241134 0.0031380753138075313
0 0.0851063829787234 0.7222803347280334 0.06808510638297872 0.005230125523012552
0 0.17163120567375886 0.7149581589958159 0.0028368794326241137 0.0010460251046025104
0 0.10921985815602837 0.7149581589958159 0.0028368794326241137 0.0010460251046025104
0 0.07801418439716312 0.7154811715481172 0.05106382978723404 0.0041841004184100415
0 0.3191489361702128 0.7076359832635983 0.0028368794326241137 0.0010460251046025104
0 0.3099290780141844 0.7076359832635983 0.00425531914893617 0.0010460251046025104
0 0.30141843971631205 0.7076359832635983 0.00425531914893617 0.0010460251046025104
0 0.2907801418439716 0.7076359832635983 0.00851063829787234 0.0010460251046025104
0 0.2453900709219858 0.7081589958158996 0.00851063829787234 0.0041841004184100415
0 0.0851063829787234 0.7081589958158996 0.059574468085106386 0.0041841004184100415
0 0.1652482269503546 0.7076359832635983 0.015602836879432624 0.005230125523012552
0 0.1099290780141844 0.7013598326359832 0.00425531914893617 0.0010460251046025104
0 0.24468085106382978 0.7003138075313807 0.0014184397163120568 0.0010460251046025104
0 0.16453900709219857 0.7013598326359832 0.014184397163120567 0.0031380753138075313
0 0.07872340425531915 0.7018828451882845 0.0524822695035461 0.0041841004184100415
0 0.37872340425531914 0.6997907949790795 0.005673758865248227 0.0020920502092050207
0 0.32978723404255317 0.7003138075313807 0.08936170212765958 0.0031380753138075313
0 0.10283687943262411 0.6940376569037657 0.0014184397163120568 0.0010460251046025104
0 0.075177304964539 0.694560669456067 0.04539007092198582 0.0041841004184100415
0 0.2950354609929078 0.6929916317991632 0.019858156028368795 0.0031380753138075313
0 0.251063829787234 0.6935146443514645 0.019858156028368795 0.0041841004184100415
0 0.16879432624113475 0.6935146443514645 0.00851063829787234 0.0041841004184100415
0 0.4553191489361702 0.6919456066945606 0.011347517730496455 0.0031380753138075313
0 0.1673758865248227 0.6867154811715481 0.00851063829787234 0.0010460251046025104
0 0.24397163120567375 0.6861924686192469 0.0028368794326241137 0.0020920502092050207
0 0.15602836879432624 0.6861924686192469 0.005673758865248227 0.0020920502092050207
0 0.07234042553191489 0.6867154811715481 0.0425531914893617 0.005230125523012552
0 0.4574468085106383 0.6841004184100419 0.015602836879432624 0.0041841004184100415
0 0.2886524822695035 0.678347280334728 0.00425531914893617 0.0010460251046025104
0 0.24326241134751772 0.6788702928870293 0.00425531914893617 0.0020920502092050207
0 0.0673758865248227 0.6799163179916318 0.02695035460992908 0.0041841004184100415
0 0.24326241134751772 0.6715481171548117 0.00425531914893617 0.0020920502092050207
0 0.07092198581560284 0.672071129707113 0.03971631205673759 0.005230125523012552
0 0.29148936170212764 0.6637029288702929 0.0070921985815602835 0.0010460251046025104
0 0.06453900709219858 0.6652719665271967 0.029787234042553193 0.0041841004184100415
0 0.44042553191489364 0.6626569037656904 0.08085106382978724 0.005230125523012552
0 0.06382978723404255 0.6584728033472803 0.031205673758865248 0.005230125523012552
0 0.3773049645390071 0.6558577405857741 0.00851063829787234 0.0020920502092050207
0 0.44113475177304967 0.6558577405857741 0.0851063829787234 0.006276150627615063
0 0.5929078014184397 0.6542887029288703 0.06524822695035461 0.005230125523012552
0 0.2886524822695035 0.649581589958159 0.00425531914893617 0.0020920502092050207
0 0.47304964539007094 0.6485355648535565 0.029787234042553193 0.0041841004184100415
0 0.34113475177304964 0.6422594142259415 0.015602836879432624 0.0020920502092050207
0 0.375177304964539 0.6417364016736402 0.0070921985815602835 0.0031380753138075313
0 0.21063829787234042 0.6129707112970711 0.032624113475177303 0.03138075313807531
0 0.1624113475177305 0.46234309623430964 0.16312056737588654 0.008368200836820083
0 0.20354609929078013 0.44926778242677823 0.07234042553191489 0.007322175732217573
0 0.12340425531914893 0.5496861924686193 0.24680851063829787 0.20815899581589958
0 0.0070921985815602835 0.42416317991631797 0.0028368794326241137 0.0010460251046025104
0 0.0070921985815602835 0.4110878661087866 0.0028368794326241137 0.0020920502092050207
0 0.006382978723404255 0.3985355648535565 0.00425531914893617 0.0041841004184100415
0 0.27375886524822696 0.38493723849372385 0.005673758865248227 0.0020920502092050207
0 0.0070921985815602835 0.38493723849372385 0.0028368794326241137 0.0020920502092050207
0 0.5 0.6767782426778243 1.0 0.6129707112970711
0 0.005673758865248227 0.372907949790795 0.011347517730496455 0.009414225941422594
0 0.44397163120567373 0.23221757322175732 0.0028368794326241137 0.0041841004184100415
0 0.3900709219858156 0.20135983263598325 0.00851063829787234 0.005230125523012552
0 0.3893617021276596 0.19456066945606695 0.00425531914893617 0.0041841004184100415
0 0.47092198581560285 0.04079497907949791 0.425531914893617 0.008368200836820083
0 0.5 0.20188284518828453 1.0 0.3305439330543933
0 0.006382978723404255 0.04184100418410042 0.01276595744680851 0.010460251046025104
