0 0.6519756838905775 0.995249406175772 0.015197568389057751 0.009501187648456057
0 0.4726443768996961 0.995249406175772 0.02127659574468085 0.009501187648456057
0 0.5987841945288754 0.9928741092636579 0.0486322188449848 0.014251781472684086
0 0.42249240121580545 0.9928741092636579 0.0547112462006079 0.014251781472684086
0 0.36322188449848025 0.9928741092636579 0.03951367781155015 0.014251781472684086
0 0.7051671732522796 0.9833729216152018 0.0668693009118541 0.0332541567695962
0 0.5866261398176292 0.9679334916864608 0.0121580547112462 0.0023752969121140144
0 0.42857142857142855 0.9774346793349169 0.2917933130699088 0.04513064133016627
0 0.7735562310030395 0.9204275534441805 0.015197568389057751 0.026128266033254157
0 0.5197568389057751 0.9239904988123515 0.1094224924012158 0.0332541567695962
0 0.44376899696048633 0.9133016627078385 0.0121580547112462 0.026128266033254157
0 0.39209726443769 0.9109263657957245 0.0243161094224924 0.030878859857482184
0 0.42857142857142855 0.8824228028503563 0.0121580547112462 0.007125890736342043
0 0.3966565349544073 0.8824228028503563 0.00911854103343465 0.007125890736342043
0 0.23252279635258358 0.9049881235154394 0.04559270516717325 0.06175771971496437
0 0.47416413373860183 0.8741092636579573 0.0060790273556231 0.004750593824228029
0 0.5775075987841946 0.8681710213776722 0.0182370820668693 0.011876484560570071
0 0.3130699088145897 0.8479809976247031 0.0486322188449848 0.057007125890736345
0 0.5091185410334347 0.8182897862232779 0.015197568389057751 0.007125890736342043
0 0.6094224924012158 0.7980997624703088 0.00911854103343465 0.004750593824228029
0 0.41033434650455924 0.7980997624703088 0.0060790273556231 0.004750593824228029
0 0.30243161094224924 0.7945368171021377 0.00911854103343465 0.007125890736342043
0 0.41185410334346506 0.7731591448931117 0.00303951367781155 0.0023752969121140144
0 0.4148936170212766 0.7624703087885986 0.00303951367781155 0.004750593824228029
0 0.32674772036474165 0.7707838479809976 0.03951367781155015 0.030878859857482184
0 0.8100303951367781 0.7114014251781473 0.015197568389057751 0.011876484560570071
0 0.47416413373860183 0.668646080760095 0.0182370820668693 0.011876484560570071
0 0.46048632218844987 0.663895486935867 0.00303951367781155 0.0023752969121140144
0 0.8161094224924013 0.668646080760095 0.00911854103343465 0.021377672209026127
0 0.8206686930091185 0.6448931116389549 0.0121580547112462 0.0166270783847981
0 0.4376899696048632 0.6365795724465558 0.0182370820668693 0.0332541567695962
0 0.8282674772036475 0.6092636579572447 0.015197568389057751 0.011876484560570071
0 0.27811550151975684 0.6520190023752969 0.04559270516717325 0.1021377672209026
0 0.5547112462006079 0.5676959619952494 0.02735562310030395 0.009501187648456057
0 0.5972644376899696 0.5486935866983373 0.03951367781155015 0.009501187648456057
0 0.3723404255319149 0.5475059382422803 0.015197568389057751 0.007125890736342043
0 0.3708206686930091 0.5296912114014252 0.0060790273556231 0.004750593824228029
0 0.36930091185410335 0.505938242280285 0.03951367781155015 0.014251781472684086
0 0.3799392097264438 0.4809976247030879 0.0243161094224924 0.0166270783847981
0 0.5 0.5166270783847982 1.0 0.8622327790973872
0 0.5851063829787234 0.08076009501187649 0.00303951367781155 0.004750593824228029
0 0.6170212765957447 0.08194774346793349 0.030395136778115502 0.011876484560570071
0 0.6504559270516718 0.07719714964370546 0.030395136778115502 0.021377672209026127
0 0.621580547112462 0.0665083135391924 0.00911854103343465 0.004750593824228029
0 0.6428571428571429 0.048693586698337295 0.02127659574468085 0.021377672209026127
0 0.4756838905775076 0.05819477434679335 0.02735562310030395 0.040380047505938245
0 0.5957446808510638 0.05463182897862233 0.030395136778115502 0.03800475059382423
0 0.42249240121580545 0.057007125890736345 0.0547112462006079 0.04275534441805225
0 0.3617021276595745 0.05463182897862233 0.0425531914893617 0.04275534441805225
