0 0.6286472148541115 0.998062015503876 0.005305039787798408 0.003875968992248062
0 0.4389920424403183 0.9883720930232558 0.029177718832891247 0.023255813953488372
0 0.3779840848806366 0.9883720930232558 0.04509283819628647 0.023255813953488372
0 0.5848806366047745 0.9786821705426356 0.007957559681697613 0.011627906976744186
0 0.553050397877984 0.9864341085271318 0.013262599469496022 0.027131782945736434
0 0.32360742705570295 0.9864341085271318 0.03713527851458886 0.027131782945736434
0 0.6074270557029178 0.9767441860465116 0.015915119363395226 0.015503875968992248
0 0.6790450928381963 0.9689922480620154 0.05305039787798409 0.06201550387596899
0 0.38992042440318303 0.9670542635658915 0.28116710875331563 0.06589147286821706
0 0.5 0.4748062015503876 1.0 0.8410852713178295
0 0.5994694960212201 0.040697674418604654 0.03183023872679045 0.011627906976744186
0 0.616710875331565 0.02131782945736434 0.007957559681697613 0.011627906976744186
0 0.6405835543766578 0.027131782945736434 0.029177718832891247 0.03875968992248062
0 0.6989389920424404 0.03682170542635659 0.05570291777188329 0.07364341085271318
0 0.5755968169761273 0.02131782945736434 0.015915119363395226 0.04263565891472868
0 0.46153846153846156 0.013565891472868217 0.015915119363395226 0.027131782945736434
0 0.38992042440318303 0.013565891472868217 0.015915119363395226 0.027131782945736434
0 0.34748010610079577 0.011627906976744186 0.04774535809018567 0.023255813953488372
0 0.40848806366047746 0.03488372093023256 0.27586206896551724 0.06976744186046512
