0 0.5335120643431636 0.9921259842519685 0.010723860589812333 0.015748031496062992
0 0.48927613941018766 0.9645669291338582 0.013404825737265416 0.05511811023622047
0 0.3820375335120643 0.9645669291338582 0.024128686327077747 0.07086614173228346
0 0.33109919571045576 0.9606299212598425 0.05093833780160858 0.07874015748031496
0 0.26943699731903487 0.9586614173228346 0.024128686327077747 0.07480314960629922
0 0.5 0.468503937007874 1.0 0.8031496062992126
0 0.4973190348525469 0.05905511811023622 0.00804289544235925 0.007874015748031496
0 0.46112600536193027 0.05511811023622047 0.04289544235924933 0.015748031496062992
0 0.48257372654155495 0.00984251968503937 0.005361930294906166 0.011811023622047244
0 0.4436997319034853 0.011811023622047244 0.00804289544235925 0.023622047244094488
0 0.3378016085790885 0.021653543307086614 0.010723860589812333 0.04330708661417323
0 0.2949061662198391 0.021653543307086614 0.0160857908847185 0.04330708661417323
0 0.24664879356568364 0.01968503937007874 0.0160857908847185 0.03937007874015748
