0 0.5939675174013921 0.9972875226039783 0.009280742459396751 0.0054249547920434
0 0.5765661252900232 0.9945750452079566 0.01160092807424594 0.0108499095840868
0 0.5638051044083526 0.9773960216998192 0.004640371229698376 0.0018083182640144665
0 0.5406032482598608 0.9882459312839059 0.027842227378190254 0.023508137432188065
0 0.4234338747099768 0.9882459312839059 0.025522041763341066 0.023508137432188065
0 0.6368909512761021 0.9873417721518988 0.0069605568445475635 0.02531645569620253
0 0.37354988399071926 0.9873417721518988 0.009280742459396751 0.02531645569620253
0 0.31206496519721577 0.9864376130198915 0.03480278422273782 0.027124773960216998
0 0.6740139211136891 0.9855334538878843 0.016241299303944315 0.028933092224231464
0 0.25406032482598606 0.984629294755877 0.03480278422273782 0.03074141048824593
0 0.6566125290023201 0.9638336347197106 0.04640371229698376 0.0108499095840868
0 0.37470997679814383 0.9746835443037974 0.271461716937355 0.05063291139240506
0 0.962877030162413 0.9213381555153707 0.004640371229698376 0.0018083182640144665
0 0.9327146171693735 0.9213381555153707 0.004640371229698376 0.0018083182640144665
0 0.8109048723897911 0.8978300180831826 0.01160092807424594 0.0018083182640144665
0 0.7842227378190255 0.8987341772151899 0.013921113689095127 0.007233273056057866
0 0.7621809744779582 0.8969258589511754 0.0069605568445475635 0.003616636528028933
0 0.7250580046403712 0.8969258589511754 0.01160092807424594 0.003616636528028933
0 0.7668213457076566 0.8770343580470162 0.0069605568445475635 0.003616636528028933
0 0.808584686774942 0.8544303797468354 0.002320185614849188 0.0018083182640144665
0 0.8758700696055685 0.8535262206148282 0.016241299303944315 0.003616636528028933
0 0.8561484918793504 0.8526220614828209 0.004640371229698376 0.0018083182640144665
0 0.8375870069605569 0.8526220614828209 0.004640371229698376 0.0018083182640144665
0 0.7424593967517401 0.8526220614828209 0.004640371229698376 0.0018083182640144665
0 0.7308584686774942 0.8526220614828209 0.004640371229698376 0.0018083182640144665
0 0.8410672853828306 0.794755877034358 0.01160092807424594 0.012658227848101266
0 0.7679814385150812 0.794755877034358 0.013921113689095127 0.012658227848101266
0 0.7993039443155452 0.7938517179023508 0.02088167053364269 0.014466546112115732
0 0.802784222737819 0.7730560578661845 0.08352668213457076 0.0162748643761302
0 0.7830626450116009 0.7540687160940326 0.03480278422273782 0.0108499095840868
0 0.8979118329466357 0.7332730560578662 0.009280742459396751 0.0054249547920434
0 0.87122969837587 0.7341772151898734 0.025522041763341066 0.007233273056057866
0 0.8004640371229699 0.7350813743218807 0.08352668213457076 0.009041591320072333
0 0.7447795823665894 0.7314647377938517 0.009280742459396751 0.0054249547920434
0 0.5 0.8309222423146474 1.0 0.2115732368896926
0 0.3723897911832947 0.7043399638336347 0.002320185614849188 0.0018083182640144665
0 0.8805104408352669 0.6943942133815552 0.05336426914153132 0.018083182640144666
0 0.703016241299304 0.6943942133815552 0.08816705336426914 0.018083182640144666
0 0.9651972157772621 0.6925858951175407 0.06960556844547564 0.0216998191681736
0 0.8955916473317865 0.6699819168173599 0.004640371229698376 0.0054249547920434
0 0.87122969837587 0.6681735985533453 0.016241299303944315 0.012658227848101266
0 0.703016241299304 0.6681735985533453 0.08352668213457076 0.012658227848101266
0 0.9802784222737819 0.6699819168173599 0.030162412993039442 0.019891500904159132
0 0.6983758700696056 0.6518987341772152 0.013921113689095127 0.009041591320072333
0 0.6693735498839907 0.6482820976491862 0.01160092807424594 0.0054249547920434
0 0.87122969837587 0.6148282097649186 0.0069605568445475635 0.003616636528028933
0 0.9037122969837587 0.6148282097649186 0.048723897911832945 0.007233273056057866
0 0.8410672853828306 0.6130198915009042 0.025522041763341066 0.007233273056057866
0 0.7911832946635731 0.6139240506329114 0.06496519721577726 0.009041591320072333
0 0.7412993039443155 0.6139240506329114 0.025522041763341066 0.009041591320072333
0 0.6844547563805105 0.6148282097649186 0.06960556844547564 0.0108499095840868
0 0.8700696055684455 0.5985533453887885 0.02320185614849188 0.003616636528028933
0 0.8445475638051044 0.6003616636528029 0.013921113689095127 0.007233273056057866
0 0.8120649651972158 0.5985533453887885 0.009280742459396751 0.003616636528028933
0 0.7842227378190255 0.5976491862567812 0.009280742459396751 0.0018083182640144665
0 0.7505800464037123 0.5985533453887885 0.0069605568445475635 0.003616636528028933
0 0.7146171693735499 0.5985533453887885 0.004640371229698376 0.003616636528028933
0 0.7819025522041764 0.5415913200723327 0.2552204176334107 0.048824593128390596
0 0.7795823665893271 0.4972875226039783 0.04640371229698376 0.014466546112115732
0 0.7761020881670534 0.4755877034358047 0.04408352668213457 0.014466546112115732
0 0.4048723897911833 0.3309222423146474 0.0069605568445475635 0.007233273056057866
0 0.008120649651972157 0.31374321880650996 0.002320185614849188 0.0018083182640144665
0 0.5 0.4376130198915009 1.0 0.6473779385171791
0 0.39559164733178653 0.06329113924050633 0.7911832946635731 0.014466546112115732
0 0.9280742459396751 0.009041591320072333 0.14385150812064965 0.018083182640144666
