0 0.3226256983240223 0.952887537993921 0.030726256983240222 0.00911854103343465
0 0.33100558659217877 0.89209726443769 0.008379888268156424 0.00911854103343465
0 0.3743016759776536 0.8525835866261399 0.0111731843575419 0.00911854103343465
0 0.39804469273743015 0.8389057750759878 0.008379888268156424 0.0060790273556231
0 0.48743016759776536 0.8343465045592705 0.008379888268156424 0.00911854103343465
0 0.973463687150838 0.8465045592705167 0.05307262569832402 0.19148936170212766
0 0.9874301675977654 0.723404255319149 0.025139664804469275 0.0060790273556231
0 0.14804469273743018 0.6884498480243161 0.0111731843575419 0.00911854103343465
0 0.3715083798882682 0.6702127659574468 0.0223463687150838 0.015197568389057751
0 0.914804469273743 0.6595744680851063 0.013966480446927373 0.0121580547112462
0 0.5656424581005587 0.6094224924012158 0.008379888268156424 0.00303951367781155
0 0.6145251396648045 0.6033434650455927 0.0335195530726257 0.02127659574468085
0 0.553072625698324 0.5927051671732523 0.00558659217877095 0.0060790273556231
0 0.49860335195530725 0.5911854103343465 0.008379888268156424 0.00911854103343465
0 0.4259776536312849 0.5851063829787234 0.008379888268156424 0.00911854103343465
0 0.38966480446927376 0.5835866261398176 0.008379888268156424 0.0060790273556231
0 0.49022346368715086 0.5714285714285714 0.013966480446927373 0.0121580547112462
0 0.46368715083798884 0.560790273556231 0.05027932960893855 0.03343465045592705
0 0.3407821229050279 0.5440729483282675 0.07262569832402235 0.0547112462006079
0 0.9720670391061452 0.5364741641337386 0.055865921787709494 0.13677811550151975
0 0.520949720670391 0.4787234042553192 0.07541899441340782 0.04559270516717325
0 0.4231843575418994 0.513677811550152 0.10335195530726257 0.12158054711246201
0 0.164804469273743 0.44984802431610943 0.00558659217877095 0.0121580547112462
0 0.11312849162011174 0.4817629179331307 0.08100558659217877 0.08814589665653495
0 0.13966480446927373 0.6884498480243161 0.27932960893854747 0.5379939209726444
0 0.4958100558659218 0.4012158054711246 0.008379888268156424 0.0060790273556231
0 0.02094972067039106 0.40577507598784196 0.04189944134078212 0.02127659574468085
0 0.015363128491620111 0.3738601823708207 0.030726256983240222 0.030395136778115502
0 0.009776536312849162 0.3495440729483283 0.013966480446927373 0.0121580547112462
0 0.4958100558659218 0.32370820668693007 0.013966480446927373 0.00911854103343465
0 0.473463687150838 0.2872340425531915 0.002793296089385475 0.00303951367781155
0 0.2946927374301676 0.2796352583586626 0.013966480446927373 0.0121580547112462
0 0.38966480446927376 0.24924012158054712 0.008379888268156424 0.0060790273556231
0 0.33100558659217877 0.24772036474164133 0.013966480446927373 0.00911854103343465
0 0.2877094972067039 0.24316109422492402 0.00558659217877095 0.0060790273556231
0 0.22346368715083798 0.24012158054711247 0.0111731843575419 0.0060790273556231
0 0.16201117318435754 0.23708206686930092 0.00558659217877095 0.0060790273556231
0 0.308659217877095 0.22948328267477203 0.002793296089385475 0.00303951367781155
0 0.15502793296089384 0.22340425531914893 0.008379888268156424 0.00911854103343465
0 0.38268156424581007 0.18693009118541035 0.09497206703910614 0.07598784194528875
0 0.16759776536312848 0.2188449848024316 0.33519553072625696 0.1762917933130699
0 0.6410614525139665 0.547112462006079 0.5893854748603352 0.8389057750759878
0 0.9650837988826816 0.28419452887537994 0.06983240223463687 0.3495440729483283
0 0.520949720670391 0.09574468085106383 0.013966480446927373 0.02127659574468085
0 0.4748603351955307 0.08358662613981763 0.0670391061452514 0.06382978723404255
0 0.34217877094972066 0.07750759878419453 0.025139664804469275 0.05167173252279635
0 0.29329608938547486 0.07750759878419453 0.055865921787709494 0.05167173252279635
0 0.23044692737430167 0.0790273556231003 0.04189944134078212 0.0547112462006079
0 0.4776536312849162 0.05167173252279635 0.00558659217877095 0.0060790273556231
