0 0.653041825095057 0.9904153354632588 0.009505703422053232 0.019169329073482427
0 0.42870722433460073 0.9856230031948882 0.20342205323193915 0.02875399361022364
0 0.8336501901140685 0.28753993610223644 0.005703422053231939 0.006389776357827476
0 0.7899239543726235 0.2539936102236422 0.005703422053231939 0.003194888178913738
0 0.8564638783269962 0.24440894568690097 0.0019011406844106464 0.003194888178913738
0 0.8545627376425855 0.23322683706070288 0.043726235741444866 0.09584664536741214
0 0.844106463878327 0.18849840255591055 0.0038022813688212928 0.006389776357827476
0 0.7937262357414449 0.17731629392971246 0.0741444866920152 0.022364217252396165
0 0.8583650190114068 0.15175718849840256 0.02091254752851711 0.009584664536741214
0 0.45722433460076045 0.16134185303514376 0.06653992395437262 0.04153354632587859
0 0.41730038022813687 0.11980830670926518 0.005703422053231939 0.009584664536741214
0 0.40209125475285173 0.1182108626198083 0.005703422053231939 0.006389776357827476
0 0.37072243346007605 0.11661341853035144 0.0038022813688212928 0.003194888178913738
0 0.38688212927756654 0.1182108626198083 0.02091254752851711 0.012779552715654952
0 0.5038022813688213 0.10862619808306709 0.0038022813688212928 0.006389776357827476
0 0.5532319391634981 0.10862619808306709 0.07604562737642585 0.012779552715654952
0 0.49524714828897337 0.10702875399361023 0.009505703422053232 0.009584664536741214
0 0.5 0.5047923322683706 1.0 0.8753993610223643
0 0.6188212927756654 0.054313099041533544 0.03612167300380228 0.03194888178913738
0 0.5437262357414449 0.04472843450479233 0.015209125475285171 0.012779552715654952
0 0.5256653992395437 0.03354632587859425 0.005703422053231939 0.02875399361022364
0 0.5427756653992395 0.01757188498402556 0.005703422053231939 0.009584664536741214
0 0.5712927756653993 0.006389776357827476 0.005703422053231939 0.012779552715654952
0 0.5551330798479087 0.006389776357827476 0.0076045627376425855 0.012779552715654952
0 0.4439163498098859 0.01757188498402556 0.009505703422053232 0.03514376996805112
0 0.4011406844106464 0.019169329073482427 0.026615969581749048 0.038338658146964855
0 0.3612167300380228 0.01757188498402556 0.030418250950570342 0.03514376996805112
0 0.4096958174904943 0.03514376996805112 0.20342205323193915 0.07028753993610223
