0 0.6454849498327759 0.8002257336343115 0.006688963210702341 0.011286681715575621
0 0.34448160535117056 0.8521444695259593 0.5919732441471572 0.14221218961625282
0 0.19816053511705686 0.7562076749435666 0.2591973244147157 0.01805869074492099
0 0.5451505016722408 0.7279909706546276 0.0033444816053511705 0.002257336343115124
0 0.5376254180602007 0.7279909706546276 0.008361204013377926 0.002257336343115124
0 0.5167224080267558 0.7279909706546276 0.013377926421404682 0.002257336343115124
0 0.49498327759197325 0.7279909706546276 0.020066889632107024 0.002257336343115124
0 0.47324414715719065 0.7279909706546276 0.013377926421404682 0.002257336343115124
0 0.4531772575250836 0.7279909706546276 0.023411371237458192 0.002257336343115124
0 0.5660535117056856 0.7268623024830699 0.02508361204013378 0.004514672686230248
0 0.7148829431438127 0.7257336343115124 0.015050167224080268 0.006772009029345372
0 0.6446488294314381 0.7268623024830699 0.11872909698996656 0.009029345372460496
0 0.33612040133779264 0.7291196388261851 0.2040133779264214 0.013544018058690745
0 0.1505016722408027 0.7302483069977427 0.1605351170568562 0.01580135440180587
0 0.205685618729097 0.7031602708803611 0.09364548494983277 0.01580135440180587
0 0.11371237458193979 0.7031602708803611 0.08361204013377926 0.01580135440180587
0 0.6279264214046822 0.7009029345372461 0.7441471571906354 0.01580135440180587
0 0.8168896321070234 0.6772009029345373 0.005016722408026756 0.004514672686230248
0 0.7834448160535117 0.6772009029345373 0.05852842809364549 0.004514672686230248
0 0.9113712374581939 0.6760722347629797 0.17725752508361203 0.011286681715575621
0 0.4122073578595318 0.6783295711060948 0.6806020066889632 0.01580135440180587
0 0.8762541806020067 0.6512415349887133 0.0033444816053511705 0.002257336343115124
0 0.8503344481605352 0.6512415349887133 0.005016722408026756 0.002257336343115124
0 0.6964882943143813 0.6512415349887133 0.0016722408026755853 0.002257336343115124
0 0.6839464882943144 0.6512415349887133 0.006688963210702341 0.002257336343115124
0 0.6705685618729097 0.6512415349887133 0.010033444816053512 0.002257336343115124
0 0.6596989966555183 0.6523702031602708 0.008361204013377926 0.004514672686230248
0 0.6488294314381271 0.6512415349887133 0.0033444816053511705 0.002257336343115124
0 0.8653846153846154 0.6501128668171557 0.005016722408026756 0.004514672686230248
0 0.8336120401337793 0.6512415349887133 0.021739130434782608 0.006772009029345372
0 0.8093645484949833 0.6501128668171557 0.016722408026755852 0.004514672686230248
0 0.7926421404682275 0.6501128668171557 0.0033444816053511705 0.004514672686230248
0 0.1354515050167224 0.6557562076749436 0.11371237458193979 0.01580135440180587
0 0.9406354515050167 0.6501128668171557 0.11872909698996656 0.009029345372460496
0 0.41387959866220736 0.654627539503386 0.43645484949832775 0.01805869074492099
0 0.7441471571906354 0.6489841986455982 0.0802675585284281 0.011286681715575621
0 0.09113712374581939 0.6433408577878104 0.011705685618729096 0.004514672686230248
0 0.7073578595317725 0.6230248306997742 0.006688963210702341 0.004514672686230248
0 0.6964882943143813 0.6230248306997742 0.008361204013377926 0.004514672686230248
0 0.681438127090301 0.6230248306997742 0.008361204013377926 0.004514672686230248
0 0.6630434782608695 0.6230248306997742 0.021739130434782608 0.004514672686230248
0 0.23745819397993312 0.6275395033860045 0.04013377926421405 0.013544018058690745
0 0.14464882943143811 0.628668171557562 0.13879598662207357 0.01580135440180587
0 0.4774247491638796 0.6252821670428894 0.32608695652173914 0.013544018058690745
0 0.2842809364548495 0.6275395033860045 0.05016722408026756 0.01805869074492099
0 0.7416387959866221 0.6230248306997742 0.05518394648829431 0.013544018058690745
0 0.8862876254180602 0.6218961625282167 0.22742474916387959 0.01580135440180587
0 0.6672240802675585 0.5981941309255079 0.6655518394648829 0.01805869074492099
0 0.6839464882943144 0.4367945823927765 0.006688963210702341 0.006772009029345372
0 0.6964882943143813 0.42325056433408575 0.008361204013377926 0.006772009029345372
0 0.8754180602006689 0.3577878103837472 0.011705685618729096 0.033860045146726865
0 0.7140468227424749 0.3656884875846501 0.026755852842809364 0.04966139954853273
0 0.9046822742474916 0.35891647855530473 0.043478260869565216 0.040632054176072234
0 0.48578595317725753 0.3340857787810384 0.005016722408026756 0.004514672686230248
0 0.5100334448160535 0.3329571106094808 0.013377926421404682 0.006772009029345372
0 0.903010033444816 0.3295711060948081 0.0033444816053511705 0.004514672686230248
0 0.5334448160535117 0.46952595936794583 0.9331103678929766 0.28442437923250563
0 0.3637123745819398 0.32054176072234764 0.008361204013377926 0.004514672686230248
0 0.3536789297658863 0.3194130925507901 0.005016722408026756 0.002257336343115124
0 0.5217391304347826 0.3194130925507901 0.013377926421404682 0.006772009029345372
0 0.48244147157190637 0.32054176072234764 0.03177257525083612 0.009029345372460496
0 0.4489966555183946 0.32054176072234764 0.015050167224080268 0.009029345372460496
0 0.40551839464882944 0.32054176072234764 0.06521739130434782 0.009029345372460496
0 0.5744147157190636 0.3182844243792325 0.07525083612040134 0.009029345372460496
0 0.5518394648829431 0.3058690744920993 0.0033444816053511705 0.002257336343115124
0 0.5334448160535117 0.3058690744920993 0.006688963210702341 0.002257336343115124
0 0.4331103678929766 0.30699774266365687 0.016722408026755852 0.004514672686230248
0 0.41304347826086957 0.30699774266365687 0.020066889632107024 0.004514672686230248
0 0.5903010033444817 0.3058690744920993 0.030100334448160536 0.006772009029345372
0 0.5008361204013378 0.3058690744920993 0.008361204013377926 0.006772009029345372
0 0.4013377926421405 0.2945823927765237 0.006688963210702341 0.002257336343115124
0 0.5025083612040134 0.29345372460496616 0.01839464882943144 0.004514672686230248
0 0.5961538461538461 0.29232505643340856 0.028428093645484948 0.006772009029345372
0 0.5510033444816054 0.29232505643340856 0.02508361204013378 0.006772009029345372
0 0.4306020066889632 0.29345372460496616 0.0451505016722408 0.009029345372460496
0 0.5994983277591973 0.28103837471783294 0.0016722408026755853 0.002257336343115124
0 0.552675585284281 0.28103837471783294 0.005016722408026756 0.002257336343115124
0 0.4489966555183946 0.28216704288939054 0.015050167224080268 0.004514672686230248
0 0.43645484949832775 0.28103837471783294 0.006688963210702341 0.002257336343115124
0 0.5693979933110368 0.2799097065462754 0.005016722408026756 0.004514672686230248
0 0.34364548494983277 0.2697516930022573 0.0016722408026755853 0.002257336343115124
0 0.3302675585284281 0.2697516930022573 0.0016722408026755853 0.002257336343115124
0 0.31438127090301005 0.2697516930022573 0.020066889632107024 0.002257336343115124
0 0.5259197324414716 0.26749435665914223 0.005016722408026756 0.002257336343115124
0 0.5175585284280937 0.26749435665914223 0.005016722408026756 0.002257336343115124
0 0.5693979933110368 0.26636568848758463 0.021739130434782608 0.004514672686230248
0 0.44481605351170567 0.26749435665914223 0.06020066889632107 0.006772009029345372
0 0.29347826086956524 0.2562076749435666 0.008361204013377926 0.002257336343115124
0 0.46321070234113715 0.2562076749435666 0.04013377926421405 0.006772009029345372
0 0.5819397993311036 0.25395033860045146 0.020066889632107024 0.006772009029345372
0 0.4297658862876254 0.24266365688487584 0.0033444816053511705 0.002257336343115124
0 0.4765886287625418 0.24266365688487584 0.03678929765886288 0.006772009029345372
0 0.9991638795986622 0.23702031602708803 0.0016722408026755853 0.004514672686230248
0 0.1714046822742475 0.23137697516930023 0.0016722408026755853 0.002257336343115124
0 0.1605351170568562 0.23137697516930023 0.0033444816053511705 0.002257336343115124
0 0.4180602006688963 0.2291196388261851 0.006688963210702341 0.002257336343115124
0 0.40468227424749165 0.2291196388261851 0.0033444816053511705 0.002257336343115124
0 0.33444816053511706 0.23137697516930023 0.11371237458193979 0.006772009029345372
0 0.6346153846153846 0.22686230248307 0.005016722408026756 0.002257336343115124
0 0.5560200668896321 0.2291196388261851 0.028428093645484948 0.006772009029345372
0 0.6438127090301003 0.22573363431151242 0.006688963210702341 0.004514672686230248
0 0.6003344481605352 0.22686230248307 0.026755852842809364 0.006772009029345372
0 0.4698996655518395 0.2291196388261851 0.08695652173913043 0.011286681715575621
0 0.9941471571906354 0.22573363431151242 0.011705685618729096 0.009029345372460496
0 0.5058528428093646 0.21557562076749437 0.0016722408026755853 0.002257336343115124
0 0.48494983277591974 0.21557562076749437 0.006688963210702341 0.002257336343115124
0 0.9933110367892977 0.21331828442437922 0.0033444816053511705 0.002257336343115124
0 0.1948160535117057 0.20428893905191872 0.021739130434782608 0.002257336343115124
0 0.6212374581939799 0.20090293453724606 0.028428093645484948 0.009029345372460496
0 0.40551839464882944 0.2020316027088036 0.27591973244147155 0.011286681715575621
0 0.822742474916388 0.2020316027088036 0.35451505016722407 0.01580135440180587
0 0.5785953177257525 0.19977426636568849 0.030100334448160536 0.011286681715575621
0 0.5075250836120402 0.18848758465011287 0.005016722408026756 0.002257336343115124
0 0.49498327759197325 0.18848758465011287 0.0033444816053511705 0.002257336343115124
0 0.9991638795986622 0.18397291196388263 0.0016722408026755853 0.002257336343115124
0 0.15802675585284282 0.17945823927765236 0.005016722408026756 0.002257336343115124
0 0.09698996655518395 0.18058690744920994 0.006688963210702341 0.004514672686230248
0 0.36705685618729095 0.17607223476297967 0.40301003344481606 0.013544018058690745
0 0.6187290969899666 0.17381489841986456 0.0802675585284281 0.013544018058690745
0 0.8327759197324415 0.17381489841986456 0.33444816053511706 0.01805869074492099
0 0.1254180602006689 0.15575620767494355 0.010033444816053512 0.004514672686230248
0 0.1028428093645485 0.15575620767494355 0.028428093645484948 0.009029345372460496
0 0.6178929765886287 0.14785553047404063 0.03177257525083612 0.01580135440180587
0 0.362876254180602 0.1489841986455982 0.46153846153846156 0.022573363431151242
0 0.5334448160535117 0.07787810383747178 0.9331103678929766 0.15575620767494355
