0 0.6295418641390206 0.849680170575693 0.001579778830963665 0.0021321961620469083
0 0.65086887835703 0.8166311300639659 0.00631911532385466 0.008528784648187633
0 0.6611374407582938 0.8070362473347548 0.004739336492890996 0.006396588486140725
0 0.6398104265402843 0.8070362473347548 0.01263823064770932 0.010660980810234541
0 0.9731437598736177 0.837953091684435 0.053712480252764615 0.08955223880597014
0 0.3285939968404423 0.8486140724946695 0.6066350710900474 0.1279317697228145
0 0.31121642969984203 0.7846481876332623 0.00315955766192733 0.0042643923240938165
0 0.29936808846761453 0.7846481876332623 0.011058451816745656 0.0042643923240938165
0 0.2883096366508689 0.7835820895522388 0.004739336492890996 0.0021321961620469083
0 0.27804107424960506 0.7835820895522388 0.00315955766192733 0.0021321961620469083
0 0.32622432859399686 0.7601279317697228 0.001579778830963665 0.0021321961620469083
0 0.3135860979462875 0.7611940298507462 0.007898894154818325 0.0042643923240938165
0 0.24328593996840442 0.7611940298507462 0.1263823064770932 0.008528784648187633
0 0.11216429699842022 0.7611940298507462 0.12954186413902052 0.01279317697228145
0 0.18878357030015797 0.7345415778251599 0.004739336492890996 0.0021321961620469083
0 0.5355450236966824 0.732409381663113 0.00315955766192733 0.0021321961620469083
0 0.41311216429699843 0.732409381663113 0.004739336492890996 0.0021321961620469083
0 0.3696682464454976 0.732409381663113 0.00631911532385466 0.0021321961620469083
0 0.19747235387045814 0.7334754797441365 0.00631911532385466 0.0042643923240938165
0 0.16982622432859398 0.7345415778251599 0.014218009478672985 0.006396588486140725
0 0.5916271721958926 0.7313432835820896 0.004739336492890996 0.0042643923240938165
0 0.32622432859399686 0.732409381663113 0.0679304897314376 0.006396588486140725
0 0.13507109004739337 0.7334754797441365 0.03949447077409163 0.008528784648187633
0 0.08056872037914692 0.7334754797441365 0.06003159557661927 0.01279317697228145
0 0.07740916271721959 0.7078891257995735 0.04739336492890995 0.01279317697228145
0 0.533175355450237 0.7057569296375267 0.8609794628751974 0.01279317697228145
0 0.8206951026856241 0.6823027718550106 0.004739336492890996 0.0042643923240938165
0 0.7338072669826224 0.6823027718550106 0.03949447077409163 0.0042643923240938165
0 0.7851500789889415 0.6823027718550106 0.053712480252764615 0.008528784648187633
0 0.4549763033175355 0.6833688699360341 0.5023696682464455 0.010660980810234541
0 0.1263823064770932 0.6844349680170576 0.14533965244865718 0.01279317697228145
0 0.8949447077409163 0.6801705756929638 0.13428120063191154 0.01279317697228145
0 0.3088467614533965 0.6599147121535182 0.004739336492890996 0.0021321961620469083
0 0.2962085308056872 0.6599147121535182 0.001579778830963665 0.0021321961620469083
0 0.18009478672985782 0.6609808102345416 0.00631911532385466 0.0042643923240938165
0 0.3183254344391785 0.6588486140724946 0.007898894154818325 0.0042643923240938165
0 0.26066350710900477 0.6599147121535182 0.05055292259083728 0.006396588486140725
0 0.20063191153238547 0.6599147121535182 0.022116903633491312 0.006396588486140725
0 0.15560821484992102 0.6599147121535182 0.011058451816745656 0.006396588486140725
0 0.1263823064770932 0.6609808102345416 0.044233807266982623 0.008528784648187633
0 0.8175355450236966 0.6556503198294243 0.007898894154818325 0.0021321961620469083
0 0.8080568720379147 0.6556503198294243 0.001579778830963665 0.0021321961620469083
0 0.7843601895734598 0.6567164179104478 0.007898894154818325 0.0042643923240938165
0 0.7496050552922591 0.6567164179104478 0.004739336492890996 0.0042643923240938165
0 0.7132701421800948 0.6556503198294243 0.004739336492890996 0.0021321961620469083
0 0.636650868878357 0.6567164179104478 0.00315955766192733 0.0042643923240938165
0 0.6232227488151659 0.6567164179104478 0.007898894154818325 0.0042643923240938165
0 0.6137440758293838 0.6567164179104478 0.007898894154818325 0.0042643923240938165
0 0.07266982622432859 0.6599147121535182 0.02843601895734597 0.010660980810234541
0 0.768562401263823 0.6556503198294243 0.017377567140600316 0.006396588486140725
0 0.6808846761453397 0.6556503198294243 0.053712480252764615 0.006396588486140725
0 0.4676145339652449 0.6567164179104478 0.27488151658767773 0.01279317697228145
0 0.8933649289099526 0.6545842217484008 0.13428120063191154 0.01279317697228145
0 0.07582938388625593 0.6471215351812367 0.00315955766192733 0.0021321961620469083
0 0.27488151658767773 0.6321961620469083 0.03475513428120063 0.006396588486140725
0 0.6374407582938388 0.6279317697228145 0.007898894154818325 0.0021321961620469083
0 0.2259083728278041 0.6311300639658849 0.02843601895734597 0.008528784648187633
0 0.14533965244865718 0.6311300639658849 0.053712480252764615 0.008528784648187633
0 0.07109004739336493 0.6332622601279317 0.02527646129541864 0.01279317697228145
0 0.6532385466034755 0.6279317697228145 0.017377567140600316 0.006396588486140725
0 0.608214849921011 0.6279317697228145 0.037914691943127965 0.006396588486140725
0 0.4415481832543444 0.6289978678038379 0.292259083728278 0.01279317697228145
0 0.6872037914691943 0.6268656716417911 0.04107424960505529 0.01279317697228145
0 0.8380726698262243 0.6268656716417911 0.24170616113744076 0.017057569296375266
0 0.06872037914691943 0.6087420042643923 0.026856240126382307 0.010660980810234541
0 0.2353870458135861 0.6044776119402985 0.0631911532385466 0.010660980810234541
0 0.1406003159557662 0.605543710021322 0.08530805687203792 0.01279317697228145
0 0.8483412322274881 0.3603411513859275 0.04107424960505529 0.03837953091684435
0 0.8214849921011058 0.3582089552238806 0.01263823064770932 0.03411513859275053
0 0.6682464454976303 0.36140724946695096 0.02843601895734597 0.04477611940298507
0 0.8475513428120063 0.3304904051172708 0.004739336492890996 0.0042643923240938165
0 0.5481832543443917 0.3304904051172708 0.053712480252764615 0.008528784648187633
0 0.5071090047393365 0.4680170575692964 0.919431279620853 0.2835820895522388
0 0.3854660347551343 0.3187633262260128 0.0631911532385466 0.006396588486140725
0 0.556872037914692 0.31663113006396587 0.03317535545023697 0.006396588486140725
0 0.48894154818325436 0.3187633262260128 0.04897314375987362 0.010660980810234541
0 0.24723538704581358 0.3187633262260128 0.09320695102685624 0.010660980810234541
0 0.5600315955766193 0.30383795309168443 0.017377567140600316 0.006396588486140725
0 0.4960505529225908 0.3049040511727079 0.03475513428120063 0.008528784648187633
0 0.2519747235387046 0.3049040511727079 0.09636650868878358 0.008528784648187633
0 0.43759873617693523 0.291044776119403 0.00631911532385466 0.0021321961620469083
0 0.42496050552922593 0.291044776119403 0.00315955766192733 0.0021321961620469083
0 0.4107424960505529 0.291044776119403 0.018957345971563982 0.0021321961620469083
0 0.3941548183254344 0.291044776119403 0.004739336492890996 0.0021321961620469083
0 0.18325434439178515 0.291044776119403 0.00315955766192733 0.0021321961620469083
0 0.5655608214849921 0.2899786780383795 0.009478672985781991 0.0042643923240938165
0 0.44944707740916273 0.291044776119403 0.011058451816745656 0.006396588486140725
0 0.26619273301737756 0.2921108742004264 0.13112164296998421 0.008528784648187633
0 0.5071090047393365 0.2899786780383795 0.037914691943127965 0.008528784648187633
0 0.20774091627172195 0.28038379530916846 0.001579778830963665 0.0021321961620469083
0 0.4557661927330174 0.279317697228145 0.017377567140600316 0.0042643923240938165
0 0.35150078988941547 0.27825159914712155 0.004739336492890996 0.0021321961620469083
0 0.2796208530805687 0.28038379530916846 0.12954186413902052 0.006396588486140725
0 0.5150078988941548 0.27825159914712155 0.02527646129541864 0.006396588486140725
0 0.43601895734597157 0.26545842217484006 0.00315955766192733 0.0021321961620469083
0 0.46050552922590837 0.26545842217484006 0.030015797788309637 0.006396588486140725
0 0.315955766192733 0.26652452025586354 0.1579778830963665 0.008528784648187633
0 0.5308056872037915 0.26439232409381663 0.04107424960505529 0.008528784648187633
0 0.5616113744075829 0.2526652452025586 0.001579778830963665 0.0021321961620469083
0 0.46524486571879936 0.2526652452025586 0.036334913112164295 0.006396588486140725
0 0.325434439178515 0.2537313432835821 0.20537124802527645 0.008528784648187633
0 0.5379146919431279 0.2515991471215352 0.030015797788309637 0.008528784648187633
0 0.9399684044233807 0.23880597014925373 0.01263823064770932 0.0042643923240938165
0 0.5481832543443917 0.23987206823027718 0.02527646129541864 0.006396588486140725
0 0.476303317535545 0.23987206823027718 0.04265402843601896 0.006396588486140725
0 0.3641390205371248 0.24093816631130063 0.17535545023696683 0.008528784648187633
0 0.9454976303317536 0.2260127931769723 0.004739336492890996 0.0042643923240938165
0 0.9344391785150079 0.22494669509594883 0.007898894154818325 0.006396588486140725
0 0.3278041074249605 0.22707889125799574 0.3712480252764613 0.010660980810234541
0 0.5734597156398105 0.2260127931769723 0.06635071090047394 0.01279317697228145
0 0.9368088467614534 0.21321961620469082 0.00631911532385466 0.0042643923240938165
0 0.4368088467614534 0.21321961620469082 0.007898894154818325 0.0042643923240938165
0 0.41390205371248023 0.21215351812366737 0.00631911532385466 0.0021321961620469083
0 0.4052132701421801 0.21215351812366737 0.004739336492890996 0.0021321961620469083
0 0.39257503949447076 0.21321961620469082 0.011058451816745656 0.0042643923240938165
0 0.33175355450236965 0.19936034115138593 0.43601895734597157 0.010660980810234541
0 0.7906793048973144 0.19936034115138593 0.31121642969984203 0.014925373134328358
0 0.5829383886255924 0.19829424307036247 0.05055292259083728 0.01279317697228145
0 0.32701421800947866 0.17270788912579957 0.4928909952606635 0.01279317697228145
0 0.8001579778830964 0.17164179104477612 0.2859399684044234 0.014925373134328358
0 0.6113744075829384 0.17164179104477612 0.05055292259083728 0.014925373134328358
0 0.3380726698262243 0.14498933901918976 0.5244865718799369 0.021321961620469083
0 0.9707740916271722 0.10980810234541578 0.001579778830963665 0.0021321961620469083
0 0.9707740916271722 0.07569296375266525 0.001579778830963665 0.006396588486140725
0 0.05055292259083728 0.04584221748400853 0.00315955766192733 0.0021321961620469083
0 0.04976303317535545 0.03837953091684435 0.004739336492890996 0.008528784648187633
0 0.044233807266982623 0.010660980810234541 0.00631911532385466 0.01279317697228145
0 0.5078988941548184 0.0767590618336887 0.9083728278041074 0.1535181236673774
