0 0.6225352112676056 0.9476923076923077 0.005633802816901409 0.006153846153846154
0 0.3873239436619718 0.9723076923076923 0.059154929577464786 0.055384615384615386
0 0.3295774647887324 0.9723076923076923 0.04507042253521127 0.055384615384615386
0 0.4394366197183099 0.9661538461538461 0.028169014084507043 0.04923076923076923
0 0.5492957746478874 0.9676923076923077 0.022535211267605635 0.06461538461538462
0 0.5901408450704225 0.9646153846153847 0.04225352112676056 0.07076923076923076
0 0.5774647887323944 0.9353846153846154 0.011267605633802818 0.012307692307692308
0 0.9971830985915493 0.7784615384615384 0.005633802816901409 0.04923076923076923
0 0.9985915492957746 0.74 0.0028169014084507044 0.021538461538461538
0 0.9971830985915493 0.7015384615384616 0.005633802816901409 0.006153846153846154
0 0.9915492957746479 0.38461538461538464 0.016901408450704224 0.012307692307692308
0 0.9929577464788732 0.3553846153846154 0.014084507042253521 0.027692307692307693
0 0.9929577464788732 0.32153846153846155 0.014084507042253521 0.027692307692307693
0 0.9943661971830986 0.28 0.011267605633802818 0.012307692307692308
0 0.9929577464788732 0.16153846153846155 0.014084507042253521 0.18769230769230769
0 0.49577464788732395 0.4753846153846154 0.9915492957746479 0.8153846153846154
0 0.4563380281690141 0.06615384615384616 0.056338028169014086 0.015384615384615385
0 0.34788732394366195 0.033846153846153845 0.059154929577464786 0.04923076923076923
0 0.2859154929577465 0.033846153846153845 0.04225352112676056 0.04923076923076923
0 0.5084507042253521 0.03538461538461538 0.2507042253521127 0.07076923076923076
