0 0.7429906542056075 0.9863112391930836 0.001869158878504673 0.001440922190201729
0 0.0308411214953271 0.9805475504322767 0.001869158878504673 0.001440922190201729
0 0.02336448598130841 0.9848703170028819 0.013084112149532711 0.018731988472622477
0 0.3747663551401869 0.9329971181556196 0.7158878504672898 0.10806916426512968
0 0.5710280373831775 0.8242074927953891 0.005607476635514018 0.002881844380403458
0 0.6056074766355141 0.8170028818443804 0.003738317757009346 0.002881844380403458
0 0.6373831775700934 0.8047550432276657 0.007476635514018692 0.001440922190201729
0 0.6271028037383177 0.8040345821325648 0.005607476635514018 0.002881844380403458
0 0.6130841121495327 0.8018731988472623 0.003738317757009346 0.001440922190201729
0 0.597196261682243 0.8004322766570605 0.009345794392523364 0.004322766570605188
0 0.5504672897196262 0.7953890489913544 0.013084112149532711 0.005763688760806916
0 0.6514018691588785 0.7795389048991355 0.005607476635514018 0.002881844380403458
0 0.5542056074766355 0.7795389048991355 0.024299065420560748 0.023054755043227664
0 0.03644859813084112 0.8018731988472623 0.04299065420560748 0.07348703170028818
0 0.5616822429906542 0.7644092219020173 0.009345794392523364 0.004322766570605188
0 0.9934579439252337 0.7759365994236311 0.013084112149532711 0.03890489913544669
0 0.016822429906542057 0.7579250720461095 0.007476635514018692 0.002881844380403458
0 0.5644859813084112 0.7572046109510087 0.011214953271028037 0.004322766570605188
0 0.5663551401869159 0.7507204610951008 0.011214953271028037 0.005763688760806916
0 0.994392523364486 0.7507204610951008 0.011214953271028037 0.008645533141210375
0 0.5373831775700935 0.7471181556195965 0.001869158878504673 0.001440922190201729
0 0.017757009345794394 0.7427953890489913 0.001869158878504673 0.001440922190201729
0 0.6158878504672897 0.7384726224783862 0.03551401869158879 0.007204610951008645
0 0.018691588785046728 0.734149855907781 0.003738317757009346 0.001440922190201729
0 0.6289719626168224 0.7298270893371758 0.009345794392523364 0.004322766570605188
0 0.6140186915887851 0.728386167146974 0.005607476635514018 0.001440922190201729
0 0.5588785046728972 0.7363112391930836 0.048598130841121495 0.01729106628242075
0 0.5616822429906542 0.7240634005763689 0.001869158878504673 0.001440922190201729
0 0.6158878504672897 0.718299711815562 0.013084112149532711 0.004322766570605188
0 0.022429906542056073 0.7226224783861671 0.018691588785046728 0.012968299711815562
0 0.03364485981308411 0.7118155619596542 0.007476635514018692 0.002881844380403458
0 0.9663551401869159 0.7132564841498559 0.011214953271028037 0.01729106628242075
0 0.037383177570093455 0.7038904899135446 0.003738317757009346 0.001440922190201729
0 0.6345794392523364 0.702449567723343 0.009345794392523364 0.004322766570605188
0 0.6205607476635514 0.7010086455331412 0.007476635514018692 0.004322766570605188
0 0.041121495327102804 0.696685878962536 0.011214953271028037 0.004322766570605188
0 0.5654205607476636 0.7103746397694525 0.0616822429906542 0.0345821325648415
0 0.04766355140186916 0.6887608069164265 0.005607476635514018 0.002881844380403458
0 0.05420560747663551 0.680835734870317 0.003738317757009346 0.001440922190201729
0 0.06542056074766354 0.6649855907780979 0.011214953271028037 0.004322766570605188
0 0.07009345794392523 0.6577809798270894 0.001869158878504673 0.001440922190201729
0 0.9841121495327103 0.6577809798270894 0.03177570093457944 0.17435158501440923
0 0.688785046728972 0.5670028818443804 0.016822429906542057 0.007204610951008645
0 0.9925233644859813 0.5626801152737753 0.014953271028037384 0.004322766570605188
0 0.983177570093458 0.5525936599423631 0.03364485981308411 0.007204610951008645
0 0.9925233644859813 0.5439481268011528 0.014953271028037384 0.004322766570605188
0 0.625233644859813 0.5345821325648416 0.009345794392523364 0.002881844380403458
0 0.058878504672897194 0.537463976945245 0.009345794392523364 0.008645533141210375
0 0.9803738317757009 0.5360230547550432 0.03925233644859813 0.008645533141210375
0 0.5813084112149532 0.5324207492795389 0.003738317757009346 0.001440922190201729
0 0.5635514018691589 0.531700288184438 0.009345794392523364 0.002881844380403458
0 0.680373831775701 0.5295389048991355 0.011214953271028037 0.004322766570605188
0 0.991588785046729 0.5273775216138329 0.009345794392523364 0.002881844380403458
0 0.08598130841121496 0.5828530259365994 0.14953271028037382 0.12247838616714697
0 0.9794392523364486 0.5180115273775217 0.041121495327102804 0.007204610951008645
0 0.5700934579439252 0.5151296829971181 0.007476635514018692 0.001440922190201729
0 0.9962616822429906 0.510806916426513 0.007476635514018692 0.001440922190201729
0 0.6757009345794392 0.5237752161383286 0.07289719626168224 0.03025936599423631
0 0.7168224299065421 0.5050432276657061 0.001869158878504673 0.001440922190201729
0 0.9785046728971962 0.5014409221902018 0.04299065420560748 0.008645533141210375
0 0.688785046728972 0.49639769452449567 0.016822429906542057 0.004322766570605188
0 0.6766355140186916 0.5 0.041121495327102804 0.01440922190201729
0 0.994392523364486 0.49279538904899134 0.011214953271028037 0.005763688760806916
0 0.711214953271028 0.489193083573487 0.005607476635514018 0.001440922190201729
0 0.6953271028037383 0.4834293948126801 0.06355140186915888 0.01585014409221902
0 0.9794392523364486 0.4812680115273775 0.041121495327102804 0.01440922190201729
0 0.7691588785046729 0.473342939481268 0.005607476635514018 0.001440922190201729
0 0.7299065420560747 0.4711815561959654 0.03177570093457944 0.005763688760806916
0 0.9775700934579439 0.4668587896253602 0.044859813084112146 0.008645533141210375
0 0.7626168224299066 0.7010086455331412 0.4747663551401869 0.4942363112391931
0 0.9981308411214953 0.4531700288184438 0.003738317757009346 0.001440922190201729
0 0.6990654205607477 0.4610951008645533 0.07102803738317758 0.025936599423631124
0 0.9663551401869159 0.43804034582132567 0.011214953271028037 0.008645533141210375
0 0.9869158878504672 0.3760806916426513 0.026168224299065422 0.1440922190201729
0 0.7710280373831776 0.3753602305475504 0.34579439252336447 0.15706051873198848
0 0.780373831775701 0.29322766570605185 0.05794392523364486 0.007204610951008645
0 0.7149532710280374 0.2910662824207493 0.005607476635514018 0.002881844380403458
0 0.6841121495327103 0.2896253602305475 0.007476635514018692 0.002881844380403458
0 0.8046728971962617 0.28530259365994237 0.009345794392523364 0.002881844380403458
0 0.9990654205607477 0.2831412103746398 0.001869158878504673 0.001440922190201729
0 0.9813084112149533 0.2831412103746398 0.018691588785046728 0.004322766570605188
0 0.8953271028037383 0.27953890489913547 0.037383177570093455 0.011527377521613832
0 0.8663551401869158 0.2780979827089337 0.013084112149532711 0.008645533141210375
0 0.8009345794392523 0.27593659942363113 0.08785046728971962 0.010086455331412104
0 0.7186915887850467 0.2723342939481268 0.028037383177570093 0.002881844380403458
0 0.8990654205607477 0.27017291066282423 0.007476635514018692 0.001440922190201729
0 0.6897196261682244 0.27089337175792505 0.022429906542056073 0.005763688760806916
0 0.0514018691588785 0.3357348703170029 0.08411214953271028 0.13544668587896252
0 0.9981308411214953 0.265850144092219 0.003738317757009346 0.001440922190201729
0 0.8009345794392523 0.265850144092219 0.03551401869158879 0.004322766570605188
0 0.9775700934579439 0.26440922190201727 0.014953271028037384 0.007204610951008645
0 0.8663551401869158 0.2615273775216138 0.001869158878504673 0.001440922190201729
0 0.8934579439252337 0.26368876080691644 0.03364485981308411 0.01440922190201729
0 0.9803738317757009 0.25720461095100866 0.013084112149532711 0.004322766570605188
0 0.794392523364486 0.2579250720461095 0.06728971962616823 0.008645533141210375
0 0.7327102803738318 0.2543227665706052 0.003738317757009346 0.001440922190201729
0 0.8981308411214953 0.25360230547550433 0.009345794392523364 0.002881844380403458
0 0.8859813084112149 0.25288184438040345 0.011214953271028037 0.004322766570605188
0 0.6990654205607477 0.25288184438040345 0.026168224299065422 0.004322766570605188
0 0.9775700934579439 0.24855907780979827 0.014953271028037384 0.004322766570605188
0 0.8934579439252337 0.24567723342939482 0.022429906542056073 0.007204610951008645
0 0.8934579439252337 0.23703170028818443 0.003738317757009346 0.001440922190201729
0 0.9981308411214953 0.2334293948126801 0.003738317757009346 0.002881844380403458
0 0.9710280373831776 0.23198847262247838 0.009345794392523364 0.002881844380403458
0 0.8990654205607477 0.2298270893371758 0.007476635514018692 0.004322766570605188
0 0.8757009345794392 0.22838616714697407 0.009345794392523364 0.004322766570605188
0 0.9981308411214953 0.22478386167146974 0.003738317757009346 0.002881844380403458
0 0.8813084112149533 0.22046109510086456 0.005607476635514018 0.002881844380403458
0 0.9691588785046729 0.21469740634005763 0.020560747663551402 0.002881844380403458
0 0.9962616822429906 0.21469740634005763 0.007476635514018692 0.005763688760806916
0 0.8644859813084113 0.21037463976945245 0.024299065420560748 0.005763688760806916
0 0.7495327102803738 0.20677233429394812 0.029906542056074768 0.004322766570605188
0 0.997196261682243 0.2053314121037464 0.005607476635514018 0.004322766570605188
0 0.7009345794392523 0.20461095100864554 0.014953271028037384 0.002881844380403458
0 0.8719626168224299 0.20244956772334294 0.05046728971962617 0.004322766570605188
0 0.9962616822429906 0.19740634005763688 0.007476635514018692 0.005763688760806916
0 0.9691588785046729 0.19596541786743515 0.016822429906542057 0.002881844380403458
0 0.8672897196261682 0.1930835734870317 0.059813084112149535 0.008645533141210375
0 0.7700934579439253 0.18948126801152737 0.007476635514018692 0.001440922190201729
0 0.7560747663551401 0.18876080691642652 0.005607476635514018 0.002881844380403458
0 0.7261682242990655 0.18804034582132564 0.005607476635514018 0.001440922190201729
0 0.016822429906542057 0.17795389048991356 0.003738317757009346 0.001440922190201729
0 0.9644859813084112 0.17723342939481268 0.011214953271028037 0.002881844380403458
0 0.997196261682243 0.17795389048991356 0.005607476635514018 0.007204610951008645
0 0.8588785046728972 0.17795389048991356 0.06542056074766354 0.01585014409221902
0 0.7635514018691589 0.1707492795389049 0.03925233644859813 0.004322766570605188
0 0.7271028037383177 0.16930835734870317 0.007476635514018692 0.001440922190201729
0 0.7046728971962617 0.16930835734870317 0.003738317757009346 0.001440922190201729
0 0.883177570093458 0.16066282420749278 0.005607476635514018 0.010086455331412104
0 0.8766355140186916 0.14121037463976946 0.007476635514018692 0.008645533141210375
0 0.9495327102803738 0.10734870317002881 0.10093457943925234 0.1282420749279539
0 0.7897196261682243 0.10446685878962536 0.18130841121495328 0.1282420749279539
0 0.41962616822429905 0.010806916426512969 0.005607476635514018 0.001440922190201729
0 0.44485981308411215 0.008645533141210375 0.018691588785046728 0.008645533141210375
0 0.4850467289719626 0.012247838616714697 0.03925233644859813 0.024495677233429394
0 0.4009345794392523 0.005043227665706052 0.005607476635514018 0.010086455331412104
0 0.3177570093457944 0.010086455331412104 0.23551401869158878 0.020172910662824207
0 0.08411214953271028 0.06988472622478387 0.15327102803738318 0.13976945244956773
