0 0.6489071038251366 0.9566787003610109 0.030054644808743168 0.007220216606498195
0 0.7814207650273224 0.9124548736462094 0.15846994535519127 0.005415162454873646
0 0.9330601092896175 0.9124548736462094 0.13387978142076504 0.023465703971119134
0 0.5915300546448088 0.8880866425992779 0.00273224043715847 0.0036101083032490976
0 0.5915300546448088 0.8763537906137184 0.00273224043715847 0.0018050541516245488
0 0.9986338797814208 0.8709386281588448 0.00273224043715847 0.005415162454873646
0 0.5655737704918032 0.871841155234657 0.0273224043715847 0.021660649819494584
0 0.5341530054644809 0.8754512635379061 0.040983606557377046 0.02888086642599278
0 0.6420765027322405 0.8628158844765343 0.0546448087431694 0.07581227436823104
0 0.6229508196721312 0.8276173285198556 0.00546448087431694 0.005415162454873646
0 0.3674863387978142 0.8610108303249098 0.27049180327868855 0.08303249097472924
0 0.9439890710382514 0.7870036101083032 0.03551912568306011 0.010830324909747292
0 0.01366120218579235 0.7265342960288809 0.01092896174863388 0.005415162454873646
0 0.01912568306010929 0.7138989169675091 0.0273224043715847 0.005415162454873646
0 0.02185792349726776 0.6949458483754513 0.00546448087431694 0.0036101083032490976
0 0.00273224043715847 0.6949458483754513 0.00546448087431694 0.0036101083032490976
0 0.036885245901639344 0.6832129963898917 0.02459016393442623 0.005415162454873646
0 0.03825136612021858 0.6732851985559567 0.01092896174863388 0.0036101083032490976
0 0.06420765027322405 0.6435018050541517 0.00273224043715847 0.0018050541516245488
0 0.07377049180327869 0.6236462093862816 0.00546448087431694 0.0018050541516245488
0 0.8743169398907104 0.5379061371841155 0.00546448087431694 0.0036101083032490976
0 0.8387978142076503 0.4963898916967509 0.02185792349726776 0.01444043321299639
0 0.953551912568306 0.29783393501805056 0.03825136612021858 0.02888086642599278
0 0.9877049180327869 0.23014440433212996 0.02459016393442623 0.005415162454873646
0 0.07650273224043716 0.21028880866425992 0.0273224043715847 0.005415162454873646
0 0.08879781420765027 0.18953068592057762 0.05737704918032787 0.01444043321299639
0 0.18032786885245902 0.1759927797833935 0.01639344262295082 0.0018050541516245488
0 0.1598360655737705 0.1759927797833935 0.01366120218579235 0.0018050541516245488
0 0.1830601092896175 0.16696750902527077 0.00546448087431694 0.0018050541516245488
0 0.06147540983606557 0.1723826714801444 0.12295081967213115 0.016245487364620937
0 0.13387978142076504 0.157942238267148 0.03825136612021858 0.0018050541516245488
0 0.04781420765027322 0.157942238267148 0.01912568306010929 0.0018050541516245488
0 0.01639344262295082 0.157942238267148 0.03278688524590164 0.0018050541516245488
0 0.08743169398907104 0.157942238267148 0.03825136612021858 0.005415162454873646
0 0.8060109289617486 0.13086642599277978 0.0273224043715847 0.005415162454873646
0 0.24453551912568305 0.12545126353790614 0.00273224043715847 0.0018050541516245488
0 0.05191256830601093 0.1263537906137184 0.10382513661202186 0.0036101083032490976
0 0.03278688524590164 0.1164259927797834 0.00546448087431694 0.0018050541516245488
0 0.01639344262295082 0.11552346570397112 0.01092896174863388 0.0036101083032490976
0 0.7800546448087432 0.11010830324909747 0.00819672131147541 0.0036101083032490976
0 0.7308743169398907 0.11010830324909747 0.01366120218579235 0.0036101083032490976
0 0.1885245901639344 0.1055956678700361 0.01092896174863388 0.0018050541516245488
0 0.14344262295081966 0.1055956678700361 0.00273224043715847 0.0018050541516245488
0 0.20901639344262296 0.10469314079422383 0.01366120218579235 0.0036101083032490976
0 0.16256830601092895 0.10469314079422383 0.02459016393442623 0.0036101083032490976
0 0.5478142076502732 0.10198555956678701 0.01366120218579235 0.0018050541516245488
0 0.4972677595628415 0.10198555956678701 0.00546448087431694 0.0018050541516245488
0 0.05191256830601093 0.1055956678700361 0.10382513661202186 0.009025270758122744
0 0.04781420765027322 0.09566787003610108 0.09562841530054644 0.007220216606498195
0 0.5 0.4359205776173285 1.0 0.8429602888086642
0 0.6038251366120219 0.011732851985559567 0.00546448087431694 0.0018050541516245488
0 0.569672131147541 0.011732851985559567 0.00819672131147541 0.0018050541516245488
0 0.6666666666666666 0.011732851985559567 0.0546448087431694 0.023465703971119134
0 0.5833333333333334 0.0036101083032490976 0.01366120218579235 0.007220216606498195
0 0.5601092896174863 0.0036101083032490976 0.02185792349726776 0.007220216606498195
0 0.5396174863387978 0.0018050541516245488 0.00273224043715847 0.0036101083032490976
0 0.43169398907103823 0.004512635379061372 0.01092896174863388 0.009025270758122744
0 0.38114754098360654 0.004512635379061372 0.05191256830601093 0.009025270758122744
0 0.31830601092896177 0.004512635379061372 0.03551912568306011 0.009025270758122744
0 0.3825136612021858 0.01263537906137184 0.2786885245901639 0.02527075812274368
