0 0.29812834224598933 0.996078431372549 0.013368983957219251 0.00784313725490196
0 0.24732620320855614 0.9941176470588236 0.01871657754010695 0.011764705882352941
0 0.42914438502673796 0.8568627450980392 0.00267379679144385 0.00392156862745098
0 0.9959893048128342 0.8549019607843137 0.008021390374331552 0.00784313725490196
0 0.40106951871657753 0.8549019607843137 0.0106951871657754 0.00784313725490196
0 0.37967914438502676 0.8549019607843137 0.0213903743315508 0.00784313725490196
0 0.9933155080213903 0.8333333333333334 0.008021390374331552 0.00392156862745098
0 0.5347593582887701 0.8176470588235294 0.0053475935828877 0.00392156862745098
0 0.9959893048128342 0.8117647058823529 0.008021390374331552 0.00784313725490196
0 0.4946524064171123 0.7941176470588235 0.0053475935828877 0.00392156862745098
0 0.4692513368983957 0.792156862745098 0.013368983957219251 0.00784313725490196
0 0.47192513368983957 0.7725490196078432 0.02406417112299465 0.00784313725490196
0 0.43983957219251335 0.7254901960784313 0.013368983957219251 0.00784313725490196
0 0.4318181818181818 0.6862745098039216 0.00267379679144385 0.00784313725490196
0 0.48128342245989303 0.6666666666666666 0.0053475935828877 0.00784313725490196
0 0.516042780748663 0.6019607843137255 0.016042780748663103 0.00392156862745098
0 0.8368983957219251 0.5901960784313726 0.0053475935828877 0.00392156862745098
0 0.9879679144385026 0.5372549019607843 0.013368983957219251 0.0784313725490196
0 0.47459893048128343 0.49411764705882355 0.9224598930481284 0.8313725490196079
0 0.5347593582887701 0.06470588235294118 0.0053475935828877 0.0196078431372549
0 0.49064171122994654 0.052941176470588235 0.008021390374331552 0.011764705882352941
0 0.46524064171123 0.045098039215686274 0.0213903743315508 0.027450980392156862
0 0.5681818181818182 0.03725490196078431 0.013368983957219251 0.07450980392156863
0 0.4786096256684492 0.00196078431372549 0.0053475935828877 0.00392156862745098
0 0.43716577540106955 0.025490196078431372 0.02406417112299465 0.050980392156862744
0 0.3235294117647059 0.01764705882352941 0.0106951871657754 0.03529411764705882
0 0.2620320855614973 0.01764705882352941 0.0374331550802139 0.03529411764705882
0 0.21657754010695188 0.01568627450980392 0.0106951871657754 0.03137254901960784
0 0.27540106951871657 0.03725490196078431 0.26737967914438504 0.07450980392156863
