0 0.6837016574585635 0.9597806215722121 0.008287292817679558 0.003656307129798903
0 0.6685082872928176 0.9597806215722121 0.0055248618784530384 0.003656307129798903
0 0.8687845303867403 0.9131627056672761 0.019337016574585635 0.0018281535648994515
0 0.8342541436464088 0.9140767824497258 0.03867403314917127 0.003656307129798903
0 0.8052486187845304 0.9140767824497258 0.008287292817679558 0.003656307129798903
0 0.7734806629834254 0.9140767824497258 0.0055248618784530384 0.003656307129798903
0 0.9171270718232044 0.9122486288848263 0.03867403314917127 0.003656307129798903
0 0.9737569060773481 0.9104204753199269 0.052486187845303865 0.018281535648994516
0 0.5994475138121547 0.8811700182815356 0.0055248618784530384 0.003656307129798903
0 0.6146408839779005 0.8793418647166362 0.0027624309392265192 0.003656307129798903
0 0.5704419889502762 0.8756855575868373 0.06906077348066299 0.03656307129798903
0 0.6657458563535912 0.8647166361974405 0.055248618784530384 0.07678244972577697
0 0.649171270718232 0.8327239488117002 0.011049723756906077 0.016453382084095063
0 0.38812154696132595 0.8647166361974405 0.27348066298342544 0.08043875685557587
0 0.9792817679558011 0.7870201096892139 0.04143646408839779 0.012797074954296161
0 0.34806629834254144 0.7221206581352834 0.0055248618784530384 0.003656307129798903
0 0.738950276243094 0.5255941499085923 0.019337016574585635 0.009140767824497258
0 0.744475138121547 0.5127970749542962 0.013812154696132596 0.005484460694698354
0 0.8743093922651933 0.5036563071297989 0.008287292817679558 0.005484460694698354
0 0.8466850828729282 0.5082266910420475 0.019337016574585635 0.014625228519195612
0 0.8259668508287292 0.5036563071297989 0.011049723756906077 0.005484460694698354
0 0.7845303867403315 0.5091407678244972 0.027624309392265192 0.016453382084095063
0 0.7541436464088398 0.5036563071297989 0.016574585635359115 0.005484460694698354
0 0.8577348066298343 0.4936014625228519 0.013812154696132596 0.007312614259597806
0 0.7596685082872928 0.4936014625228519 0.016574585635359115 0.007312614259597806
0 0.8798342541436464 0.49177330895795246 0.013812154696132596 0.007312614259597806
0 0.8825966850828729 0.4835466179159049 0.0027624309392265192 0.0018281535648994515
0 0.8660220994475138 0.4835466179159049 0.0027624309392265192 0.0018281535648994515
0 0.7983425414364641 0.4890310786106033 0.03314917127071823 0.016453382084095063
0 0.8867403314917127 0.473491773308958 0.0055248618784530384 0.003656307129798903
0 0.8149171270718232 0.4744058500914077 0.011049723756906077 0.005484460694698354
0 0.8895027624309392 0.46526508226691043 0.0055248618784530384 0.0018281535648994515
0 0.8204419889502762 0.46526508226691043 0.016574585635359115 0.009140767824497258
0 0.9848066298342542 0.30347349177330896 0.03038674033149171 0.029250457038391225
0 0.0027624309392265192 0.2687385740402194 0.0055248618784530384 0.021937842778793418
0 0.11464088397790055 0.23491773308957953 0.013812154696132596 0.0018281535648994515
0 0.05939226519337017 0.23583180987202926 0.03591160220994475 0.003656307129798903
0 0.0718232044198895 0.18738574040219377 0.0055248618784530384 0.0018281535648994515
0 0.07458563535911603 0.180073126142596 0.022099447513812154 0.0018281535648994515
0 0.0787292817679558 0.170018281535649 0.024861878453038673 0.003656307129798903
0 0.9806629834254144 0.14716636197440586 0.03867403314917127 0.005484460694698354
0 0.08149171270718232 0.13893967093235832 0.019337016574585635 0.003656307129798903
0 0.9875690607734806 0.12522851919561243 0.024861878453038673 0.005484460694698354
0 0.12154696132596685 0.11791590493601463 0.022099447513812154 0.0018281535648994515
0 0.08425414364640885 0.11791590493601463 0.04143646408839779 0.005484460694698354
0 0.08425414364640885 0.10786106032906764 0.024861878453038673 0.003656307129798903
0 0.26243093922651933 0.05941499085923217 0.027624309392265192 0.012797074954296161
0 0.12016574585635359 0.0740402193784278 0.24033149171270718 0.056672760511883
0 0.5 0.41681901279707495 1.0 0.7861060329067642
0 0.5925414364640884 0.011882998171846435 0.008287292817679558 0.0018281535648994515
0 0.5621546961325967 0.006398537477148081 0.0027624309392265192 0.0018281535648994515
0 0.6892265193370166 0.011882998171846435 0.052486187845303865 0.02376599634369287
0 0.6049723756906077 0.003656307129798903 0.011049723756906077 0.007312614259597806
0 0.5814917127071824 0.002742230347349177 0.019337016574585635 0.005484460694698354
0 0.4530386740331492 0.004570383912248629 0.011049723756906077 0.009140767824497258
0 0.4171270718232044 0.004570383912248629 0.022099447513812154 0.009140767824497258
0 0.38812154696132595 0.004570383912248629 0.019337016574585635 0.009140767824497258
0 0.3383977900552486 0.004570383912248629 0.03591160220994475 0.009140767824497258
0 0.4046961325966851 0.013711151736745886 0.27900552486187846 0.027422303473491772
