0 0.43478260869565216 0.9741035856573705 0.043478260869565216 0.05179282868525897
0 0.49184782608695654 0.9721115537848606 0.04891304347826087 0.055776892430278883
0 0.5543478260869565 0.9701195219123506 0.03804347826086957 0.05976095617529881
0 0.6739130434782609 0.9641434262948207 0.03804347826086957 0.07171314741035857
0 0.71875 0.9621513944223108 0.0625 0.07569721115537849
0 0.23777173913043478 0.8884462151394422 0.008152173913043478 0.00796812749003984
0 0.32065217391304346 0.8844621513944223 0.03804347826086957 0.01593625498007968
0 0.5 0.5278884462151394 1.0 0.9442231075697212
0 0.7092391304347826 0.01593625498007968 0.09239130434782608 0.03187250996015936
0 0.5964673913043478 0.029880478087649404 0.46467391304347827 0.05976095617529881
