0 0.33029612756264237 0.9919928825622776 0.26879271070615035 0.01601423487544484
0 0.5945330296127562 0.9902135231316725 0.05466970387243736 0.019572953736654804
0 0.012528473804100227 0.9724199288256228 0.015945330296127564 0.0017793594306049821
0 0.029612756264236904 0.9635231316725978 0.004555808656036446 0.0017793594306049821
0 0.9749430523917996 0.9306049822064056 0.05011389521640091 0.028469750889679714
0 0.979498861047836 0.9101423487544484 0.022779043280182234 0.008896797153024912
0 0.9817767653758542 0.8994661921708185 0.01366742596810934 0.005338078291814947
0 0.9806378132118451 0.8879003558718861 0.011389521640091117 0.0071174377224199285
0 0.9817767653758542 0.8781138790035588 0.009111617312072893 0.005338078291814947
0 0.9806378132118451 0.8665480427046264 0.011389521640091117 0.0071174377224199285
0 0.9806378132118451 0.854982206405694 0.00683371298405467 0.005338078291814947
0 0.00683371298405467 0.806049822064057 0.01366742596810934 0.0035587188612099642
0 0.9806378132118451 0.7775800711743772 0.002277904328018223 0.0035587188612099642
0 0.9806378132118451 0.755338078291815 0.00683371298405467 0.005338078291814947
0 0.48177676537585423 0.847864768683274 0.908883826879271 0.2580071174377224
0 0.979498861047836 0.6903914590747331 0.004555808656036446 0.0035587188612099642
0 0.03530751708428246 0.6797153024911032 0.00683371298405467 0.0035587188612099642
0 0.979498861047836 0.6690391459074733 0.004555808656036446 0.0035587188612099642
0 0.003416856492027335 0.6209964412811388 0.00683371298405467 0.021352313167259787
0 0.007972665148063782 0.45640569395017794 0.015945330296127564 0.033807829181494664
0 0.7517084282460137 0.2998220640569395 0.004555808656036446 0.0017793594306049821
0 0.9681093394077449 0.40213523131672596 0.06378132118451026 0.5160142348754448
0 0.7038724373576309 0.04715302491103203 0.004555808656036446 0.0017793594306049821
0 0.7050113895216401 0.036476868327402136 0.011389521640091117 0.008896797153024912
0 0.7072892938496583 0.0071174377224199285 0.00683371298405467 0.0071174377224199285
0 0.8678815489749431 0.033807829181494664 0.2642369020501139 0.06761565836298933
0 0.5 0.3638790035587189 1.0 0.7277580071174378
