0 0.5249500998003992 0.9915514592933948 0.031936127744510975 0.016897081413210446
0 0.48502994011976047 0.9900153609831029 0.011976047904191617 0.019969278033794162
0 0.501996007984032 0.9815668202764977 0.017964071856287425 0.006144393241167435
0 0.49001996007984033 0.9685099846390169 0.001996007984031936 0.0015360983102918587
0 0.36826347305389223 0.9831029185867896 0.20958083832335328 0.03379416282642089
0 0.5728542914171657 0.9823348694316436 0.043912175648702596 0.03533026113671275
0 0.001996007984031936 0.923963133640553 0.003992015968063872 0.013824884792626729
0 0.9680638722554891 0.869431643625192 0.003992015968063872 0.0030721966205837174
0 0.9121756487025948 0.869431643625192 0.003992015968063872 0.006144393241167435
0 0.9870259481037924 0.9032258064516129 0.02594810379241517 0.0890937019969278
0 0.9421157684630739 0.8410138248847926 0.003992015968063872 0.0015360983102918587
0 0.9760479041916168 0.8394777265745008 0.04790419161676647 0.007680491551459293
0 0.9750499001996008 0.8310291858678955 0.0499001996007984 0.006144393241167435
0 0.9211576846307385 0.7380952380952381 0.005988023952095809 0.0015360983102918587
0 0.9441117764471058 0.685099846390169 0.11177644710578842 0.27956989247311825
0 0.8962075848303394 0.5345622119815668 0.007984031936127744 0.0030721966205837174
0 0.9391217564870259 0.5337941628264209 0.00998003992015968 0.004608294930875576
0 0.9770459081836327 0.5337941628264209 0.04590818363273453 0.007680491551459293
0 0.8912175648702595 0.5176651305683564 0.005988023952095809 0.0030721966205837174
0 0.9590818363273453 0.5176651305683564 0.08183632734530938 0.006144393241167435
0 0.8922155688622755 0.500768049155146 0.007984031936127744 0.006144393241167435
0 0.9520958083832335 0.500768049155146 0.06387225548902195 0.009216589861751152
0 0.9940119760479041 0.4815668202764977 0.011976047904191617 0.007680491551459293
0 0.9271457085828343 0.48310291858678955 0.07784431137724551 0.010752688172043012
0 0.9441117764471058 0.46390168970814133 0.11177644710578842 0.01228878648233487
0 0.9451097804391217 0.44623655913978494 0.10978043912175649 0.010752688172043012
0 0.49201596806387227 0.5660522273425499 0.9321357285429142 0.7788018433179723
0 0.9461077844311377 0.3049155145929339 0.10778443113772455 0.25960061443932414
0 0.19461077844311378 0.1674347158218126 0.2894211576846307 0.006144393241167435
0 0.9860279441117764 0.16282642089093702 0.027944111776447105 0.009216589861751152
0 0.48902195608782434 0.14746543778801843 0.007984031936127744 0.0030721966205837174
0 0.10778443113772455 0.14823348694316435 0.15169660678642716 0.004608294930875576
0 0.9890219560878244 0.1443932411674347 0.021956087824351298 0.009216589861751152
0 0.5578842315369261 0.1382488479262673 0.00998003992015968 0.0030721966205837174
0 0.06287425149700598 0.1313364055299539 0.06187624750499002 0.0015360983102918587
0 0.9900199600798403 0.12749615975422426 0.01996007984031936 0.006144393241167435
0 0.6147704590818364 0.11981566820276497 0.011976047904191617 0.0030721966205837174
0 0.5598802395209581 0.1205837173579109 0.029940119760479042 0.004608294930875576
0 0.07285429141716566 0.1152073732718894 0.08183632734530938 0.0030721966205837174
0 0.9920159680638723 0.1098310291858679 0.015968063872255488 0.004608294930875576
0 0.5568862275449101 0.10291858678955453 0.01996007984031936 0.0030721966205837174
0 0.6856287425149701 0.13440860215053763 0.5089820359281437 0.06912442396313365
0 0.08083832335329341 0.09754224270353302 0.10179640718562874 0.004608294930875576
0 0.7315369261477046 0.0944700460829493 0.4251497005988024 0.007680491551459293
0 0.7455089820359282 0.08678955453149001 0.001996007984031936 0.0015360983102918587
0 0.5459081836327345 0.08678955453149001 0.021956087824351298 0.0015360983102918587
0 0.8313373253493014 0.08602150537634409 0.1497005988023952 0.0030721966205837174
0 0.0658682634730539 0.07987711213517665 0.0718562874251497 0.0030721966205837174
0 0.812375249500998 0.07834101382488479 0.23952095808383234 0.006144393241167435
0 0.5538922155688623 0.07834101382488479 0.0658682634730539 0.006144393241167435
0 0.05888223552894212 0.06374807987711213 0.05788423153692615 0.004608294930875576
0 0.11277445109780439 0.04838709677419355 0.16966067864271456 0.016897081413210446
0 0.5039920159680639 0.028417818740399385 0.00998003992015968 0.007680491551459293
0 0.48003992015968067 0.03302611367127496 0.021956087824351298 0.02304147465437788
0 0.5139720558882236 0.015360983102918587 0.00998003992015968 0.009216589861751152
0 0.47305389221556887 0.010752688172043012 0.003992015968063872 0.006144393241167435
0 0.38822355289421157 0.019201228878648235 0.017964071856287425 0.029185867895545316
0 0.4930139720558882 0.004608294930875576 0.003992015968063872 0.0030721966205837174
0 0.34830339321357284 0.018433179723502304 0.03792415169660679 0.030721966205837174
0 0.3033932135728543 0.016897081413210446 0.01996007984031936 0.030721966205837174
0 0.5738522954091816 0.027649769585253458 0.021956087824351298 0.055299539170506916
0 0.5508982035928144 0.026881720430107527 0.011976047904191617 0.053763440860215055
0 0.35429141716566864 0.02457757296466974 0.2055888223552894 0.04915514592933948
