0 0.6864864864864865 0.9940944881889764 0.010810810810810811 0.011811023622047244
0 0.6378378378378379 0.9940944881889764 0.032432432432432434 0.011811023622047244
0 0.6270270270270271 0.968503937007874 0.010810810810810811 0.015748031496062992
0 0.6675675675675675 0.9763779527559056 0.02702702702702703 0.047244094488188976
0 0.3932432432432432 0.9566929133858267 0.05675675675675676 0.08661417322834646
0 0.49594594594594593 0.9488188976377953 0.02972972972972973 0.07874015748031496
0 0.45 0.9547244094488189 0.01891891891891892 0.09055118110236221
0 0.668918918918919 0.9192913385826772 0.04054054054054054 0.03543307086614173
0 0.6135135135135135 0.9488188976377953 0.016216216216216217 0.10236220472440945
0 0.6405405405405405 0.8976377952755905 0.005405405405405406 0.007874015748031496
0 0.9297297297297298 0.7992125984251969 0.010810810810810811 0.007874015748031496
0 0.9054054054054054 0.7578740157480315 0.005405405405405406 0.011811023622047244
0 0.8405405405405405 0.7559055118110236 0.005405405405405406 0.007874015748031496
0 0.9608108108108108 0.7224409448818898 0.07837837837837838 0.16929133858267717
0 0.9216216216216216 0.6692913385826772 0.05945945945945946 0.06299212598425197
0 0.9418918918918919 0.6220472440944882 0.002702702702702703 0.007874015748031496
0 0.8945945945945946 0.6220472440944882 0.005405405405405406 0.007874015748031496
0 0.8054054054054054 0.610236220472441 0.016216216216216217 0.03937007874015748
0 0.922972972972973 0.5551181102362205 0.008108108108108109 0.015748031496062992
0 0.9202702702702703 0.5216535433070866 0.062162162162162166 0.027559055118110236
0 0.9864864864864865 0.5452755905511811 0.02702702702702703 0.21653543307086615
0 0.5 0.43700787401574803 1.0 0.8110236220472441
0 0.7121621621621622 0.001968503937007874 0.024324324324324326 0.003937007874015748
