0 0.4952015355086372 0.9902912621359223 0.007677543186180422 0.019417475728155338
0 0.5143953934740882 0.9870550161812298 0.019193857965451054 0.025889967637540454
0 0.4673704414587332 0.9805825242718447 0.013435700575815739 0.038834951456310676
0 0.3848368522072937 0.9789644012944984 0.02111324376199616 0.042071197411003236
0 0.48272552783109407 0.9611650485436893 0.01727447216890595 0.012944983818770227
0 0.34069097888675626 0.9773462783171522 0.03262955854126679 0.045307443365695796
0 0.29846449136276393 0.9773462783171522 0.02111324376199616 0.045307443365695796
0 0.5431861804222649 0.970873786407767 0.003838771593090211 0.05825242718446602
0 0.5700575815738963 0.9692556634304207 0.015355086372360844 0.061488673139158574
0 0.34644913627639157 0.959546925566343 0.20153550863723607 0.08090614886731391
0 0.991362763915547 0.8786407766990292 0.01727447216890595 0.009708737864077669
0 0.8128598848368522 0.8754045307443366 0.0019193857965451055 0.003236245954692557
0 0.24472168905950095 0.8754045307443366 0.005758157389635317 0.003236245954692557
0 0.2380038387715931 0.8754045307443366 0.003838771593090211 0.003236245954692557
0 0.791746641074856 0.8737864077669902 0.02495201535508637 0.006472491909385114
0 0.23320537428023033 0.872168284789644 0.0019193857965451055 0.003236245954692557
0 0.5067178502879078 0.8640776699029126 0.06525911708253358 0.012944983818770227
0 0.236084452975048 0.86084142394822 0.007677543186180422 0.006472491909385114
0 0.6669865642994242 0.8559870550161812 0.009596928982725527 0.016181229773462782
0 0.2504798464491363 0.8511326860841424 0.005758157389635317 0.006472491909385114
0 0.2053742802303263 0.843042071197411 0.003838771593090211 0.003236245954692557
0 0.9865642994241842 0.8495145631067961 0.026871401151631478 0.03559870550161812
0 0.6679462571976967 0.8300970873786407 0.007677543186180422 0.009708737864077669
0 0.12284069097888675 0.8446601941747572 0.21113243761996162 0.06472491909385113
0 0.5115163147792706 0.8042071197411004 0.01727447216890595 0.009708737864077669
0 0.6669865642994242 0.8009708737864077 0.005758157389635317 0.009708737864077669
0 0.23896353166986564 0.7961165048543689 0.09021113243761997 0.019417475728155338
0 0.23032629558541268 0.7799352750809061 0.007677543186180422 0.006472491909385114
0 0.13339731285988485 0.7766990291262136 0.01727447216890595 0.006472491909385114
0 0.2034548944337812 0.7605177993527508 0.003838771593090211 0.006472491909385114
0 0.08829174664107485 0.7766990291262136 0.1381957773512476 0.06472491909385113
0 0.04798464491362764 0.7330097087378641 0.003838771593090211 0.003236245954692557
0 0.025911708253358926 0.7297734627831716 0.0019193857965451055 0.003236245954692557
0 0.7456813819577736 0.6974110032362459 0.02111324376199616 0.009708737864077669
0 0.6698656429942419 0.6715210355987055 0.007677543186180422 0.11326860841423948
0 0.11228406909788867 0.6181229773462783 0.005758157389635317 0.012944983818770227
0 0.42802303262955854 0.6650485436893204 0.07293666026871401 0.11326860841423948
0 0.08349328214971209 0.6359223300970874 0.08253358925143954 0.1779935275080906
0 0.025911708253358926 0.5744336569579288 0.02111324376199616 0.061488673139158574
0 0.8963531669865643 0.6488673139158576 0.09213051823416507 0.28802588996763756
0 0.07197696737044146 0.5064724919093851 0.0019193857965451055 0.003236245954692557
0 0.05566218809980806 0.5145631067961165 0.026871401151631478 0.032362459546925564
0 0.052783109404990404 0.4854368932038835 0.02111324376199616 0.012944983818770227
0 0.05566218809980806 0.46601941747572817 0.023032629558541268 0.012944983818770227
0 0.4942418426103647 0.4482200647249191 0.005758157389635317 0.003236245954692557
0 0.14779270633397312 0.441747572815534 0.026871401151631478 0.009708737864077669
0 0.02111324376199616 0.4449838187702265 0.003838771593090211 0.016181229773462782
0 0.0873320537428023 0.4368932038834951 0.0671785028790787 0.019417475728155338
0 0.022072936660268713 0.40938511326860844 0.0019193857965451055 0.009708737864077669
0 0.6161228406909789 0.37702265372168287 0.003838771593090211 0.003236245954692557
0 0.6305182341650671 0.3737864077669903 0.005758157389635317 0.003236245954692557
0 0.9222648752399232 0.37540453074433655 0.013435700575815739 0.012944983818770227
0 0.022072936660268713 0.3511326860841424 0.0019193857965451055 0.003236245954692557
0 0.060460652591170824 0.3511326860841424 0.02111324376199616 0.009708737864077669
0 0.6429942418426103 0.3446601941747573 0.003838771593090211 0.003236245954692557
0 0.9347408829174664 0.343042071197411 0.015355086372360844 0.006472491909385114
0 0.7754318618042226 0.343042071197411 0.007677543186180422 0.006472491909385114
0 0.5978886756238004 0.3446601941747573 0.005758157389635317 0.009708737864077669
0 0.5738963531669866 0.3414239482200647 0.007677543186180422 0.003236245954692557
0 0.30038387715930903 0.34951456310679613 0.009596928982725527 0.019417475728155338
0 0.7543186180422264 0.3414239482200647 0.003838771593090211 0.009708737864077669
0 0.7178502879078695 0.343042071197411 0.0345489443378119 0.012944983818770227
0 0.7667946257197696 0.3284789644012945 0.0019193857965451055 0.003236245954692557
0 0.6132437619961613 0.31715210355987056 0.005758157389635317 0.006472491909385114
0 0.5930902111324377 0.31715210355987056 0.003838771593090211 0.006472491909385114
0 0.022072936660268713 0.3155339805825243 0.005758157389635317 0.009708737864077669
0 0.5604606525911708 0.31715210355987056 0.015355086372360844 0.019417475728155338
0 0.5201535508637236 0.3155339805825243 0.007677543186180422 0.016181229773462782
0 0.4894433781190019 0.3155339805825243 0.007677543186180422 0.016181229773462782
0 0.8061420345489443 0.3042071197411003 0.003838771593090211 0.006472491909385114
0 0.9347408829174664 0.28640776699029125 0.011516314779270634 0.009708737864077669
0 0.9030710172744721 0.28640776699029125 0.013435700575815739 0.009708737864077669
0 0.8656429942418427 0.28640776699029125 0.003838771593090211 0.009708737864077669
0 0.8387715930902111 0.28640776699029125 0.003838771593090211 0.009708737864077669
0 0.7879078694817658 0.28640776699029125 0.028790786948176585 0.009708737864077669
0 0.6362763915547025 0.284789644012945 0.005758157389635317 0.012944983818770227
0 0.6084452975047985 0.284789644012945 0.007677543186180422 0.012944983818770227
0 0.5902111324376199 0.28640776699029125 0.009596928982725527 0.016181229773462782
0 0.7476007677543186 0.3042071197411003 0.044145873320537425 0.05825242718446602
0 0.7072936660268714 0.2977346278317152 0.009596928982725527 0.045307443365695796
0 0.5345489443378119 0.28640776699029125 0.036468330134357005 0.022653721682847898
0 0.4865642994241843 0.28802588996763756 0.013435700575815739 0.025889967637540454
0 0.2706333973128599 0.31715210355987056 0.061420345489443376 0.09061488673139159
0 0.023032629558541268 0.27993527508090615 0.007677543186180422 0.016181229773462782
0 0.42418426103646834 0.30097087378640774 0.07677543186180422 0.06472491909385113
0 0.7284069097888676 0.255663430420712 0.009596928982725527 0.006472491909385114
0 0.7111324376199616 0.255663430420712 0.013435700575815739 0.012944983818770227
0 0.5460652591170825 0.2540453074433657 0.013435700575815739 0.016181229773462782
0 0.5249520153550864 0.2524271844660194 0.013435700575815739 0.019417475728155338
0 0.43857965451055664 0.24919093851132687 0.005758157389635317 0.012944983818770227
0 0.4059500959692898 0.24919093851132687 0.036468330134357005 0.025889967637540454
0 0.20057581573896352 0.284789644012945 0.05566218809980806 0.0970873786407767
0 0.023032629558541268 0.24433656957928804 0.007677543186180422 0.016181229773462782
0 0.3618042226487524 0.5533980582524272 0.23224568138195778 0.6407766990291263
0 0.09884836852207293 0.24433656957928804 0.013435700575815739 0.022653721682847898
0 0.10460652591170826 0.284789644012945 0.12092130518234165 0.10355987055016182
0 0.02399232245681382 0.21035598705501618 0.009596928982725527 0.019417475728155338
0 0.3512476007677543 0.21035598705501618 0.023032629558541268 0.025889967637540454
0 0.9788867562380038 0.5032362459546925 0.04222648752399232 0.6181229773462783
0 0.9846449136276392 0.17475728155339806 0.030710172744721688 0.025889967637540454
0 0.982725527831094 0.09870550161812297 0.0345489443378119 0.10679611650485436
0 0.4846449136276392 0.11165048543689321 0.9347408829174664 0.15210355987055016
0 0.5499040307101728 0.019417475728155338 0.005758157389635317 0.012944983818770227
0 0.5738963531669866 0.012944983818770227 0.011516314779270634 0.025889967637540454
0 0.5153550863723608 0.006472491909385114 0.02111324376199616 0.012944983818770227
0 0.4836852207293666 0.008090614886731391 0.0345489443378119 0.016181229773462782
0 0.3560460652591171 0.014563106796116505 0.19769673704414586 0.02912621359223301
