0 0.8845381526104418 0.9899691358024691 0.23092369477911648 0.020061728395061727
0 0.6255020080321285 0.9120370370370371 0.06626506024096386 0.033950617283950615
0 0.4779116465863454 0.9166666666666666 0.21686746987951808 0.05246913580246913
0 0.6676706827309237 0.9058641975308642 0.014056224899598393 0.040123456790123455
0 0.6957831325301205 0.9035493827160493 0.03413654618473896 0.041666666666666664
0 0.03714859437751004 0.7955246913580247 0.07429718875502007 0.05401234567901234
0 0.013052208835341365 0.7523148148148148 0.002008032128514056 0.0015432098765432098
0 0.04819277108433735 0.7422839506172839 0.008032128514056224 0.0030864197530864196
0 0.06827309236947791 0.7492283950617284 0.04417670682730924 0.023148148148148147
0 0.08132530120481928 0.7330246913580247 0.03815261044176707 0.006172839506172839
0 0.21586345381526104 0.7114197530864198 0.006024096385542169 0.0030864197530864196
0 0.3755020080321285 0.7098765432098766 0.004016064257028112 0.0030864197530864196
0 0.8945783132530121 0.6859567901234568 0.006024096385542169 0.0015432098765432098
0 0.4397590361445783 0.6851851851851852 0.008032128514056224 0.0030864197530864196
0 0.24899598393574296 0.6828703703703703 0.004016064257028112 0.0015432098765432098
0 0.8955823293172691 0.6712962962962963 0.004016064257028112 0.0030864197530864196
0 0.2399598393574297 0.6674382716049383 0.030120481927710843 0.004629629629629629
0 0.8955823293172691 0.6574074074074074 0.012048192771084338 0.0030864197530864196
0 0.6977911646586346 0.6550925925925926 0.006024096385542169 0.0015432098765432098
0 0.2620481927710843 0.6388888888888888 0.014056224899598393 0.006172839506172839
0 0.9718875502008032 0.6381172839506173 0.04417670682730924 0.007716049382716049
0 0.2419678714859438 0.6358024691358025 0.006024096385542169 0.0030864197530864196
0 0.26907630522088355 0.6319444444444444 0.004016064257028112 0.0015432098765432098
0 0.26104417670682734 0.6226851851851852 0.0321285140562249 0.013888888888888888
0 0.142570281124498 0.6304012345679012 0.012048192771084338 0.032407407407407406
0 0.2710843373493976 0.5902777777777778 0.004016064257028112 0.0015432098765432098
0 0.28012048192771083 0.5825617283950617 0.002008032128514056 0.0015432098765432098
0 0.27309236947791166 0.5787037037037037 0.004016064257028112 0.0030864197530864196
0 0.5160642570281124 0.654320987654321 0.9678714859437751 0.44753086419753085
0 0.8875502008032129 0.42901234567901236 0.08032128514056225 0.009259259259259259
0 0.9728915662650602 0.4251543209876543 0.05421686746987952 0.007716049382716049
0 0.5431726907630522 0.41975308641975306 0.010040160642570281 0.0030864197530864196
0 0.8704819277108434 0.4174382716049383 0.002008032128514056 0.0015432098765432098
0 0.9066265060240963 0.4158950617283951 0.03413654618473896 0.004629629629629629
0 0.5160642570281124 0.41435185185185186 0.004016064257028112 0.0015432098765432098
0 0.2289156626506024 0.4166666666666667 0.05220883534136546 0.024691358024691357
0 0.9076305220883534 0.404320987654321 0.040160642570281124 0.006172839506172839
0 0.2319277108433735 0.3896604938271605 0.050200803212851405 0.007716049382716049
0 0.8393574297188755 0.38503086419753085 0.004016064257028112 0.0015432098765432098
0 0.5572289156626506 0.3873456790123457 0.014056224899598393 0.006172839506172839
0 0.9226907630522089 0.3942901234567901 0.15461847389558234 0.029320987654320986
0 0.9658634538152611 0.36959876543209874 0.004016064257028112 0.0015432098765432098
0 0.9869477911646586 0.36728395061728397 0.02610441767068273 0.006172839506172839
0 0.9728915662650602 0.35185185185185186 0.05421686746987952 0.009259259259259259
0 0.11947791164658635 0.24459876543209877 0.006024096385542169 0.007716049382716049
0 0.050200803212851405 0.28935185185185186 0.10040160642570281 0.10339506172839506
0 0.26104417670682734 0.30478395061728397 0.1285140562248996 0.14660493827160495
0 0.7108433734939759 0.31558641975308643 0.5783132530120482 0.21141975308641975
0 0.7128514056224899 0.20756172839506173 0.008032128514056224 0.0015432098765432098
0 0.7590361445783133 0.2052469135802469 0.024096385542168676 0.0030864197530864196
0 0.7911646586345381 0.2044753086419753 0.01606425702811245 0.004629629629629629
0 0.5311244979919679 0.2029320987654321 0.010040160642570281 0.0015432098765432098
0 0.5110441767068273 0.2037037037037037 0.010040160642570281 0.0030864197530864196
0 0.13052208835341367 0.2029320987654321 0.008032128514056224 0.0015432098765432098
0 0.8293172690763052 0.2029320987654321 0.024096385542168676 0.004629629629629629
0 0.5532128514056225 0.2021604938271605 0.018072289156626505 0.0030864197530864196
0 0.04919678714859438 0.2044753086419753 0.09839357429718876 0.007716049382716049
0 0.8714859437751004 0.2013888888888889 0.0321285140562249 0.004629629629629629
0 0.6114457831325302 0.2006172839506173 0.014056224899598393 0.0030864197530864196
0 0.5843373493975904 0.2013888888888889 0.020080321285140562 0.004629629629629629
0 0.6395582329317269 0.19907407407407407 0.018072289156626505 0.0030864197530864196
0 0.9206827309236948 0.19984567901234568 0.050200803212851405 0.007716049382716049
0 0.6736947791164659 0.19830246913580246 0.030120481927710843 0.004629629629629629
0 0.7218875502008032 0.19598765432098766 0.02610441767068273 0.0030864197530864196
0 0.26706827309236947 0.19907407407407407 0.14457831325301204 0.009259259259259259
0 0.7600401606425703 0.19444444444444445 0.018072289156626505 0.0030864197530864196
0 0.7981927710843374 0.19290123456790123 0.014056224899598393 0.0030864197530864196
0 0.36244979919678716 0.19444444444444445 0.014056224899598393 0.006172839506172839
0 0.8343373493975904 0.19135802469135801 0.018072289156626505 0.0030864197530864196
0 0.8704819277108434 0.18981481481481483 0.018072289156626505 0.0030864197530864196
0 0.9246987951807228 0.1875 0.03413654618473896 0.004629629629629629
0 0.37349397590361444 0.17824074074074073 0.20481927710843373 0.010802469135802469
0 0.75 0.18055555555555555 0.5 0.027777777777777776
0 0.04216867469879518 0.1697530864197531 0.08433734939759036 0.006172839506172839
0 0.14558232931726908 0.16666666666666666 0.014056224899598393 0.0030864197530864196
0 0.19879518072289157 0.16512345679012347 0.004016064257028112 0.0030864197530864196
0 0.3644578313253012 0.16049382716049382 0.018072289156626505 0.009259259259259259
0 0.7459839357429718 0.16358024691358025 0.5080321285140562 0.027777777777777776
0 0.01606425702811245 0.15123456790123457 0.01606425702811245 0.0030864197530864196
0 0.15261044176706828 0.14891975308641975 0.004016064257028112 0.0015432098765432098
0 0.7520080321285141 0.14583333333333334 0.4959839357429719 0.026234567901234566
0 0.5933734939759037 0.13425925925925927 0.8132530120481928 0.033950617283950615
0 0.029116465863453816 0.09490740740740741 0.05823293172690763 0.0787037037037037
0 0.5371485943775101 0.07021604938271606 0.9257028112449799 0.12808641975308643
0 0.7389558232931727 0.0038580246913580245 0.012048192771084338 0.007716049382716049
0 0.6536144578313253 0.004629629629629629 0.010040160642570281 0.009259259259259259
0 0.5813253012048193 0.006944444444444444 0.0783132530120482 0.013888888888888888
0 0.5532128514056225 0.0030864197530864196 0.006024096385542169 0.006172839506172839
0 0.5190763052208835 0.0030864197530864196 0.010040160642570281 0.006172839506172839
0 0.49497991967871485 0.0038580246913580245 0.010040160642570281 0.007716049382716049
0 0.45883534136546184 0.0038580246913580245 0.014056224899598393 0.007716049382716049
0 0.4738955823293173 0.009259259259259259 0.12048192771084337 0.018518518518518517
