0 0.5144927536231884 0.995253164556962 0.014492753623188406 0.00949367088607595
0 0.4318840579710145 0.9794303797468354 0.0463768115942029 0.04113924050632911
0 0.4927536231884058 0.9778481012658228 0.057971014492753624 0.04430379746835443
0 0.5449275362318841 0.9762658227848101 0.028985507246376812 0.04746835443037975
0 0.7260869565217392 0.9541139240506329 0.002898550724637681 0.00949367088607595
0 0.6782608695652174 0.9715189873417721 0.06376811594202898 0.056962025316455694
0 0.7101449275362319 0.9604430379746836 0.034782608695652174 0.04113924050632911
0 0.6840579710144927 0.9430379746835443 0.011594202898550725 0.012658227848101266
0 0.02318840579710145 0.47468354430379744 0.0463768115942029 0.04430379746835443
0 0.015942028985507246 0.3370253164556962 0.03188405797101449 0.028481012658227847
0 0.04782608695652174 0.10284810126582279 0.008695652173913044 0.015822784810126583
0 0.4826086956521739 0.4762658227848101 0.9652173913043478 0.8765822784810127
0 0.6869565217391305 0.014240506329113924 0.08115942028985507 0.028481012658227847
0 0.5449275362318841 0.011075949367088608 0.011594202898550725 0.022151898734177215
0 0.49420289855072463 0.014240506329113924 0.05507246376811594 0.028481012658227847
0 0.43043478260869567 0.012658227848101266 0.043478260869565216 0.02531645569620253
