0 0.7412868632707775 0.9982300884955753 0.00804289544235925 0.0035398230088495575
0 0.5683646112600537 0.9876106194690265 0.032171581769437 0.024778761061946902
0 0.5187667560321716 0.9867256637168141 0.045576407506702415 0.02654867256637168
0 0.46112600536193027 0.9858407079646018 0.04289544235924933 0.02831858407079646
0 0.710455764075067 0.984070796460177 0.08579088471849866 0.03185840707964602
0 0.6072386058981233 0.9752212389380531 0.44235924932975873 0.049557522123893805
0 0.6514745308310992 0.5566371681415929 0.005361930294906166 0.0017699115044247787
0 0.7144772117962467 0.5548672566371682 0.10455764075067024 0.008849557522123894
0 0.6407506702412868 0.5460176991150443 0.010723860589812333 0.0017699115044247787
0 0.868632707774799 0.5309734513274337 0.010723860589812333 0.0035398230088495575
0 0.4075067024128686 0.5300884955752212 0.005361930294906166 0.0017699115044247787
0 0.8230563002680965 0.531858407079646 0.06970509383378017 0.008849557522123894
0 0.4316353887399464 0.5292035398230088 0.010723860589812333 0.0035398230088495575
0 0.23726541554959785 0.5106194690265486 0.002680965147453083 0.0017699115044247787
0 0.2734584450402145 0.5088495575221239 0.021447721179624665 0.0017699115044247787
0 0.24932975871313673 0.5097345132743363 0.0160857908847185 0.0035398230088495575
0 0.14075067024128687 0.5008849557522124 0.00804289544235925 0.0035398230088495575
0 0.19302949061662197 0.5 0.064343163538874 0.005309734513274336
0 0.20777479892761394 0.48761061946902656 0.00804289544235925 0.0017699115044247787
0 0.938337801608579 0.48584070796460177 0.005361930294906166 0.0017699115044247787
0 0.1769436997319035 0.48761061946902656 0.02680965147453083 0.005309734513274336
0 0.9142091152815014 0.4761061946902655 0.005361930294906166 0.0035398230088495575
0 0.938337801608579 0.47522123893805307 0.0160857908847185 0.005309734513274336
0 0.225201072386059 0.46371681415929206 0.010723860589812333 0.007079646017699115
0 0.21715817694369974 0.40353982300884955 0.17158176943699732 0.15575221238938053
0 0.08981233243967829 0.32123893805309733 0.002680965147453083 0.0017699115044247787
0 0.5 0.6336283185840708 1.0 0.6300884955752213
0 0.04825737265415549 0.31946902654867254 0.005361930294906166 0.0017699115044247787
0 0.028150134048257374 0.32035398230088497 0.013404825737265416 0.0035398230088495575
0 0.938337801608579 0.3929203539823009 0.12332439678284182 0.16991150442477876
0 0.0871313672922252 0.29469026548672567 0.03485254691689008 0.005309734513274336
0 0.06032171581769437 0.2991150442477876 0.09919571045576407 0.01415929203539823
0 0.938337801608579 0.2929203539823009 0.12332439678284182 0.008849557522123894
0 0.9490616621983914 0.2761061946902655 0.10187667560321716 0.007079646017699115
0 0.14745308310991956 0.26548672566371684 0.021447721179624665 0.0035398230088495575
0 0.1260053619302949 0.26548672566371684 0.005361930294906166 0.0035398230088495575
0 0.05227882037533512 0.27079646017699116 0.10455764075067024 0.03893805309734513
0 0.9316353887399463 0.2504424778761062 0.002680965147453083 0.0017699115044247787
0 0.9369973190348525 0.25486725663716814 0.1260053619302949 0.017699115044247787
0 0.15415549597855227 0.24424778761061947 0.06166219839142091 0.0035398230088495575
0 0.04825737265415549 0.24513274336283186 0.09651474530831099 0.008849557522123894
0 0.036193029490616625 0.2336283185840708 0.07238605898123325 0.007079646017699115
0 0.21045576407506703 0.22212389380530972 0.01876675603217158 0.0017699115044247787
0 0.08847184986595175 0.22212389380530972 0.005361930294906166 0.0017699115044247787
0 0.15415549597855227 0.22212389380530972 0.06166219839142091 0.005309734513274336
0 0.0388739946380697 0.22300884955752212 0.0777479892761394 0.007079646017699115
0 0.030831099195710455 0.21238938053097345 0.029490616621983913 0.0035398230088495575
0 0.9316353887399463 0.22300884955752212 0.13672922252010725 0.03893805309734513
0 0.0938337801608579 0.20176991150442478 0.005361930294906166 0.0035398230088495575
0 0.1675603217158177 0.20176991150442478 0.0938337801608579 0.007079646017699115
0 0.032171581769437 0.20265486725663717 0.064343163538874 0.008849557522123894
0 0.9276139410187667 0.19469026548672566 0.1447721179624665 0.010619469026548672
0 0.19168900804289543 0.18141592920353983 0.002680965147453083 0.0017699115044247787
0 0.1487935656836461 0.1831858407079646 0.05630026809651475 0.005309734513274336
0 0.02680965147453083 0.1831858407079646 0.05361930294906166 0.008849557522123894
0 0.09651474530831099 0.168141592920354 0.005361930294906166 0.007079646017699115
0 0.3605898123324397 0.14778761061946902 0.013404825737265416 0.008849557522123894
0 0.8954423592493298 0.13628318584070798 0.20911528150134048 0.08849557522123894
0 0.028150134048257374 0.13274336283185842 0.05630026809651475 0.08849557522123894
0 0.2680965147453083 0.12920353982300886 0.32707774798927614 0.0920353982300885
0 0.6916890080428955 0.07168141592920355 0.032171581769437 0.0017699115044247787
0 0.7493297587131368 0.06017699115044248 0.00804289544235925 0.0035398230088495575
0 0.7010723860589813 0.06017699115044248 0.01876675603217158 0.007079646017699115
0 0.7050938337801609 0.046902654867256637 0.010723860589812333 0.005309734513274336
0 0.7292225201072386 0.04247787610619469 0.032171581769437 0.03893805309734513
0 0.6836461126005362 0.03805309734513274 0.021447721179624665 0.047787610619469026
0 0.7319034852546917 0.01504424778761062 0.02680965147453083 0.008849557522123894
0 0.7037533512064343 0.01415929203539823 0.024128686327077747 0.007079646017699115
0 0.7949061662198391 0.036283185840707964 0.06166219839142091 0.07256637168141593
0 0.5214477211796247 0.036283185840707964 0.2868632707774799 0.07256637168141593
