0 0.5866336633663366 0.9981818181818182 0.0049504950495049506 0.0036363636363636364
0 0.6695544554455446 0.990909090909091 0.012376237623762377 0.01818181818181818
0 0.41089108910891087 0.9872727272727273 0.019801980198019802 0.025454545454545455
0 0.5160891089108911 0.9854545454545455 0.027227722772277228 0.02909090909090909
0 0.46163366336633666 0.9854545454545455 0.03712871287128713 0.02909090909090909
0 0.625 0.9745454545454545 0.012376237623762377 0.02909090909090909
0 0.6720297029702971 0.9618181818181818 0.007425742574257425 0.01090909090909091
0 0.655940594059406 0.96 0.0049504950495049506 0.007272727272727273
0 0.7611386138613861 0.9690909090909091 0.007425742574257425 0.06181818181818182
0 0.1485148514851485 0.8909090909090909 0.06435643564356436 0.014545454545454545
0 0.30198019801980197 0.8745454545454545 0.039603960396039604 0.03272727272727273
0 0.2698019801980198 0.8218181818181818 0.034653465346534656 0.014545454545454545
0 0.9492574257425742 0.7836363636363637 0.007425742574257425 0.0036363636363636364
0 0.06683168316831684 0.8363636363636363 0.019801980198019802 0.11636363636363636
0 0.9393564356435643 0.7654545454545455 0.0024752475247524753 0.0036363636363636364
0 0.06311881188118812 0.7672727272727272 0.007425742574257425 0.014545454545454545
0 0.06311881188118812 0.7454545454545455 0.007425742574257425 0.014545454545454545
0 0.8452970297029703 0.7218181818181818 0.007425742574257425 0.01090909090909091
0 0.06435643564356436 0.7236363636363636 0.009900990099009901 0.014545454545454545
0 0.06435643564356436 0.7036363636363636 0.009900990099009901 0.01090909090909091
0 0.8428217821782178 0.7018181818181818 0.012376237623762377 0.014545454545454545
0 0.775990099009901 0.7127272727272728 0.10643564356435643 0.03636363636363636
0 0.06435643564356436 0.68 0.009900990099009901 0.014545454545454545
0 0.06311881188118812 0.66 0.0024752475247524753 0.0036363636363636364
0 0.22896039603960397 0.5745454545454546 0.012376237623762377 0.007272727272727273
0 0.02103960396039604 0.6363636363636364 0.04207920792079208 0.14545454545454545
0 0.21163366336633663 0.5509090909090909 0.0024752475247524753 0.0036363636363636364
0 0.23638613861386137 0.5509090909090909 0.027227722772277228 0.01090909090909091
0 0.01485148514851485 0.5527272727272727 0.0297029702970297 0.014545454545454545
0 0.6398514851485149 0.7109090909090909 0.6361386138613861 0.34545454545454546
0 0.5606435643564357 0.5036363636363637 0.0024752475247524753 0.0036363636363636364
0 0.42698019801980197 0.48363636363636364 0.04702970297029703 0.007272727272727273
0 0.009900990099009901 0.45636363636363636 0.019801980198019802 0.01090909090909091
0 0.01608910891089109 0.4381818181818182 0.03217821782178218 0.01818181818181818
0 0.0012376237623762376 0.4163636363636364 0.0024752475247524753 0.0036363636363636364
0 0.01485148514851485 0.39636363636363636 0.0297029702970297 0.014545454545454545
0 0.006188118811881188 0.3563636363636364 0.012376237623762377 0.007272727272727273
0 0.017326732673267328 0.16545454545454547 0.034653465346534656 0.14181818181818182
0 0.5123762376237624 0.28545454545454546 0.8960396039603961 0.39636363636363636
0 0.6522277227722773 0.05272727272727273 0.022277227722772276 0.01090909090909091
0 0.6905940594059405 0.04727272727272727 0.019801980198019802 0.02181818181818182
0 0.625 0.02 0.0024752475247524753 0.01818181818181818
0 0.7487623762376238 0.04363636363636364 0.05693069306930693 0.08727272727272728
0 0.6596534653465347 0.01818181818181818 0.03217821782178218 0.03636363636363636
0 0.5210396039603961 0.01818181818181818 0.012376237623762377 0.03636363636363636
0 0.47029702970297027 0.01818181818181818 0.0594059405940594 0.03636363636363636
0 0.4752475247524752 0.04181818181818182 0.2722772277227723 0.08363636363636363
