0 0.047619047619047616 0.9982517482517482 0.010582010582010581 0.0034965034965034965
0 0.0013227513227513227 0.9982517482517482 0.0026455026455026454 0.0034965034965034965
0 0.01984126984126984 0.9973776223776224 0.007936507936507936 0.005244755244755245
0 0.03968253968253968 0.9895104895104895 0.005291005291005291 0.0034965034965034965
0 0.06481481481481481 0.9886363636363636 0.007936507936507936 0.005244755244755245
0 0.027777777777777776 0.9868881118881119 0.0026455026455026454 0.0017482517482517483
0 0.08597883597883597 0.9912587412587412 0.03968253968253968 0.017482517482517484
0 0.19973544973544974 0.9833916083916084 0.007936507936507936 0.005244755244755245
0 0.13624338624338625 0.9903846153846154 0.06613756613756613 0.019230769230769232
0 0.33994708994708994 0.9772727272727273 0.007936507936507936 0.0034965034965034965
0 0.9735449735449735 0.9825174825174825 0.05291005291005291 0.03496503496503497
0 0.5502645502645502 0.9746503496503497 0.746031746031746 0.050699300699300696
0 0.9404761904761905 0.9493006993006993 0.0291005291005291 0.0034965034965034965
0 0.9801587301587301 0.9475524475524476 0.03439153439153439 0.0034965034965034965
0 0.7407407407407407 0.8776223776223776 0.010582010582010581 0.01048951048951049
0 0.7037037037037037 0.8907342657342657 0.08465608465608465 0.050699300699300696
0 0.5 0.916083916083916 1.0 0.13636363636363635
0 0.05423280423280423 0.833041958041958 0.10846560846560846 0.0472027972027972
0 0.21296296296296297 0.7797202797202797 0.007936507936507936 0.006993006993006993
0 0.062169312169312166 0.7596153846153846 0.0026455026455026454 0.0017482517482517483
0 0.16666666666666666 0.8015734265734266 0.1111111111111111 0.09615384615384616
0 0.7248677248677249 0.7753496503496503 0.5502645502645502 0.050699300699300696
0 0.15211640211640212 0.7456293706293706 0.0026455026455026454 0.0017482517482517483
0 0.17063492063492064 0.7368881118881119 0.05555555555555555 0.005244755244755245
0 0.1574074074074074 0.7281468531468531 0.0291005291005291 0.005244755244755245
0 0.16666666666666666 0.7194055944055944 0.005291005291005291 0.0017482517482517483
0 0.4537037037037037 0.708916083916084 0.007936507936507936 0.0017482517482517483
0 0.23941798941798942 0.7054195804195804 0.0026455026455026454 0.0017482517482517483
0 0.3055555555555556 0.6949300699300699 0.0026455026455026454 0.0017482517482517483
0 0.32671957671957674 0.6861888111888111 0.0026455026455026454 0.0017482517482517483
0 0.30158730158730157 0.6870629370629371 0.042328042328042326 0.0034965034965034965
0 0.3716931216931217 0.6215034965034965 0.007936507936507936 0.0017482517482517483
0 0.3412698412698413 0.541958041958042 0.010582010582010581 0.0034965034965034965
0 0.414021164021164 0.5393356643356644 0.0026455026455026454 0.0017482517482517483
0 0.06746031746031746 0.5305944055944056 0.03968253968253968 0.005244755244755245
0 0.2724867724867725 0.618006993006993 0.43915343915343913 0.18706293706293706
0 0.06349206349206349 0.5113636363636364 0.042328042328042326 0.005244755244755245
0 0.2671957671957672 0.5052447552447552 0.021164021164021163 0.006993006993006993
0 0.2261904761904762 0.5052447552447552 0.05026455026455026 0.006993006993006993
0 0.3664021164021164 0.5052447552447552 0.018518518518518517 0.01048951048951049
0 0.3002645502645503 0.5026223776223776 0.007936507936507936 0.005244755244755245
0 0.04894179894179894 0.493006993006993 0.018518518518518517 0.0034965034965034965
0 0.07407407407407407 0.49125874125874125 0.021164021164021163 0.0034965034965034965
0 0.0582010582010582 0.4763986013986014 0.015873015873015872 0.0017482517482517483
0 0.08465608465608465 0.4755244755244755 0.015873015873015872 0.0034965034965034965
0 0.0582010582010582 0.45104895104895104 0.015873015873015872 0.0034965034965034965
0 0.503968253968254 0.44755244755244755 0.018518518518518517 0.006993006993006993
0 0.5066137566137566 0.4379370629370629 0.007936507936507936 0.005244755244755245
0 0.06746031746031746 0.4318181818181818 0.023809523809523808 0.0034965034965034965
0 0.2552910052910053 0.42657342657342656 0.007936507936507936 0.0034965034965034965
0 0.33201058201058203 0.42395104895104896 0.013227513227513227 0.0017482517482517483
0 0.28835978835978837 0.42482517482517484 0.037037037037037035 0.0034965034965034965
0 0.373015873015873 0.4222027972027972 0.047619047619047616 0.005244755244755245
0 0.48677248677248675 0.4187062937062937 0.05291005291005291 0.008741258741258742
0 0.27380952380952384 0.40559440559440557 0.007936507936507936 0.0034965034965034965
0 0.062169312169312166 0.5384615384615384 0.12433862433862433 0.486013986013986
0 0.08068783068783068 0.28846153846153844 0.013227513227513227 0.0034965034965034965
0 0.02513227513227513 0.28846153846153844 0.05026455026455026 0.006993006993006993
0 0.031746031746031744 0.2701048951048951 0.010582010582010581 0.0017482517482517483
0 0.01455026455026455 0.2701048951048951 0.007936507936507936 0.0017482517482517483
0 0.19576719576719576 0.2403846153846154 0.010582010582010581 0.005244755244755245
0 0.3187830687830688 0.2395104895104895 0.013227513227513227 0.006993006993006993
0 0.9629629629629629 0.23164335664335664 0.005291005291005291 0.0017482517482517483
0 0.9444444444444444 0.23251748251748253 0.010582010582010581 0.0034965034965034965
0 0.9880952380952381 0.23164335664335664 0.023809523809523808 0.005244755244755245
0 0.3148148148148148 0.23076923076923078 0.010582010582010581 0.0034965034965034965
0 0.8293650793650794 0.2263986013986014 0.013227513227513227 0.0017482517482517483
0 0.8068783068783069 0.2263986013986014 0.005291005291005291 0.0017482517482517483
0 0.03571428571428571 0.22377622377622378 0.013227513227513227 0.0034965034965034965
0 0.421957671957672 0.22115384615384615 0.007936507936507936 0.0017482517482517483
0 0.35978835978835977 0.22115384615384615 0.010582010582010581 0.005244755244755245
0 0.30423280423280424 0.22202797202797203 0.037037037037037035 0.006993006993006993
0 0.30158730158730157 0.21241258741258742 0.015873015873015872 0.005244755244755245
0 0.03042328042328042 0.20454545454545456 0.018518518518518517 0.0034965034965034965
0 0.39021164021164023 0.20279720279720279 0.007936507936507936 0.0034965034965034965
0 0.22486772486772486 0.23076923076923078 0.05291005291005291 0.06643356643356643
0 0.2328042328042328 0.18094405594405594 0.0582010582010582 0.008741258741258742
0 0.21164021164021163 0.17045454545454544 0.005291005291005291 0.0017482517482517483
0 0.022486772486772486 0.16258741258741258 0.04497354497354497 0.006993006993006993
0 0.8677248677248677 0.1547202797202797 0.010582010582010581 0.0017482517482517483
0 0.8306878306878307 0.1555944055944056 0.021164021164021163 0.0034965034965034965
0 0.8095238095238095 0.1555944055944056 0.005291005291005291 0.0034965034965034965
0 0.7738095238095238 0.15646853146853146 0.05026455026455026 0.005244755244755245
0 0.7275132275132276 0.1555944055944056 0.021164021164021163 0.0034965034965034965
0 0.7076719576719577 0.1555944055944056 0.007936507936507936 0.0034965034965034965
0 0.9986772486772487 0.15297202797202797 0.0026455026455026454 0.0017482517482517483
0 0.9523809523809523 0.15297202797202797 0.005291005291005291 0.0017482517482517483
0 0.9113756613756614 0.15384615384615385 0.007936507936507936 0.0034965034965034965
0 0.8888888888888888 0.15384615384615385 0.021164021164021163 0.0034965034965034965
0 0.8518518518518519 0.1547202797202797 0.015873015873015872 0.005244755244755245
0 0.41005291005291006 0.13024475524475523 0.010582010582010581 0.005244755244755245
0 0.376984126984127 0.1284965034965035 0.013227513227513227 0.005244755244755245
0 0.3386243386243386 0.12412587412587413 0.005291005291005291 0.0034965034965034965
0 0.2962962962962963 0.145979020979021 0.20105820105820105 0.050699300699300696
0 0.2857142857142857 0.11101398601398602 0.08994708994708994 0.012237762237762238
0 0.03571428571428571 0.08916083916083917 0.07142857142857142 0.1258741258741259
0 0.5224867724867724 0.2368881118881119 0.955026455026455 0.4597902097902098
0 0.7870370370370371 0.0026223776223776225 0.05026455026455026 0.005244755244755245
0 0.5145502645502645 0.008741258741258742 0.2777777777777778 0.017482517482517484
