0 0.3009950248756219 0.9963636363636363 0.01990049751243781 0.007272727272727273
0 0.3383084577114428 0.98 0.029850746268656716 0.04
0 0.4427860696517413 0.9781818181818182 0.014925373134328358 0.04363636363636364
0 0.22139303482587064 0.9781818181818182 0.029850746268656716 0.04363636363636364
0 0.5 0.9745454545454545 0.03482587064676617 0.04363636363636364
0 0.472636815920398 0.9581818181818181 0.009950248756218905 0.01090909090909091
0 0.2848258706467662 0.9763636363636363 0.05721393034825871 0.04727272727272727
0 0.3706467661691542 0.9545454545454546 0.43781094527363185 0.09090909090909091
0 0.9751243781094527 0.8381818181818181 0.04975124378109453 0.03272727272727273
0 0.972636815920398 0.8054545454545454 0.004975124378109453 0.0036363636363636364
0 0.9925373134328358 0.8054545454545454 0.014925373134328358 0.01090909090909091
0 0.996268656716418 0.7836363636363637 0.007462686567164179 0.01090909090909091
0 0.009950248756218905 0.5036363636363637 0.01990049751243781 0.01090909090909091
0 0.9800995024875622 0.5145454545454545 0.03980099502487562 0.04727272727272727
0 0.9800995024875622 0.4727272727272727 0.03980099502487562 0.02181818181818182
0 0.9415422885572139 0.43272727272727274 0.007462686567164179 0.007272727272727273
0 0.9800995024875622 0.43272727272727274 0.03980099502487562 0.014545454545454545
0 0.9427860696517413 0.3927272727272727 0.004975124378109453 0.007272727272727273
0 0.9800995024875622 0.39090909090909093 0.03980099502487562 0.01818181818181818
0 0.9800995024875622 0.3527272727272727 0.03980099502487562 0.02181818181818182
0 0.9415422885572139 0.3109090909090909 0.007462686567164179 0.01090909090909091
0 0.9415422885572139 0.2727272727272727 0.007462686567164179 0.007272727272727273
0 0.9402985074626866 0.23454545454545456 0.004975124378109453 0.0036363636363636364
0 0.011194029850746268 0.20545454545454545 0.022388059701492536 0.01818181818181818
0 0.9664179104477612 0.20363636363636364 0.06716417910447761 0.24
0 0.4577114427860697 0.44181818181818183 0.9154228855721394 0.84
0 0.5223880597014925 0.005454545454545455 0.014925373134328358 0.01090909090909091
0 0.47885572139303484 0.005454545454545455 0.0472636815920398 0.01090909090909091
