0 0.5919117647058824 0.9874551971326165 0.022058823529411766 0.025089605734767026
0 0.6262254901960784 0.9713261648745519 0.03676470588235294 0.05017921146953405
0 0.46078431372549017 0.9605734767025089 0.029411764705882353 0.07885304659498207
0 0.4068627450980392 0.9587813620071685 0.06372549019607843 0.08243727598566308
0 0.34191176470588236 0.9587813620071685 0.041666666666666664 0.08243727598566308
0 0.6017156862745098 0.9193548387096774 0.007352941176470588 0.010752688172043012
0 0.5735294117647058 0.9498207885304659 0.0196078431372549 0.07168458781362007
0 0.6948529411764706 0.9408602150537635 0.061274509803921566 0.11827956989247312
0 0.4068627450980392 0.9372759856630825 0.28431372549019607 0.12544802867383512
0 0.0024509803921568627 0.6487455197132617 0.004901960784313725 0.007168458781362007
0 0.5 0.4551971326164875 1.0 0.7956989247311828
