0 0.6811175337186898 0.9983766233766234 0.0019267822736030828 0.003246753246753247
0 0.6724470134874759 0.9967532467532467 0.007707129094412331 0.006493506493506494
0 0.6368015414258189 0.9967532467532467 0.009633911368015413 0.006493506493506494
0 0.4720616570327553 0.9967532467532467 0.015414258188824663 0.006493506493506494
0 0.628131021194605 0.9935064935064936 0.0038535645472061657 0.012987012987012988
0 0.4980732177263969 0.9935064935064936 0.009633911368015413 0.012987012987012988
0 0.5260115606936416 0.9918831168831169 0.011560693641618497 0.016233766233766232
0 0.5491329479768786 0.9886363636363636 0.019267822736030827 0.022727272727272728
0 0.6705202312138728 0.9772727272727273 0.0038535645472061657 0.006493506493506494
0 0.661849710982659 0.987012987012987 0.009633911368015413 0.025974025974025976
0 0.630057803468208 0.9707792207792207 0.007707129094412331 0.01948051948051948
0 0.6782273603082851 0.9626623376623377 0.007707129094412331 0.00974025974025974
0 0.6483622350674374 0.9594155844155844 0.009633911368015413 0.00974025974025974
0 0.6117533718689788 0.775974025974026 0.7764932562620424 0.24025974025974026
0 0.016377649325626204 0.7694805194805194 0.03275529865125241 0.2727272727272727
0 0.016377649325626204 0.525974025974026 0.03275529865125241 0.2077922077922078
0 0.5202312138728323 0.5162337662337663 0.9595375722543352 0.8571428571428571
0 0.6242774566473989 0.06168831168831169 0.011560693641618497 0.012987012987012988
0 0.661849710982659 0.03571428571428571 0.0019267822736030828 0.006493506493506494
0 0.640655105973025 0.037337662337662336 0.04046242774566474 0.06168831168831169
0 0.6608863198458574 0.00487012987012987 0.0038535645472061657 0.00974025974025974
0 0.6098265895953757 0.032467532467532464 0.009633911368015413 0.06493506493506493
0 0.5298651252408478 0.027597402597402596 0.019267822736030827 0.05519480519480519
0 0.49710982658959535 0.02922077922077922 0.011560693641618497 0.05844155844155844
0 0.4576107899807322 0.02922077922077922 0.04046242774566474 0.05844155844155844
0 0.4441233140655106 0.00487012987012987 0.009633911368015413 0.00974025974025974
