0 0.3108882521489971 0.9579439252336449 0.0028653295128939827 0.003115264797507788
0 0.01862464183381089 0.8691588785046729 0.03724928366762178 0.06230529595015576
0 0.22922636103151864 0.82398753894081 0.0057306590257879654 0.003115264797507788
0 0.7020057306590258 0.8177570093457944 0.011461318051575931 0.003115264797507788
0 0.5558739255014327 0.8193146417445483 0.0057306590257879654 0.006230529595015576
0 0.8524355300859598 0.8052959501557633 0.014326647564469915 0.003115264797507788
0 0.8108882521489972 0.8068535825545171 0.034383954154727794 0.012461059190031152
0 0.2922636103151863 0.8052959501557633 0.017191977077363897 0.009345794392523364
0 0.5773638968481375 0.7834890965732088 0.0028653295128939827 0.003115264797507788
0 0.9799426934097422 0.7757009345794392 0.011461318051575931 0.012461059190031152
0 0.9670487106017192 0.7554517133956387 0.008595988538681949 0.009345794392523364
0 0.9871060171919771 0.7507788161993769 0.014326647564469915 0.006230529595015576
0 0.6017191977077364 0.7445482866043613 0.0057306590257879654 0.006230529595015576
0 0.5458452722063037 0.7445482866043613 0.16905444126074498 0.04361370716510903
0 0.9813753581661891 0.7227414330218068 0.03724928366762178 0.018691588785046728
0 0.9426934097421203 0.7040498442367601 0.017191977077363897 0.006230529595015576
0 0.20057306590257878 0.7009345794392523 0.0057306590257879654 0.006230529595015576
0 0.9770773638968482 0.7009345794392523 0.045845272206303724 0.03115264797507788
0 0.01002865329512894 0.6962616822429907 0.02005730659025788 0.040498442367601244
0 0.9512893982808023 0.6682242990654206 0.0057306590257879654 0.003115264797507788
0 0.9255014326647565 0.6697819314641744 0.011461318051575931 0.006230529595015576
0 0.9842406876790831 0.6651090342679128 0.03151862464183381 0.01557632398753894
0 0.05300859598853868 0.4127725856697819 0.008595988538681949 0.009345794392523364
0 0.09312320916905444 0.3925233644859813 0.04297994269340974 0.012461059190031152
0 0.055873925501432664 0.3940809968847352 0.02005730659025788 0.01557632398753894
0 0.1489971346704871 0.3909657320872274 0.05157593123209169 0.01557632398753894
0 0.011461318051575931 0.3598130841121495 0.022922636103151862 0.021806853582554516
0 0.011461318051575931 0.2866043613707165 0.022922636103151862 0.11214953271028037
0 0.09742120343839542 0.1557632398753894 0.12607449856733524 0.11214953271028037
0 0.011461318051575931 0.16355140186915887 0.022922636103151862 0.1277258566978193
0 0.5 0.5373831775700935 1.0 0.9127725856697819
0 0.660458452722063 0.0529595015576324 0.014326647564469915 0.006230529595015576
0 0.4040114613180516 0.048286604361370715 0.0057306590257879654 0.003115264797507788
0 0.7034383954154728 0.040498442367601244 0.02005730659025788 0.024922118380062305
0 0.6404011461318052 0.029595015576323987 0.008595988538681949 0.01557632398753894
0 0.6919770773638968 0.02336448598130841 0.008595988538681949 0.009345794392523364
0 0.497134670487106 0.029595015576323987 0.02005730659025788 0.040498442367601244
0 0.46275071633237824 0.03115264797507788 0.014326647564469915 0.04361370716510903
0 0.4297994269340974 0.029595015576323987 0.017191977077363897 0.040498442367601244
0 0.5329512893982808 0.028037383177570093 0.022922636103151862 0.04361370716510903
0 0.6432664756446992 0.006230529595015576 0.008595988538681949 0.012461059190031152
