0 0.43896103896103894 0.967680608365019 0.01038961038961039 0.0038022813688212928
0 0.41688311688311686 0.9600760456273765 0.0025974025974025974 0.0038022813688212928
0 0.003896103896103896 0.9524714828897338 0.007792207792207792 0.09505703422053231
0 0.21948051948051947 0.9505703422053232 0.4077922077922078 0.09885931558935361
0 0.4961038961038961 0.8878326996197718 0.005194805194805195 0.0038022813688212928
0 0.45714285714285713 0.8517110266159695 0.01038961038961039 0.015209125475285171
0 0.45194805194805193 0.8992395437262357 0.08311688311688312 0.11787072243346007
0 0.538961038961039 0.9125475285171103 0.07012987012987013 0.17490494296577946
0 0.274025974025974 0.8517110266159695 0.2831168831168831 0.22053231939163498
0 0.9467532467532468 0.49619771863117873 0.05974025974025974 0.034220532319391636
0 0.938961038961039 0.42585551330798477 0.07012987012987013 0.08365019011406843
0 0.9441558441558442 0.3574144486692015 0.04935064935064935 0.030418250950570342
0 0.951948051948052 0.19961977186311788 0.09610389610389611 0.26996197718631176
0 0.5 0.43346007604562736 1.0 0.8669201520912547
