0 0.4408014571948998 0.9969325153374233 0.007285974499089253 0.006134969325153374
0 0.46265938069216755 0.9815950920245399 0.01092896174863388 0.018404907975460124
0 0.3542805100182149 0.9785276073619632 0.020036429872495445 0.04294478527607362
0 0.4326047358834244 0.9769938650306749 0.009107468123861567 0.046012269938650305
0 0.31602914389799636 0.9769938650306749 0.03825136612021858 0.046012269938650305
0 0.27140255009107467 0.9769938650306749 0.018214936247723135 0.046012269938650305
0 0.44990892531876137 0.9524539877300614 0.01092896174863388 0.009202453987730062
0 0.9981785063752276 0.8420245398773006 0.0036429872495446266 0.03374233128834356
0 0.7531876138433515 0.5306748466257669 0.00546448087431694 0.012269938650306749
0 0.7604735883424408 0.5184049079754601 0.0018214936247723133 0.006134969325153374
0 0.7868852459016393 0.4831288343558282 0.04371584699453552 0.05828220858895705
0 0.8324225865209471 0.4233128834355828 0.01092896174863388 0.012269938650306749
0 0.9171220400728597 0.3880368098159509 0.0018214936247723133 0.003067484662576687
0 0.8378870673952641 0.38496932515337423 0.007285974499089253 0.009202453987730062
0 0.8816029143897997 0.3558282208588957 0.01092896174863388 0.012269938650306749
0 0.8633879781420765 0.3512269938650307 0.01092896174863388 0.009202453987730062
0 0.907103825136612 0.3159509202453988 0.02185792349726776 0.024539877300613498
0 0.9626593806921676 0.5138036809815951 0.07468123861566485 0.8190184049079755
0 0.4599271402550091 0.48619631901840493 0.9198542805100182 0.8190184049079755
0 0.4644808743169399 0.03067484662576687 0.01092896174863388 0.006134969325153374
0 0.48633879781420764 0.012269938650306749 0.02185792349726776 0.024539877300613498
0 0.46083788706739526 0.004601226993865031 0.007285974499089253 0.009202453987730062
0 0.4435336976320583 0.013803680981595092 0.009107468123861567 0.027607361963190184
0 0.3652094717668488 0.010736196319018405 0.009107468123861567 0.02147239263803681
0 0.3342440801457195 0.012269938650306749 0.012750455373406194 0.024539877300613498
0 0.2987249544626594 0.012269938650306749 0.01092896174863388 0.024539877300613498
