0 0.6368563685636857 0.9964093357271095 0.016260162601626018 0.00718132854578097
0 0.6016260162601627 0.9964093357271095 0.016260162601626018 0.00718132854578097
0 0.6165311653116531 0.9775583482944344 0.013550135501355014 0.008976660682226212
0 0.45934959349593496 0.9856373429084381 0.02981029810298103 0.02872531418312388
0 0.6382113821138211 0.9775583482944344 0.018970189701897018 0.01615798922800718
0 0.4078590785907859 0.9847396768402155 0.051490514905149054 0.03052064631956912
0 0.34959349593495936 0.9838420107719928 0.04336043360433604 0.03231597845601436
0 0.5826558265582655 0.9820466786355476 0.04336043360433604 0.03590664272890485
0 0.6897018970189702 0.973967684021544 0.06233062330623306 0.05206463195691203
0 0.4159891598915989 0.9730700179533214 0.2791327913279133 0.05385996409335727
0 0.7669376693766937 0.9272890484739676 0.02168021680216802 0.005385996409335727
0 0.03387533875338753 0.8590664272890485 0.06775067750677506 0.04488330341113106
0 0.006775067750677507 0.8043087971274686 0.013550135501355014 0.003590664272890485
0 0.7642276422764228 0.7836624775583483 0.08672086720867209 0.008976660682226212
0 0.006775067750677507 0.755834829443447 0.013550135501355014 0.003590664272890485
0 0.009485094850948509 0.7468581687612208 0.018970189701897018 0.003590664272890485
0 0.04200542005420054 0.7163375224416517 0.08401084010840108 0.00718132854578097
0 0.032520325203252036 0.7073608617594255 0.06504065040650407 0.00718132854578097
0 0.028455284552845527 0.6983842010771992 0.056910569105691054 0.00718132854578097
0 0.08130081300813008 0.6849192100538599 0.01084010840108401 0.008976660682226212
0 0.7642276422764228 0.6508078994614004 0.005420054200542005 0.0017953321364452424
0 0.7168021680216802 0.6526032315978456 0.008130081300813009 0.005385996409335727
0 0.7222222222222222 0.6355475763016158 0.03523035230352303 0.00718132854578097
0 0.9051490514905149 0.6131059245960503 0.005420054200542005 0.0017953321364452424
0 0.9336043360433605 0.5933572710951526 0.0027100271002710027 0.0017953321364452424
0 0.7222222222222222 0.5673249551166966 0.018970189701897018 0.00718132854578097
0 0.948509485094851 0.5610412926391383 0.02710027100271003 0.005385996409335727
0 0.94579945799458 0.7342908438061041 0.10840108401084012 0.38061041292639136
0 0.994579945799458 0.5341113105924596 0.01084010840108401 0.01615798922800718
0 0.03116531165311653 0.5170556552962298 0.013550135501355014 0.003590664272890485
0 0.6300813008130082 0.507181328545781 0.03523035230352303 0.005385996409335727
0 0.9796747967479674 0.5008976660682226 0.008130081300813009 0.003590664272890485
0 0.023035230352303523 0.5008976660682226 0.04607046070460705 0.00718132854578097
0 0.017615176151761516 0.4919210053859964 0.013550135501355014 0.003590664272890485
0 0.7154471544715447 0.4658886894075404 0.032520325203252036 0.005385996409335727
0 0.9444444444444444 0.45152603231597843 0.008130081300813009 0.0017953321364452424
0 0.997289972899729 0.4506283662477558 0.005420054200542005 0.003590664272890485
0 0.006775067750677507 0.440754039497307 0.013550135501355014 0.005385996409335727
0 0.6436314363143631 0.4353680430879713 0.008130081300813009 0.005385996409335727
0 0.8238482384823849 0.42190305206463197 0.005420054200542005 0.003590664272890485
0 0.9065040650406504 0.40933572710951527 0.02981029810298103 0.003590664272890485
0 0.983739837398374 0.2612208258527828 0.032520325203252036 0.04847396768402154
0 0.983739837398374 0.22621184919210055 0.032520325203252036 0.017953321364452424
0 0.9579945799457995 0.20287253141831238 0.013550135501355014 0.003590664272890485
0 0.989159891598916 0.20646319569120286 0.02168021680216802 0.017953321364452424
0 0.994579945799458 0.19210053859964094 0.01084010840108401 0.00718132854578097
0 0.959349593495935 0.18312387791741472 0.01084010840108401 0.003590664272890485
0 0.9186991869918699 0.18312387791741472 0.02710027100271003 0.003590664272890485
0 0.9959349593495935 0.18312387791741472 0.008130081300813009 0.00718132854578097
0 0.9512195121951219 0.16427289048473967 0.02168021680216802 0.0017953321364452424
0 0.959349593495935 0.14542190305206462 0.01084010840108401 0.003590664272890485
0 0.5 0.5368043087971275 1.0 0.8114901256732495
0 0.024390243902439025 0.12208258527827648 0.04878048780487805 0.010771992818671455
0 0.6084010840108401 0.08348294434470377 0.02981029810298103 0.02333931777378815
0 0.559620596205962 0.07271095152603231 0.008130081300813009 0.019748653500897665
0 0.6097560975609756 0.05296229802513465 0.005420054200542005 0.005385996409335727
0 0.5623306233062331 0.05475763016157989 0.013550135501355014 0.012567324955116697
0 0.5880758807588076 0.0466786355475763 0.01084010840108401 0.003590664272890485
0 0.6856368563685636 0.06822262118491922 0.05420054200542006 0.07899461400359066
0 0.4010840108401084 0.06822262118491922 0.28184281842818426 0.07899461400359066
0 0.5013550135501355 0.00718132854578097 0.5420054200542005 0.01436265709156194
