0 0.0030864197530864196 0.9915824915824916 0.006172839506172839 0.016835016835016835
0 0.5787037037037037 0.9158249158249159 0.021604938271604937 0.026936026936026935
0 0.5385802469135802 0.9191919191919192 0.05246913580246913 0.06060606060606061
0 0.5447530864197531 0.8872053872053872 0.009259259259259259 0.003367003367003367
0 0.27469135802469136 0.8114478114478114 0.024691358024691357 0.020202020202020204
0 0.05246913580246913 0.8013468013468014 0.04938271604938271 0.013468013468013467
0 0.010802469135802469 0.797979797979798 0.021604938271604937 0.013468013468013467
0 0.23148148148148148 0.7895622895622896 0.006172839506172839 0.003367003367003367
0 0.15895061728395063 0.7845117845117845 0.12037037037037036 0.08080808080808081
0 0.016975308641975308 0.4208754208754209 0.033950617283950615 0.16161616161616163
0 0.875 0.34175084175084175 0.021604938271604937 0.010101010101010102
0 0.6743827160493827 0.3164983164983165 0.0030864197530864196 0.006734006734006734
0 0.8317901234567902 0.2878787878787879 0.0030864197530864196 0.003367003367003367
0 0.5169753086419753 0.6414141414141414 0.9660493827160493 0.7171717171717171
0 0.7669753086419753 0.28619528619528617 0.10802469135802469 0.006734006734006734
0 0.6234567901234568 0.2878787878787879 0.15432098765432098 0.010101010101010102
0 0.45524691358024694 0.28619528619528617 0.046296296296296294 0.013468013468013467
0 0.9660493827160493 0.2676767676767677 0.006172839506172839 0.003367003367003367
0 0.8518518518518519 0.2239057239057239 0.006172839506172839 0.003367003367003367
0 0.7669753086419753 0.2239057239057239 0.009259259259259259 0.010101010101010102
0 0.6805555555555556 0.2239057239057239 0.009259259259259259 0.010101010101010102
0 0.7253086419753086 0.22727272727272727 0.037037037037037035 0.030303030303030304
0 0.683641975308642 0.19023569023569023 0.0030864197530864196 0.003367003367003367
0 0.8549382716049383 0.18855218855218855 0.006172839506172839 0.006734006734006734
0 0.7685185185185185 0.18855218855218855 0.006172839506172839 0.006734006734006734
0 0.7098765432098766 0.18855218855218855 0.012345679012345678 0.006734006734006734
0 0.8070987654320988 0.21212121212121213 0.027777777777777776 0.06060606060606061
0 0.8950617283950617 0.21212121212121213 0.043209876543209874 0.06734006734006734
0 0.6342592592592593 0.2138047138047138 0.027777777777777776 0.0707070707070707
0 0.44907407407407407 0.1531986531986532 0.027777777777777776 0.016835016835016835
0 0.32098765432098764 0.10774410774410774 0.018518518518518517 0.020202020202020204
0 0.5879629629629629 0.13804713804713806 0.7993827160493827 0.24242424242424243
0 0.5231481481481481 0.016835016835016835 0.021604938271604937 0.020202020202020204
0 0.5725308641975309 0.011784511784511785 0.009259259259259259 0.02356902356902357
0 0.4074074074074074 0.006734006734006734 0.012345679012345678 0.013468013468013467
0 0.37191358024691357 0.006734006734006734 0.015432098765432098 0.013468013468013467
0 0.3395061728395062 0.005050505050505051 0.012345679012345678 0.010101010101010102
0 0.28703703703703703 0.006734006734006734 0.018518518518518517 0.013468013468013467
