0 0.23892773892773891 0.9936363636363637 0.030303030303030304 0.012727272727272728
0 0.44988344988344986 0.9918181818181818 0.046620046620046623 0.016363636363636365
0 0.824009324009324 0.7727272727272727 0.002331002331002331 0.0036363636363636364
0 0.6305361305361306 0.7527272727272727 0.006993006993006993 0.007272727272727273
0 0.6585081585081585 0.7518181818181818 0.011655011655011656 0.00909090909090909
0 0.5874125874125874 0.7554545454545455 0.03263403263403263 0.02
0 0.5582750582750583 0.73 0.006993006993006993 0.005454545454545455
0 0.7272727272727273 0.73 0.009324009324009324 0.00909090909090909
0 0.9988344988344988 0.7190909090909091 0.002331002331002331 0.005454545454545455
0 0.8951048951048951 0.72 0.009324009324009324 0.01090909090909091
0 0.46503496503496505 0.7009090909090909 0.011655011655011656 0.00909090909090909
0 0.8892773892773893 0.7009090909090909 0.02097902097902098 0.02
0 0.4976689976689977 0.6809090909090909 0.002331002331002331 0.0018181818181818182
0 0.6888111888111889 0.6790909090909091 0.011655011655011656 0.00909090909090909
0 0.8811188811188811 0.6781818181818182 0.023310023310023312 0.01090909090909091
0 0.5606060606060606 0.66 0.006993006993006993 0.0036363636363636364
0 0.5501165501165501 0.8054545454545454 0.7972027972027972 0.29818181818181816
0 0.578088578088578 0.6981818181818182 0.18181818181818182 0.08727272727272728
0 0.8822843822843823 0.6536363636363637 0.002331002331002331 0.0018181818181818182
0 0.717948717948718 0.6836363636363636 0.03263403263403263 0.06181818181818182
0 0.7983682983682984 0.6790909090909091 0.09090909090909091 0.056363636363636366
0 0.9918414918414918 0.6772727272727272 0.016317016317016316 0.056363636363636366
0 0.9393939393939394 0.6763636363636364 0.027972027972027972 0.05454545454545454
0 0.0675990675990676 0.62 0.009324009324009324 0.0036363636363636364
0 0.06876456876456877 0.5772727272727273 0.006993006993006993 0.005454545454545455
0 0.019813519813519812 0.24454545454545454 0.039627039627039624 0.012727272727272728
0 0.9778554778554779 0.41818181818181815 0.04428904428904429 0.4109090909090909
0 0.541958041958042 0.21545454545454545 0.02564102564102564 0.012727272727272728
0 0.9918414918414918 0.17363636363636364 0.016317016317016316 0.00909090909090909
0 0.479020979020979 0.3463636363636364 0.958041958041958 0.5872727272727273
0 0.7937062937062938 0.017272727272727273 0.07692307692307693 0.034545454545454546
0 0.047785547785547784 0.0018181818181818182 0.006993006993006993 0.0036363636363636364
0 0.009324009324009324 0.0009090909090909091 0.004662004662004662 0.0018181818181818182
