0 0.40463917525773196 0.9792452830188679 0.02577319587628866 0.04150943396226415
0 0.45489690721649484 0.9735849056603774 0.04381443298969072 0.052830188679245285
0 0.7474226804123711 0.9471698113207547 0.005154639175257732 0.007547169811320755
0 0.5682989690721649 0.969811320754717 0.028350515463917526 0.06037735849056604
0 0.5103092783505154 0.969811320754717 0.041237113402061855 0.06037735849056604
0 0.7087628865979382 0.9622641509433962 0.08762886597938144 0.07547169811320754
0 0.7010309278350515 0.9264150943396227 0.010309278350515464 0.011320754716981131
0 0.4690721649484536 0.9150943396226415 0.041237113402061855 0.011320754716981131
0 0.42396907216494845 0.9169811320754717 0.023195876288659795 0.01509433962264151
0 0.5824742268041238 0.9452830188679245 0.13917525773195877 0.10943396226415095
0 0.7938144329896907 0.939622641509434 0.05154639175257732 0.12075471698113208
0 0.5128865979381443 0.8547169811320755 0.010309278350515464 0.011320754716981131
0 0.5347938144329897 0.8301886792452831 0.002577319587628866 0.007547169811320755
0 0.2925257731958763 0.7716981132075472 0.002577319587628866 0.0037735849056603774
0 0.28865979381443296 0.7547169811320755 0.010309278350515464 0.007547169811320755
0 0.04896907216494845 0.6886792452830188 0.005154639175257732 0.0037735849056603774
0 0.2693298969072165 0.7132075471698113 0.04896907216494845 0.09056603773584905
0 0.44329896907216493 0.6830188679245283 0.015463917525773196 0.03773584905660377
0 0.05025773195876289 0.6679245283018868 0.007731958762886598 0.007547169811320755
0 0.5154639175257731 0.6528301886792452 0.005154639175257732 0.007547169811320755
0 0.43943298969072164 0.6547169811320754 0.01288659793814433 0.011320754716981131
0 0.5103092783505154 0.5471698113207547 0.005154639175257732 0.007547169811320755
0 0.4832474226804124 0.5056603773584906 0.01804123711340206 0.007547169811320755
0 0.9974226804123711 0.4547169811320755 0.005154639175257732 0.0037735849056603774
0 0.9832474226804123 0.4547169811320755 0.007731958762886598 0.0037735849056603774
0 0.028350515463917526 0.3490566037735849 0.05670103092783505 0.018867924528301886
0 0.024484536082474227 0.3132075471698113 0.04896907216494845 0.03018867924528302
0 0.029639175257731958 0.19811320754716982 0.059278350515463915 0.18490566037735848
0 0.4884020618556701 0.4716981132075472 0.9768041237113402 0.8301886792452831
0 0.7036082474226805 0.022641509433962263 0.08247422680412371 0.045283018867924525
0 0.595360824742268 0.03962264150943396 0.44329896907216493 0.07924528301886792
