0 0.5411311053984575 0.981203007518797 0.028277634961439587 0.03759398496240601
0 0.4948586118251928 0.981203007518797 0.017994858611825194 0.03759398496240601
0 0.4383033419023136 0.981203007518797 0.04884318766066838 0.03759398496240601
0 0.7030848329048843 0.9793233082706767 0.043701799485861184 0.041353383458646614
0 0.6491002570694088 0.9774436090225563 0.017994858611825194 0.045112781954887216
0 0.6748071979434447 0.956766917293233 0.007712082262210797 0.011278195488721804
0 0.6748071979434447 0.05451127819548872 0.017994858611825194 0.011278195488721804
0 0.5 0.4680451127819549 1.0 0.8383458646616542
0 0.6683804627249358 0.016917293233082706 0.010282776349614395 0.018796992481203006
0 0.7712082262210797 0.043233082706766915 0.056555269922879174 0.08646616541353383
0 0.7043701799485861 0.03195488721804511 0.04627249357326478 0.06390977443609022
0 0.6478149100257069 0.02819548872180451 0.010282776349614395 0.05639097744360902
0 0.538560411311054 0.016917293233082706 0.012853470437017995 0.03383458646616541
0 0.4755784061696658 0.016917293233082706 0.04113110539845758 0.03383458646616541
0 0.42930591259640105 0.013157894736842105 0.04627249357326478 0.02631578947368421
0 0.493573264781491 0.039473684210526314 0.27249357326478146 0.07894736842105263
