0 0.6856368563685636 0.9822134387351779 0.016260162601626018 0.019762845849802372
0 0.505420054200542 0.9822134387351779 0.024390243902439025 0.03557312252964427
0 0.6192411924119241 0.9723320158102767 0.013550135501355014 0.023715415019762844
0 0.453929539295393 0.9802371541501976 0.051490514905149054 0.039525691699604744
0 0.3970189701897019 0.9802371541501976 0.024390243902439025 0.039525691699604744
0 0.3807588075880759 0.9664031620553359 0.008130081300813009 0.011857707509881422
0 0.510840108401084 0.49407114624505927 0.978319783197832 0.766798418972332
0 0.009485094850948509 0.48221343873517786 0.018970189701897018 0.7747035573122529
0 0.6897018970189702 0.0533596837944664 0.013550135501355014 0.02766798418972332
0 0.6666666666666666 0.025691699604743084 0.016260162601626018 0.05138339920948617
0 0.6368563685636857 0.037549407114624504 0.04878048780487805 0.07509881422924901
0 0.502710027100271 0.029644268774703556 0.02981029810298103 0.05928853754940711
0 0.45799457994579945 0.03162055335968379 0.016260162601626018 0.06324110671936758
0 0.4024390243902439 0.03162055335968379 0.056910569105691054 0.06324110671936758
