0 0.46946564885496184 0.9925650557620818 0.01272264631043257 0.01486988847583643
0 0.494910941475827 0.983271375464684 0.002544529262086514 0.0037174721189591076
0 0.4262086513994911 0.9758364312267658 0.01272264631043257 0.026022304832713755
0 0.31806615776081426 0.9795539033457249 0.02544529262086514 0.040892193308550186
0 0.4758269720101781 0.9591078066914498 0.005089058524173028 0.007434944237918215
0 0.27353689567430023 0.9776951672862454 0.017811704834605598 0.04460966542750929
0 0.21501272264631044 0.9758364312267658 0.03816793893129771 0.048327137546468404
0 0.9860050890585241 0.8475836431226765 0.027989821882951654 0.01486988847583643
0 0.989821882951654 0.8066914498141264 0.020356234096692113 0.01486988847583643
0 0.05343511450381679 0.7713754646840149 0.020356234096692113 0.011152416356877323
0 0.9974554707379135 0.7639405204460966 0.005089058524173028 0.0037174721189591076
0 0.21119592875318066 0.7527881040892194 0.005089058524173028 0.0037174721189591076
0 0.1946564885496183 0.7546468401486989 0.01272264631043257 0.01486988847583643
0 0.15521628498727735 0.7527881040892194 0.005089058524173028 0.011152416356877323
0 0.089058524173028 0.7509293680297398 0.005089058524173028 0.007434944237918215
0 0.17302798982188294 0.7509293680297398 0.010178117048346057 0.01486988847583643
0 0.062340966921119595 0.7490706319702602 0.027989821882951654 0.011152416356877323
0 0.7913486005089059 0.6784386617100372 0.005089058524173028 0.0037174721189591076
0 0.45674300254452926 0.6394052044609665 0.017811704834605598 0.007434944237918215
0 0.5089058524173028 0.6394052044609665 0.07633587786259542 0.01486988847583643
0 0.9287531806615776 0.6394052044609665 0.015267175572519083 0.022304832713754646
0 0.48346055979643765 0.7490706319702602 0.9007633587786259 0.2788104089219331
0 0.7633587786259542 0.5446096654275093 0.005089058524173028 0.0037174721189591076
0 0.8549618320610687 0.5427509293680297 0.16793893129770993 0.02973977695167286
0 0.8549618320610687 0.5037174721189591 0.17302798982188294 0.026022304832713755
0 0.8587786259541985 0.46654275092936803 0.17048346055979643 0.03345724907063197
0 0.04580152671755725 0.42193308550185876 0.010178117048346057 0.011152416356877323
0 0.6730279898218829 0.3847583643122677 0.002544529262086514 0.0037174721189591076
0 0.6895674300254453 0.3828996282527881 0.010178117048346057 0.007434944237918215
0 0.6335877862595419 0.3828996282527881 0.010178117048346057 0.007434944237918215
0 0.5903307888040712 0.09665427509293681 0.005089058524173028 0.01486988847583643
0 0.5 0.34944237918215615 0.9287531806615776 0.5278810408921933
0 0.5114503816793893 0.08364312267657993 0.020356234096692113 0.011152416356877323
0 0.5190839694656488 0.05762081784386617 0.005089058524173028 0.0037174721189591076
0 0.5534351145038168 0.06691449814126393 0.017811704834605598 0.02973977695167286
0 0.48982188295165396 0.05390334572490706 0.017811704834605598 0.055762081784386616
0 0.6234096692111959 0.05018587360594796 0.015267175572519083 0.10037174721189591
0 0.5597964376590331 0.0055762081784386614 0.005089058524173028 0.011152416356877323
0 0.5381679389312977 0.027881040892193308 0.022900763358778626 0.055762081784386616
0 0.49236641221374045 0.0055762081784386614 0.01272264631043257 0.011152416356877323
0 0.38295165394402036 0.03717472118959108 0.027989821882951654 0.07434944237918216
0 0.3193384223918575 0.040892193308550186 0.043256997455470736 0.08178438661710037
0 0.27099236641221375 0.040892193308550186 0.027989821882951654 0.08178438661710037
0 0.33078880407124683 0.06319702602230483 0.2697201017811705 0.12639405204460966
