0 0.458955223880597 0.9945454545454545 0.012437810945273632 0.01090909090909091
0 0.4900497512437811 0.9836363636363636 0.03482587064676617 0.03272727272727273
0 0.5211442786069652 0.9545454545454546 0.0024875621890547263 0.0036363636363636364
0 0.4651741293532338 0.9472727272727273 0.009950248756218905 0.01090909090909091
0 0.4900497512437811 0.9436363636363636 0.009950248756218905 0.01090909090909091
0 0.513681592039801 0.9363636363636364 0.007462686567164179 0.01090909090909091
0 0.5485074626865671 0.9618181818181818 0.007462686567164179 0.07636363636363637
0 0.47885572139303484 0.9254545454545454 0.012437810945273632 0.01818181818181818
0 0.4502487562189055 0.9581818181818181 0.024875621890547265 0.08363636363636363
0 0.33955223880597013 0.9545454545454546 0.03233830845771144 0.08363636363636363
0 0.2873134328358209 0.9472727272727273 0.0472636815920398 0.08363636363636363
0 0.2300995024875622 0.9454545454545454 0.03233830845771144 0.08727272727272728
0 0.572139303482587 0.9454545454545454 0.04477611940298507 0.10909090909090909
0 0.2960199004975124 0.9272727272727272 0.2736318407960199 0.14545454545454545
0 0.007462686567164179 0.2672727272727273 0.014925373134328358 0.01090909090909091
0 0.008706467661691543 0.22363636363636363 0.017412935323383085 0.01090909090909091
0 0.007462686567164179 0.20909090909090908 0.014925373134328358 0.01090909090909091
0 0.007462686567164179 0.05818181818181818 0.014925373134328358 0.02909090909090909
0 0.5 0.4690909090909091 1.0 0.8872727272727273
0 0.4975124378109453 0.02909090909090909 0.01990049751243781 0.014545454545454545
0 0.4962686567164179 0.007272727272727273 0.022388059701492536 0.014545454545454545
0 0.4490049751243781 0.016363636363636365 0.0472636815920398 0.03272727272727273
0 0.3644278606965174 0.034545454545454546 0.43532338308457713 0.06909090909090909
