0 0.4369114877589454 0.9936507936507937 0.026365348399246705 0.012698412698412698
0 0.711864406779661 0.9888888888888889 0.007532956685499058 0.015873015873015872
0 0.9227871939736346 0.9888888888888889 0.14689265536723164 0.022222222222222223
0 0.6337099811676082 0.9761904761904762 0.005649717514124294 0.015873015873015872
0 0.6770244821092278 0.9634920634920635 0.032015065913371 0.04126984126984127
0 0.6704331450094162 0.9349206349206349 0.022598870056497175 0.022222222222222223
0 0.5150659133709982 0.946031746031746 0.032015065913371 0.06349206349206349
0 0.4726930320150659 0.9476190476190476 0.03389830508474576 0.06666666666666667
0 0.556497175141243 0.9428571428571428 0.02071563088512241 0.06349206349206349
0 0.6459510357815442 0.946031746031746 0.030131826741996232 0.08253968253968254
0 0.6563088512241054 0.9079365079365079 0.01694915254237288 0.012698412698412698
0 0.5433145009416196 0.9428571428571428 0.15254237288135594 0.11428571428571428
0 0.7382297551789078 0.9333333333333333 0.015065913370998116 0.12063492063492064
0 0.00847457627118644 0.8126984126984127 0.01694915254237288 0.031746031746031744
0 0.005649717514124294 0.32857142857142857 0.011299435028248588 0.047619047619047616
0 0.5235404896421846 0.4253968253968254 0.9529190207156308 0.8507936507936508
