0 0.40046296296296297 0.9927667269439421 0.004629629629629629 0.003616636528028933
0 0.4224537037037037 0.9936708860759493 0.016203703703703703 0.012658227848101266
0 0.6342592592592593 0.9773960216998192 0.004629629629629629 0.0054249547920434
0 0.5243055555555556 0.9801084990958409 0.016203703703703703 0.018083182640144666
0 0.41782407407407407 0.9783001808318263 0.011574074074074073 0.014466546112115732
0 0.3611111111111111 0.984629294755877 0.013888888888888888 0.03074141048824593
0 0.7696759259259259 0.9819168173598554 0.006944444444444444 0.03616636528028933
0 0.5821759259259259 0.9801084990958409 0.04398148148148148 0.039783001808318265
0 0.9988425925925926 0.7468354430379747 0.0023148148148148147 0.007233273056057866
0 0.008101851851851851 0.6211573236889693 0.016203703703703703 0.0162748643761302
0 0.9837962962962963 0.4132007233273056 0.032407407407407406 0.059674502712477394
0 0.11458333333333333 0.30018083182640143 0.0023148148148148147 0.003616636528028933
0 0.96875 0.21066907775768534 0.04398148148148148 0.012658227848101266
0 0.08796296296296297 0.1962025316455696 0.12037037037037036 0.0379746835443038
0 0.45717592592592593 0.17269439421338156 0.0023148148148148147 0.0018083182640144665
0 0.5 0.47468354430379744 1.0 0.9095840867992767
0 0.14699074074074073 0.007233273056057866 0.07175925925925926 0.014466546112115732
