0 0.5455298013245033 0.946165191740413 0.0016556291390728477 0.0014749262536873156
0 0.5240066225165563 0.946165191740413 0.008278145695364239 0.0014749262536873156
0 0.9975165562913907 0.946165191740413 0.004966887417218543 0.004424778761061947
0 0.5132450331125827 0.9424778761061947 0.0033112582781456954 0.0029498525073746312
0 0.554635761589404 0.9365781710914455 0.009933774834437087 0.014749262536873156
0 0.5422185430463576 0.9306784660766961 0.008278145695364239 0.008849557522123894
0 0.5587748344370861 0.9196165191740413 0.0016556291390728477 0.0014749262536873156
0 0.515728476821192 0.9240412979351033 0.008278145695364239 0.019174041297935103
0 0.5314569536423841 0.9129793510324484 0.006622516556291391 0.0029498525073746312
0 0.5869205298013245 0.9269911504424779 0.03145695364238411 0.05752212389380531
0 0.41721854304635764 0.9269911504424779 0.16556291390728478 0.05752212389380531
0 0.8824503311258278 0.8672566371681416 0.013245033112582781 0.0029498525073746312
0 0.7889072847682119 0.7935103244837758 0.004966887417218543 0.0029498525073746312
0 0.8021523178807947 0.7905604719764012 0.004966887417218543 0.0029498525073746312
0 0.7160596026490066 0.8259587020648967 0.018211920529801324 0.07669616519174041
0 0.9627483443708609 0.8222713864306784 0.028145695364238412 0.08112094395280237
0 0.4230132450331126 0.7831858407079646 0.008278145695364239 0.0029498525073746312
0 0.019867549668874173 0.7765486725663717 0.016556291390728478 0.0014749262536873156
0 0.023178807947019868 0.7699115044247787 0.029801324503311258 0.0058997050147492625
0 0.030629139072847682 0.7625368731563422 0.018211920529801324 0.0029498525073746312
0 0.024006622516556293 0.7529498525073747 0.03145695364238411 0.004424778761061947
0 0.022350993377483443 0.7463126843657817 0.0347682119205298 0.0058997050147492625
0 0.019867549668874173 0.7367256637168141 0.006622516556291391 0.0014749262536873156
0 0.012417218543046357 0.7367256637168141 0.0016556291390728477 0.0014749262536873156
0 0.6564569536423841 0.7323008849557522 0.008278145695364239 0.004424778761061947
0 0.024006622516556293 0.7293510324483776 0.024834437086092714 0.0014749262536873156
0 0.7201986754966887 0.7300884955752213 0.019867549668874173 0.0058997050147492625
0 0.7144039735099338 0.721976401179941 0.008278145695364239 0.004424778761061947
0 0.02152317880794702 0.7212389380530974 0.029801324503311258 0.0058997050147492625
0 0.5711920529801324 0.7168141592920354 0.06622516556291391 0.0058997050147492625
0 0.6622516556291391 0.7182890855457227 0.033112582781456956 0.011799410029498525
0 0.014900662251655629 0.7138643067846607 0.016556291390728478 0.0029498525073746312
0 0.6283112582781457 0.7072271386430679 0.004966887417218543 0.0014749262536873156
0 0.6440397350993378 0.7064896755162242 0.009933774834437087 0.0029498525073746312
0 0.020695364238410598 0.7042772861356932 0.03145695364238411 0.004424778761061947
0 0.6382450331125827 0.6991150442477876 0.024834437086092714 0.0029498525073746312
0 0.5951986754966887 0.6991150442477876 0.04470198675496689 0.0058997050147492625
0 0.016556291390728478 0.6976401179941003 0.023178807947019868 0.0029498525073746312
0 0.7028145695364238 0.7050147492625368 0.061258278145695365 0.02064896755162242
0 0.6390728476821192 0.6924778761061947 0.0033112582781456954 0.0014749262536873156
0 0.6713576158940397 0.6917404129793511 0.004966887417218543 0.0029498525073746312
0 0.5993377483443708 0.6924778761061947 0.013245033112582781 0.004424778761061947
0 0.023178807947019868 0.68952802359882 0.029801324503311258 0.004424778761061947
0 0.6870860927152318 0.6924778761061947 0.039735099337748346 0.016224188790560472
0 0.7127483443708609 0.6843657817109144 0.004966887417218543 0.0029498525073746312
0 0.6399006622516556 0.6836283185840708 0.008278145695364239 0.0014749262536873156
0 0.5389072847682119 0.6851032448377581 0.057947019867549666 0.007374631268436578
0 0.8394039735099338 0.6607669616519174 0.039735099337748346 0.011799410029498525
0 0.8981788079470199 0.6541297935103245 0.011589403973509934 0.007374631268436578
0 0.9610927152317881 0.609882005899705 0.048013245033112585 0.09292035398230089
0 0.09933774834437085 0.5420353982300885 0.0033112582781456954 0.0014749262536873156
0 0.39155629139072845 0.726401179941003 0.7831125827814569 0.4026548672566372
0 0.0033112582781456954 0.5176991150442478 0.006622516556291391 0.0029498525073746312
0 0.26655629139072845 0.5184365781710915 0.49337748344370863 0.007374631268436578
0 0.6374172185430463 0.5154867256637168 0.2152317880794702 0.007374631268436578
0 0.8774834437086093 0.5110619469026548 0.009933774834437087 0.0014749262536873156
0 0.006622516556291391 0.5022123893805309 0.013245033112582781 0.0014749262536873156
0 0.38741721854304634 0.5022123893805309 0.7218543046357616 0.01327433628318584
0 0.3832781456953642 0.48525073746312686 0.7268211920529801 0.014749262536873156
0 0.03145695364238411 0.46976401179941 0.0033112582781456954 0.0014749262536873156
0 0.3923841059602649 0.4668141592920354 0.7086092715231788 0.016224188790560472
0 0.08940397350993377 0.45353982300884954 0.006622516556291391 0.0014749262536873156
0 0.18294701986754966 0.39011799410029496 0.004966887417218543 0.004424778761061947
0 0.19039735099337748 0.35988200589970504 0.026490066225165563 0.017699115044247787
0 0.21688741721854304 0.3414454277286136 0.0033112582781456954 0.0014749262536873156
0 0.2119205298013245 0.33997050147492625 0.0033112582781456954 0.0014749262536873156
0 0.1183774834437086 0.3325958702064897 0.018211920529801324 0.01032448377581121
0 0.10264900662251655 0.3274336283185841 0.006622516556291391 0.0029498525073746312
0 0.7980132450331126 0.3200589970501475 0.0033112582781456954 0.0029498525073746312
0 0.18294701986754966 0.32669616519174044 0.014900662251655629 0.016224188790560472
0 0.06456953642384106 0.3200589970501475 0.013245033112582781 0.014749262536873156
0 0.14072847682119205 0.3185840707964602 0.046357615894039736 0.035398230088495575
0 0.8145695364238411 0.3008849557522124 0.013245033112582781 0.011799410029498525
0 0.15728476821192053 0.28761061946902655 0.006622516556291391 0.0029498525073746312
0 0.4958609271523179 0.3635693215339233 0.9917218543046358 0.1873156342182891
0 0.42218543046357615 0.26253687315634217 0.013245033112582781 0.0058997050147492625
0 0.9172185430463576 0.2581120943952802 0.04304635761589404 0.0058997050147492625
0 0.6655629139072847 0.2603244837758112 0.4470198675496689 0.01032448377581121
0 0.43874172185430466 0.2485250737463127 0.016556291390728478 0.007374631268436578
0 0.7019867549668874 0.24557522123893805 0.49337748344370863 0.01327433628318584
0 0.015728476821192054 0.23377581120943952 0.011589403973509934 0.004424778761061947
0 0.6995033112582781 0.23008849557522124 0.5016556291390728 0.014749262536873156
0 0.020695364238410598 0.21607669616519173 0.011589403973509934 0.004424778761061947
0 0.6134105960264901 0.21312684365781712 0.004966887417218543 0.004424778761061947
0 0.5736754966887417 0.21312684365781712 0.041390728476821195 0.007374631268436578
0 0.49503311258278143 0.21386430678466076 0.0695364238410596 0.008849557522123894
0 0.7855960264900662 0.21091445427728614 0.3294701986754967 0.011799410029498525
0 0.14072847682119205 0.19837758112094395 0.006622516556291391 0.0014749262536873156
0 0.11009933774834436 0.19911504424778761 0.014900662251655629 0.0029498525073746312
0 0.076158940397351 0.19911504424778761 0.026490066225165563 0.0029498525073746312
0 0.02566225165562914 0.19911504424778761 0.028145695364238412 0.0058997050147492625
0 0.024006622516556293 0.19100294985250738 0.0016556291390728477 0.0014749262536873156
0 0.7094370860927153 0.193952802359882 0.5115894039735099 0.01327433628318584
0 0.13741721854304637 0.1836283185840708 0.12251655629139073 0.004424778761061947
0 0.026490066225165563 0.1836283185840708 0.023178807947019868 0.004424778761061947
0 0.3650662251655629 0.18141592920353983 0.011589403973509934 0.0029498525073746312
0 0.271523178807947 0.18215339233038347 0.1423841059602649 0.004424778761061947
0 0.39403973509933776 0.18067846607669616 0.039735099337748346 0.004424778761061947
0 0.5198675496688742 0.17994100294985252 0.1456953642384106 0.0058997050147492625
0 0.6465231788079471 0.17846607669616518 0.054635761589403975 0.0058997050147492625
0 0.8245033112582781 0.1762536873156342 0.26490066225165565 0.01032448377581121
0 0.6150662251655629 0.16445427728613568 0.12086092715231789 0.01032448377581121
0 0.5355960264900662 0.02359882005899705 0.004966887417218543 0.0029498525073746312
0 0.5670529801324503 0.015486725663716814 0.004966887417218543 0.004424778761061947
0 0.5877483443708609 0.019174041297935103 0.0033112582781456954 0.017699115044247787
0 0.554635761589404 0.0007374631268436578 0.0033112582781456954 0.0014749262536873156
0 0.45778145695364236 0.008849557522123894 0.004966887417218543 0.017699115044247787
0 0.43129139072847683 0.009587020648967551 0.011589403973509934 0.019174041297935103
0 0.41307947019867547 0.009587020648967551 0.008278145695364239 0.019174041297935103
0 0.38990066225165565 0.008849557522123894 0.004966887417218543 0.017699115044247787
0 0.4966887417218543 0.08628318584070796 0.9933774834437086 0.17256637168141592
