0 0.5394922425952046 0.9980952380952381 0.0014104372355430183 0.0038095238095238095
0 0.573342736248237 0.9895238095238095 0.004231311706629055 0.013333333333333334
0 0.39774330042313116 0.9885714285714285 0.00846262341325811 0.022857142857142857
0 0.4689703808180536 0.9876190476190476 0.012693935119887164 0.024761904761904763
0 0.44287729196050774 0.9876190476190476 0.014104372355430184 0.024761904761904763
0 0.4245416078984485 0.9876190476190476 0.00846262341325811 0.024761904761904763
0 0.9619181946403385 0.7552380952380953 0.0028208744710860366 0.0019047619047619048
0 0.07334273624823695 0.6257142857142857 0.06770098730606489 0.2419047619047619
0 0.9830747531734838 0.23809523809523808 0.0028208744710860366 0.0038095238095238095
0 0.997179125528914 0.2257142857142857 0.005641748942172073 0.0019047619047619048
0 0.9964739069111425 0.2 0.007052186177715092 0.007619047619047619
0 0.5 0.4828571428571429 1.0 0.9047619047619048
