0 0.3287435456110155 0.9465579710144928 0.0034423407917383822 0.0018115942028985507
0 0.3889845094664372 0.9375 0.0068846815834767644 0.0018115942028985507
0 0.9913941480206541 0.9365942028985508 0.01721170395869191 0.007246376811594203
0 0.7504302925989673 0.8369565217391305 0.0034423407917383822 0.0036231884057971015
0 0.6764199655765921 0.9003623188405797 0.6437177280550774 0.15942028985507245
0 0.995697074010327 0.7753623188405797 0.008605851979345954 0.0036231884057971015
0 0.4664371772805508 0.7608695652173914 0.013769363166953529 0.0036231884057971015
0 0.008605851979345954 0.8432971014492754 0.01721170395869191 0.1793478260869565
0 0.9586919104991394 0.7536231884057971 0.0034423407917383822 0.0036231884057971015
0 0.45438898450946646 0.75 0.013769363166953529 0.0036231884057971015
0 0.0034423407917383822 0.7472826086956522 0.0068846815834767644 0.009057971014492754
0 0.44320137693631667 0.7382246376811594 0.012048192771084338 0.005434782608695652
0 0.0034423407917383822 0.7355072463768116 0.0068846815834767644 0.007246376811594203
0 0.4259896729776248 0.7264492753623188 0.022375215146299483 0.007246376811594203
0 0.0051635111876075735 0.7246376811594203 0.0034423407917383822 0.0036231884057971015
0 0.4079173838209983 0.7155797101449275 0.020654044750430294 0.007246376811594203
0 0.0051635111876075735 0.7137681159420289 0.0034423407917383822 0.0036231884057971015
0 0.0034423407917383822 0.7010869565217391 0.0068846815834767644 0.007246376811594203
0 0.387263339070568 0.6847826086956522 0.0068846815834767644 0.0036231884057971015
0 0.0051635111876075735 0.6793478260869565 0.010327022375215147 0.03260869565217391
0 0.5490533562822719 0.6440217391304348 0.0034423407917383822 0.0018115942028985507
0 0.5929432013769363 0.6440217391304348 0.01549053356282272 0.005434782608695652
0 0.5636833046471601 0.6440217391304348 0.022375215146299483 0.005434782608695652
0 0.53184165232358 0.6431159420289855 0.0068846815834767644 0.0036231884057971015
0 0.6798623063683304 0.644927536231884 0.14802065404475043 0.014492753623188406
0 0.9965576592082617 0.6286231884057971 0.0068846815834767644 0.0036231884057971015
0 0.7839931153184165 0.6177536231884058 0.008605851979345954 0.0036231884057971015
0 0.9845094664371773 0.6168478260869565 0.03098106712564544 0.009057971014492754
0 0.006024096385542169 0.5833333333333334 0.012048192771084338 0.11956521739130435
0 0.0008605851979345956 0.45018115942028986 0.0017211703958691911 0.005434782608695652
0 0.6032702237521514 0.3695652173913043 0.008605851979345954 0.010869565217391304
0 0.28657487091222034 0.27717391304347827 0.008605851979345954 0.010869565217391304
0 0.33648881239242684 0.22010869565217392 0.0017211703958691911 0.0018115942028985507
0 0.4268502581755594 0.24456521739130435 0.08261617900172118 0.12681159420289856
0 0.3003442340791738 0.1621376811594203 0.03614457831325301 0.019927536231884056
0 0.36660929432013767 0.15307971014492755 0.0068846815834767644 0.005434782608695652
0 0.4612736660929432 0.07608695652173914 0.08261617900172118 0.014492753623188406
0 0.6187607573149742 0.03260869565217391 0.01549053356282272 0.021739130434782608
0 0.5989672977624785 0.022644927536231884 0.01721170395869191 0.016304347826086956
0 0.035283993115318414 0.01177536231884058 0.07056798623063683 0.009057971014492754
0 0.5034423407917383 0.4746376811594203 0.9931153184165232 0.9492753623188406
