0 0.5434108527131783 0.9989539748953975 0.0015503875968992248 0.0020920502092050207
0 0.5767441860465117 0.9895397489539749 0.0031007751937984496 0.008368200836820083
0 0.4728682170542636 0.9874476987447699 0.012403100775193798 0.02510460251046025
0 0.448062015503876 0.9874476987447699 0.012403100775193798 0.02510460251046025
0 0.42868217054263563 0.9874476987447699 0.007751937984496124 0.02510460251046025
0 0.40232558139534885 0.9874476987447699 0.010852713178294573 0.02510460251046025
0 0.9852713178294573 0.74581589958159 0.02945736434108527 0.0020920502092050207
0 0.02945736434108527 0.6924686192468619 0.006201550387596899 0.0041841004184100415
0 0.027906976744186046 0.6799163179916318 0.006201550387596899 0.0041841004184100415
0 0.03798449612403101 0.6391213389121339 0.004651162790697674 0.0020920502092050207
0 0.04883720930232558 0.6171548117154811 0.06666666666666667 0.1799163179916318
0 0.5 0.4874476987447699 1.0 0.895397489539749
0 0.4 0.012552301255230125 0.012403100775193798 0.0041841004184100415
0 0.3697674418604651 0.007322175732217573 0.04186046511627907 0.014644351464435146
