0 0.9964788732394366 0.9388888888888889 0.007042253521126761 0.011111111111111112
0 0.5035211267605634 0.8342592592592593 0.0035211267605633804 0.001851851851851852
0 0.4762323943661972 0.8083333333333333 0.008802816901408451 0.001851851851851852
0 0.46566901408450706 0.8083333333333333 0.00528169014084507 0.001851851851851852
0 0.4269366197183099 0.8083333333333333 0.0017605633802816902 0.001851851851851852
0 0.5625 0.7888888888888889 0.00528169014084507 0.003703703703703704
0 0.6073943661971831 0.7898148148148149 0.07394366197183098 0.009259259259259259
0 0.7059859154929577 0.775 0.007042253521126761 0.001851851851851852
0 0.789612676056338 0.7444444444444445 0.01584507042253521 0.007407407407407408
0 0.023767605633802816 0.7787037037037037 0.04753521126760563 0.07962962962962963
0 0.2605633802816901 0.6157407407407407 0.028169014084507043 0.005555555555555556
0 0.6778169014084507 0.6092592592592593 0.01056338028169014 0.007407407407407408
0 0.34683098591549294 0.6083333333333333 0.03169014084507042 0.016666666666666666
0 0.3626760563380282 0.6 0.014084507042253521 0.007407407407407408
0 0.75 0.5972222222222222 0.01056338028169014 0.005555555555555556
0 0.47183098591549294 0.5898148148148148 0.02112676056338028 0.005555555555555556
0 0.40492957746478875 0.5935185185185186 0.02464788732394366 0.012962962962962963
0 0.7517605633802817 0.5611111111111111 0.0035211267605633804 0.003703703703703704
0 0.23943661971830985 0.5203703703703704 0.007042253521126761 0.003703703703703704
0 0.8617957746478874 0.5185185185185185 0.00528169014084507 0.003703703703703704
0 0.12147887323943662 0.5768518518518518 0.24295774647887325 0.16111111111111112
0 0.8617957746478874 0.49722222222222223 0.00528169014084507 0.005555555555555556
0 0.9929577464788732 0.45555555555555555 0.014084507042253521 0.04814814814814815
0 0.9823943661971831 0.3074074074074074 0.0035211267605633804 0.003703703703703704
0 0.9630281690140845 0.2972222222222222 0.0035211267605633804 0.005555555555555556
0 0.960387323943662 0.2777777777777778 0.0017605633802816902 0.003703703703703704
0 0.8107394366197183 0.05092592592592592 0.008802816901408451 0.005555555555555556
0 0.7869718309859155 0.049074074074074076 0.007042253521126761 0.005555555555555556
0 0.7711267605633803 0.046296296296296294 0.007042253521126761 0.007407407407407408
0 0.761443661971831 0.03796296296296296 0.0017605633802816902 0.001851851851851852
0 0.7940140845070423 0.03981481481481482 0.007042253521126761 0.016666666666666666
0 0.761443661971831 0.032407407407407406 0.0017605633802816902 0.001851851851851852
0 0.6892605633802817 0.025 0.0017605633802816902 0.001851851851851852
0 0.6056338028169014 0.016666666666666666 0.0035211267605633804 0.003703703703703704
0 0.659330985915493 0.014814814814814815 0.01584507042253521 0.011111111111111112
0 0.6751760563380281 0.007407407407407408 0.00528169014084507 0.003703703703703704
0 0.6320422535211268 0.007407407407407408 0.007042253521126761 0.003703703703703704
0 0.9735915492957746 0.1638888888888889 0.0528169014084507 0.3277777777777778
0 0.5 0.49166666666666664 1.0 0.9833333333333333
0 0.6637323943661971 0.004629629629629629 0.0035211267605633804 0.009259259259259259
0 0.01936619718309859 0.002777777777777778 0.03873239436619718 0.005555555555555556
