0 0.5551801801801802 0.9894366197183099 0.024774774774774775 0.02112676056338028
0 0.5067567567567568 0.9894366197183099 0.009009009009009009 0.02112676056338028
0 0.44481981981981983 0.9894366197183099 0.02927927927927928 0.02112676056338028
0 0.6576576576576577 0.9797535211267606 0.009009009009009009 0.00528169014084507
0 0.7072072072072072 0.9779929577464789 0.009009009009009009 0.00528169014084507
0 0.7905405405405406 0.9797535211267606 0.009009009009009009 0.040492957746478875
0 0.5045045045045045 0.9788732394366197 0.25675675675675674 0.04225352112676056
0 0.4358108108108108 0.9375 0.006756756756756757 0.0017605633802816902
0 0.45157657657657657 0.9366197183098591 0.01126126126126126 0.0035211267605633804
0 0.8795045045045045 0.9216549295774648 0.015765765765765764 0.00528169014084507
0 0.36261261261261263 0.9163732394366197 0.009009009009009009 0.0017605633802816902
0 0.3322072072072072 0.9163732394366197 0.04279279279279279 0.0017605633802816902
0 0.8400900900900901 0.9128521126760564 0.009009009009009009 0.00528169014084507
0 0.8817567567567568 0.9119718309859155 0.024774774774774775 0.007042253521126761
0 0.18243243243243243 0.9075704225352113 0.0045045045045045045 0.0017605633802816902
0 0.1677927927927928 0.9075704225352113 0.006756756756756757 0.0017605633802816902
0 0.15427927927927929 0.9075704225352113 0.006756756756756757 0.0017605633802816902
0 0.11261261261261261 0.9075704225352113 0.0045045045045045045 0.0017605633802816902
0 0.36486486486486486 0.9058098591549296 0.009009009009009009 0.0017605633802816902
0 0.2939189189189189 0.9058098591549296 0.0022522522522522522 0.0017605633802816902
0 0.7972972972972973 0.8688380281690141 0.013513513513513514 0.00528169014084507
0 0.831081081081081 0.8670774647887324 0.009009009009009009 0.00528169014084507
0 0.8277027027027027 0.8565140845070423 0.0022522522522522522 0.0017605633802816902
0 0.7815315315315315 0.835387323943662 0.02252252252252252 0.00528169014084507
0 0.8727477477477478 0.8248239436619719 0.006756756756756757 0.0017605633802816902
0 0.7826576576576577 0.823943661971831 0.015765765765765764 0.007042253521126761
0 0.037162162162162164 0.8820422535211268 0.07432432432432433 0.13732394366197184
0 0.777027027027027 0.8142605633802817 0.013513513513513514 0.00528169014084507
0 0.7466216216216216 0.8036971830985915 0.01126126126126126 0.00528169014084507
0 0.019144144144144143 0.8019366197183099 0.038288288288288286 0.01936619718309859
0 0.03153153153153153 0.7737676056338029 0.06306306306306306 0.01232394366197183
0 0.7691441441441441 0.7632042253521126 0.0022522522522522522 0.0017605633802816902
0 0.9155405405405406 0.7588028169014085 0.01126126126126126 0.0035211267605633804
0 0.5349099099099099 0.8503521126760564 0.8626126126126126 0.19014084507042253
0 0.9493243243243243 0.7605633802816901 0.02027027027027027 0.017605633802816902
0 0.0518018018018018 0.7508802816901409 0.013513513513513514 0.00528169014084507
0 0.019144144144144143 0.7508802816901409 0.038288288288288286 0.01232394366197183
0 0.8783783783783784 0.7411971830985915 0.036036036036036036 0.007042253521126761
0 0.7511261261261262 0.7420774647887324 0.024774774774774775 0.008802816901408451
0 0.7184684684684685 0.7420774647887324 0.018018018018018018 0.01232394366197183
0 0.6137387387387387 0.7438380281690141 0.16891891891891891 0.01936619718309859
0 0.9459459459459459 0.7403169014084507 0.02252252252252252 0.01584507042253521
0 0.03265765765765766 0.7315140845070423 0.06531531531531531 0.008802816901408451
0 0.9087837837837838 0.7209507042253521 0.02027027027027027 0.00528169014084507
0 0.6396396396396397 0.7244718309859155 0.22522522522522523 0.01232394366197183
0 0.9459459459459459 0.7209507042253521 0.02252252252252252 0.01232394366197183
0 0.05405405405405406 0.7112676056338029 0.013513513513513514 0.007042253521126761
0 0.016891891891891893 0.7112676056338029 0.033783783783783786 0.014084507042253521
0 0.8626126126126126 0.7024647887323944 0.009009009009009009 0.0035211267605633804
0 0.7342342342342343 0.7033450704225352 0.018018018018018018 0.01232394366197183
0 0.7725225225225225 0.6848591549295775 0.009009009009009009 0.0035211267605633804
0 0.03153153153153153 0.6910211267605634 0.06306306306306306 0.01584507042253521
0 0.6362612612612613 0.6945422535211268 0.22747747747747749 0.040492957746478875
0 0.9943693693693694 0.4269366197183099 0.01126126126126126 0.02992957746478873
0 0.9718468468468469 0.25 0.033783783783783786 0.02464788732394366
0 0.9786036036036037 0.11443661971830986 0.024774774774774775 0.017605633802816902
0 0.9707207207207207 0.01232394366197183 0.05855855855855856 0.02464788732394366
0 0.5 0.35475352112676056 1.0 0.7095070422535211
0 0.11711711711711711 0.020246478873239437 0.23423423423423423 0.040492957746478875
