0 0.4452690166975881 0.9811912225705329 0.025974025974025976 0.03761755485893417
0 0.48330241187384043 0.9780564263322884 0.03153988868274583 0.0438871473354232
0 0.525974025974026 0.9764890282131662 0.02040816326530612 0.047021943573667714
0 0.6289424860853432 0.9686520376175548 0.055658627087198514 0.06269592476489028
0 0.640074211502783 0.9388714733542319 0.014842300556586271 0.01567398119122257
0 0.6224489795918368 0.9373040752351097 0.016697588126159554 0.012539184952978056
0 0.48886827458256027 0.957680250783699 0.19851576994434136 0.08463949843260188
0 0.6781076066790352 0.95141065830721 0.00927643784786642 0.09717868338557993
0 0.6975881261595547 0.9482758620689655 0.025974025974025976 0.10344827586206896
0 0.06029684601113173 0.8166144200626959 0.02411873840445269 0.009404388714733543
0 0.017625231910946195 0.8495297805642633 0.03525046382189239 0.11285266457680251
0 0.05102040816326531 0.7789968652037618 0.0055658627087198514 0.003134796238244514
0 0.0027829313543599257 0.780564263322884 0.0055658627087198514 0.006269592476489028
0 0.11966604823747681 0.7789968652037618 0.012987012987012988 0.009404388714733543
0 0.10296846011131726 0.7789968652037618 0.012987012987012988 0.009404388714733543
0 0.11873840445269017 0.7586206896551724 0.011131725417439703 0.006269592476489028
0 0.0640074211502783 0.7601880877742947 0.012987012987012988 0.009404388714733543
0 0.0027829313543599257 0.7617554858934169 0.0055658627087198514 0.012539184952978056
0 0.0027829313543599257 0.7429467084639498 0.0055658627087198514 0.012539184952978056
0 0.12337662337662338 0.7210031347962382 0.0055658627087198514 0.006269592476489028
0 0.06307977736549165 0.7225705329153606 0.022263450834879406 0.009404388714733543
0 0.0027829313543599257 0.7241379310344828 0.0055658627087198514 0.012539184952978056
0 0.37012987012987014 0.7163009404388715 0.0018552875695732839 0.003134796238244514
0 0.5714285714285714 0.7100313479623824 0.0037105751391465678 0.003134796238244514
0 0.5473098330241187 0.7115987460815048 0.025974025974025976 0.012539184952978056
0 0.08256029684601113 0.7053291536050157 0.0055658627087198514 0.006269592476489028
0 0.0686456400742115 0.7053291536050157 0.0074211502782931356 0.006269592476489028
0 0.0027829313543599257 0.7068965517241379 0.0055658627087198514 0.009404388714733543
0 0.4332096474953618 0.6974921630094044 0.012987012987012988 0.003134796238244514
0 0.5333951762523191 0.6959247648902821 0.0055658627087198514 0.006269592476489028
0 0.4712430426716141 0.6943573667711599 0.0037105751391465678 0.003134796238244514
0 0.6484230055658627 0.6912225705329154 0.0055658627087198514 0.003134796238244514
0 0.6038961038961039 0.6912225705329154 0.0055658627087198514 0.003134796238244514
0 0.5899814471243042 0.6912225705329154 0.0037105751391465678 0.003134796238244514
0 0.0027829313543599257 0.6896551724137931 0.0055658627087198514 0.012539184952978056
0 0.061224489795918366 0.6880877742946708 0.025974025974025976 0.01567398119122257
0 0.4313543599257885 0.6786833855799373 0.027829313543599257 0.003134796238244514
0 0.362708719851577 0.6786833855799373 0.0055658627087198514 0.003134796238244514
0 0.34415584415584416 0.6802507836990596 0.00927643784786642 0.006269592476489028
0 0.4712430426716141 0.677115987460815 0.03339517625231911 0.006269592476489028
0 0.6493506493506493 0.6724137931034483 0.0037105751391465678 0.003134796238244514
0 0.5918367346938775 0.6755485893416928 0.03339517625231911 0.009404388714733543
0 0.5306122448979592 0.6739811912225705 0.014842300556586271 0.006269592476489028
0 0.7773654916512059 0.6692789968652038 0.0037105751391465678 0.003134796238244514
0 0.6363636363636364 0.6724137931034483 0.01855287569573284 0.009404388714733543
0 0.059369202226345084 0.670846394984326 0.022263450834879406 0.012539184952978056
0 0.6326530612244898 0.6567398119122257 0.0037105751391465678 0.003134796238244514
0 0.6938775510204082 0.664576802507837 0.07050092764378478 0.025078369905956112
0 0.8320964749536178 0.6536050156739812 0.00927643784786642 0.009404388714733543
0 0.0018552875695732839 0.6536050156739812 0.0037105751391465678 0.009404388714733543
0 0.6131725417439703 0.6426332288401254 0.00927643784786642 0.006269592476489028
0 0.6938775510204082 0.6394984326018809 0.014842300556586271 0.012539184952978056
0 0.0018552875695732839 0.6363636363636364 0.0037105751391465678 0.006269592476489028
0 0.6818181818181818 0.622257053291536 0.0055658627087198514 0.003134796238244514
0 0.0027829313543599257 0.6175548589341693 0.0055658627087198514 0.012539184952978056
0 0.7495361781076066 0.603448275862069 0.014842300556586271 0.009404388714733543
0 0.7699443413729128 0.6003134796238244 0.011131725417439703 0.009404388714733543
0 0.0027829313543599257 0.5971786833855799 0.0055658627087198514 0.009404388714733543
0 0.44341372912801486 0.5924764890282131 0.0074211502782931356 0.006269592476489028
0 0.4972170686456401 0.5893416927899686 0.0074211502782931356 0.006269592476489028
0 0.48608534322820035 0.5893416927899686 0.011131725417439703 0.006269592476489028
0 0.46289424860853434 0.5893416927899686 0.0055658627087198514 0.006269592476489028
0 0.5974025974025974 0.5862068965517241 0.0074211502782931356 0.006269592476489028
0 0.5185528756957328 0.5893416927899686 0.012987012987012988 0.012539184952978056
0 0.6205936920222634 0.5830721003134797 0.0055658627087198514 0.006269592476489028
0 0.5686456400742115 0.5705329153605015 0.0055658627087198514 0.006269592476489028
0 0.5473098330241187 0.5705329153605015 0.011131725417439703 0.006269592476489028
0 0.5296846011131725 0.5705329153605015 0.00927643784786642 0.006269592476489028
0 0.6855287569573284 0.5658307210031348 0.0055658627087198514 0.003134796238244514
0 0.614100185528757 0.5689655172413793 0.011131725417439703 0.009404388714733543
0 0.6549165120593692 0.567398119122257 0.011131725417439703 0.012539184952978056
0 0.6716141001855288 0.5579937304075235 0.01855287569573284 0.018808777429467086
0 0.712430426716141 0.5517241379310345 0.029684601113172542 0.012539184952978056
0 0.23747680890538034 0.4827586206896552 0.0074211502782931356 0.018808777429467086
0 0.23283858998144713 0.4592476489028213 0.00927643784786642 0.01567398119122257
0 0.19573283858998144 0.43103448275862066 0.0018552875695732839 0.003134796238244514
0 0.5102040816326531 0.445141065830721 0.07792207792207792 0.03761755485893417
0 0.21706864564007422 0.4231974921630094 0.014842300556586271 0.025078369905956112
0 0.2717996289424861 0.3949843260188088 0.0055658627087198514 0.006269592476489028
0 0.38868274582560297 0.3934169278996865 0.04638218923933209 0.01567398119122257
0 0.0055658627087198514 0.48589341692789967 0.011131725417439703 0.2006269592476489
0 0.0027829313543599257 0.3730407523510972 0.0055658627087198514 0.012539184952978056
0 0.614100185528757 0.3730407523510972 0.0074211502782931356 0.03761755485893417
0 0.5825602968460112 0.3730407523510972 0.04452690166975881 0.03761755485893417
0 0.6363636363636364 0.4122257053291536 0.13358070500927643 0.12225705329153605
0 0.0018552875695732839 0.33699059561128525 0.0037105751391465678 0.003134796238244514
0 0.6539888682745826 0.3275862068965517 0.0055658627087198514 0.009404388714733543
0 0.6985157699443414 0.3275862068965517 0.012987012987012988 0.02821316614420063
0 0.3274582560296846 0.30094043887147337 0.03153988868274583 0.006269592476489028
0 0.6298701298701299 0.2946708463949843 0.0018552875695732839 0.006269592476489028
0 0.5853432282003711 0.29780564263322884 0.016697588126159554 0.012539184952978056
0 0.6447124304267161 0.2962382445141066 0.0055658627087198514 0.01567398119122257
0 0.6103896103896104 0.2962382445141066 0.0037105751391465678 0.01567398119122257
0 0.6938775510204082 0.2962382445141066 0.014842300556586271 0.02821316614420063
0 0.46289424860853434 0.26489028213166144 0.00927643784786642 0.009404388714733543
0 0.4202226345083488 0.26332288401253917 0.00927643784786642 0.006269592476489028
0 0.34415584415584416 0.26489028213166144 0.00927643784786642 0.009404388714733543
0 0.0027829313543599257 0.26802507836990597 0.0055658627087198514 0.01567398119122257
0 0.3738404452690167 0.26489028213166144 0.03153988868274583 0.01567398119122257
0 0.0009276437847866419 0.25391849529780564 0.0018552875695732839 0.006269592476489028
0 0.6827458256029685 0.2617554858934169 0.022263450834879406 0.02821316614420063
0 0.3747680890538033 0.2507836990595611 0.0037105751391465678 0.006269592476489028
0 0.787569573283859 0.25391849529780564 0.03525046382189239 0.025078369905956112
0 0.6465677179962894 0.23197492163009403 0.0055658627087198514 0.006269592476489028
0 0.0018552875695732839 0.2335423197492163 0.0037105751391465678 0.009404388714733543
0 0.3747680890538033 0.23197492163009403 0.07421150278293136 0.012539184952978056
0 0.7922077922077922 0.22570532915360503 0.0074211502782931356 0.006269592476489028
0 0.6038961038961039 0.22727272727272727 0.00927643784786642 0.009404388714733543
0 0.424860853432282 0.22884012539184953 0.01855287569573284 0.012539184952978056
0 0.8070500927643784 0.22413793103448276 0.01855287569573284 0.009404388714733543
0 0.6688311688311688 0.23197492163009403 0.016697588126159554 0.025078369905956112
0 0.6280148423005566 0.22727272727272727 0.016697588126159554 0.01567398119122257
0 0.551948051948052 0.24608150470219436 0.03525046382189239 0.05329153605015674
0 0.0018552875695732839 0.21786833855799373 0.0037105751391465678 0.009404388714733543
0 0.3469387755102041 0.21473354231974923 0.0074211502782931356 0.009404388714733543
0 0.6614100185528757 0.1974921630094044 0.012987012987012988 0.012539184952978056
0 0.614100185528757 0.19905956112852666 0.05194805194805195 0.01567398119122257
0 0.0027829313543599257 0.1974921630094044 0.0055658627087198514 0.012539184952978056
0 0.5102040816326531 0.19122257053291536 0.0074211502782931356 0.006269592476489028
0 0.0009276437847866419 0.18025078369905956 0.0018552875695732839 0.003134796238244514
0 0.9192949907235621 0.17084639498432602 0.0055658627087198514 0.003134796238244514
0 0.336734693877551 0.1614420062695925 0.0055658627087198514 0.003134796238244514
0 0.00927643784786642 0.11128526645768025 0.01855287569573284 0.04075235109717868
0 0.07699443413729128 0.07993730407523511 0.0018552875695732839 0.003134796238244514
0 0.7922077922077922 0.050156739811912224 0.01855287569573284 0.012539184952978056
0 0.7792207792207793 0.02037617554858934 0.0037105751391465678 0.003134796238244514
0 0.8423005565862709 0.02037617554858934 0.014842300556586271 0.01567398119122257
0 0.8200371057513914 0.018808777429467086 0.011131725417439703 0.012539184952978056
0 0.7996289424860853 0.018808777429467086 0.011131725417439703 0.012539184952978056
0 0.5046382189239332 0.45454545454545453 0.9165120593692022 0.9090909090909091
0 0.7207792207792207 0.006269592476489028 0.00927643784786642 0.012539184952978056
0 0.6465677179962894 0.06269592476489028 0.13172541743970315 0.12539184952978055
0 0.32653061224489793 0.329153605015674 0.5640074211502782 0.658307210031348
0 0.49165120593692024 0.001567398119122257 0.0037105751391465678 0.003134796238244514
0 0.46289424860853434 0.004702194357366771 0.016697588126159554 0.009404388714733543
