0 0.5655864197530864 0.99375 0.004629629629629629 0.0125
0 0.39197530864197533 0.990625 0.009259259259259259 0.01875
0 0.46141975308641975 0.9895833333333334 0.012345679012345678 0.020833333333333332
0 0.4367283950617284 0.9895833333333334 0.012345679012345678 0.020833333333333332
0 0.41898148148148145 0.9895833333333334 0.007716049382716049 0.020833333333333332
0 0.0470679012345679 0.728125 0.0015432098765432098 0.0020833333333333333
0 0.02546296296296296 0.6927083333333334 0.0015432098765432098 0.0020833333333333333
0 0.034722222222222224 0.653125 0.0015432098765432098 0.0020833333333333333
0 0.04861111111111111 0.628125 0.06635802469135803 0.18958333333333333
0 0.0030864197530864196 0.24895833333333334 0.006172839506172839 0.0020833333333333333
0 0.9969135802469136 0.058333333333333334 0.0030864197530864196 0.004166666666666667
0 0.5 0.4864583333333333 1.0 0.90625
0 0.35802469135802467 0.007291666666666667 0.009259259259259259 0.014583333333333334
