0 0.553030303030303 0.9940476190476191 0.00909090909090909 0.011904761904761904
0 0.007575757575757576 0.9833333333333333 0.015151515151515152 0.03333333333333333
0 0.5106060606060606 0.9761904761904762 0.05757575757575758 0.047619047619047616
0 0.6121212121212121 0.9702380952380952 0.06060606060606061 0.05952380952380952
0 0.27121212121212124 0.9464285714285714 0.4090909090909091 0.10714285714285714
0 0.8545454545454545 0.888095238095238 0.2909090909090909 0.08571428571428572
0 0.8287878787878787 0.8380952380952381 0.021212121212121213 0.009523809523809525
0 0.9212121212121213 0.8273809523809523 0.006060606060606061 0.002380952380952381
0 0.9954545454545455 0.819047619047619 0.00909090909090909 0.1
0 0.9984848484848485 0.7511904761904762 0.0030303030303030303 0.016666666666666666
0 0.8454545454545455 0.7440476190476191 0.024242424242424242 0.011904761904761904
0 0.04242424242424243 0.7416666666666667 0.006060606060606061 0.007142857142857143
0 0.8378787878787879 0.7261904761904762 0.015151515151515152 0.01904761904761905
0 0.9954545454545455 0.669047619047619 0.00909090909090909 0.0761904761904762
0 0.8818181818181818 0.7047619047619048 0.17575757575757575 0.2
0 0.006060606060606061 0.6130952380952381 0.012121212121212121 0.030952380952380953
0 0.9348484848484848 0.5880952380952381 0.02727272727272727 0.009523809523809525
0 0.896969696969697 0.5857142857142857 0.024242424242424242 0.009523809523809525
0 0.9954545454545455 0.5273809523809524 0.00909090909090909 0.016666666666666666
0 0.9954545454545455 0.5023809523809524 0.00909090909090909 0.014285714285714285
0 0.9348484848484848 0.5011904761904762 0.02727272727272727 0.011904761904761904
0 0.6727272727272727 0.5 0.024242424242424242 0.009523809523809525
0 0.9984848484848485 0.47619047619047616 0.0030303030303030303 0.004761904761904762
0 0.7696969696969697 0.4261904761904762 0.03636363636363636 0.023809523809523808
0 0.20454545454545456 0.2892857142857143 0.03939393939393939 0.07857142857142857
0 0.990909090909091 0.3476190476190476 0.01818181818181818 0.2
0 0.39090909090909093 0.2369047619047619 0.01818181818181818 0.02142857142857143
0 0.3924242424242424 0.19523809523809524 0.0030303030303030303 0.004761904761904762
0 0.26515151515151514 0.18928571428571428 0.021212121212121213 0.03571428571428571
0 0.396969696969697 0.16071428571428573 0.024242424242424242 0.016666666666666666
0 0.5015151515151515 0.07261904761904762 0.015151515151515152 0.011904761904761904
0 0.30303030303030304 0.06785714285714285 0.07272727272727272 0.02142857142857143
0 0.4863636363636364 0.47023809523809523 0.9363636363636364 0.8642857142857143
0 0.5515151515151515 0.039285714285714285 0.012121212121212121 0.011904761904761904
0 0.5212121212121212 0.02976190476190476 0.030303030303030304 0.02142857142857143
0 0.3787878787878788 0.010714285714285714 0.01818181818181818 0.02142857142857143
0 0.30606060606060603 0.007142857142857143 0.006060606060606061 0.014285714285714285
0 0.2681818181818182 0.005952380952380952 0.00909090909090909 0.011904761904761904
