0 0.27123552123552125 0.9983766233766234 0.009652509652509652 0.003246753246753247
0 0.4575289575289575 0.9951298701298701 0.011583011583011582 0.00974025974025974
0 0.20366795366795368 0.6623376623376623 0.005791505791505791 0.032467532467532464
0 0.0028957528957528956 0.6314935064935064 0.005791505791505791 0.00974025974025974
0 0.20463320463320464 0.5357142857142857 0.011583011583011582 0.2077922077922078
0 0.9584942084942085 0.16883116883116883 0.005791505791505791 0.012987012987012988
0 0.9835907335907336 0.4496753246753247 0.032818532818532815 0.827922077922078
0 0.46621621621621623 0.03896103896103896 0.013513513513513514 0.012987012987012988
0 0.4797297297297297 0.474025974025974 0.9594594594594594 0.8896103896103896
0 0.47297297297297297 0.025974025974025976 0.011583011583011582 0.012987012987012988
0 0.45656370656370654 0.022727272727272728 0.005791505791505791 0.012987012987012988
0 0.500965250965251 0.00974025974025974 0.013513513513513514 0.01948051948051948
0 0.44884169884169883 0.00487012987012987 0.0019305019305019305 0.00974025974025974
0 0.3696911196911197 0.016233766233766232 0.009652509652509652 0.032467532467532464
0 0.3359073359073359 0.017857142857142856 0.011583011583011582 0.03571428571428571
0 0.29343629343629346 0.017857142857142856 0.03861003861003861 0.03571428571428571
