0 0.6640419947506562 0.9942307692307693 0.010498687664041995 0.011538461538461539
0 0.4461942257217848 0.9730769230769231 0.04199475065616798 0.05384615384615385
0 0.49868766404199477 0.9692307692307692 0.04199475065616798 0.06153846153846154
0 0.5577427821522309 0.9653846153846154 0.028871391076115485 0.06923076923076923
0 0.6981627296587927 0.948076923076923 0.08923884514435695 0.10384615384615385
0 0.5091863517060368 0.9384615384615385 0.27296587926509186 0.12307692307692308
0 0.7821522309711286 0.9288461538461539 0.06299212598425197 0.1423076923076923
0 0.994750656167979 0.11346153846153846 0.010498687664041995 0.0038461538461538464
0 0.04068241469816273 0.5057692307692307 0.08136482939632546 0.7961538461538461
0 0.5393700787401575 0.4576923076923077 0.9002624671916011 0.8923076923076924
0 0.7769028871391076 0.0057692307692307696 0.04199475065616798 0.011538461538461539
0 0.5091863517060368 0.023076923076923078 0.26246719160104987 0.046153846153846156
