0 0.5060606060606061 0.9834123222748815 0.03636363636363636 0.03317535545023697
0 0.45454545454545453 0.9834123222748815 0.06060606060606061 0.03317535545023697
0 0.3984848484848485 0.9822274881516587 0.045454545454545456 0.035545023696682464
0 0.646969696969697 0.9786729857819905 0.08787878787878788 0.04265402843601896
0 0.5378787878787878 0.966824644549763 0.45151515151515154 0.06635071090047394
0 0.0015151515151515152 0.38507109004739337 0.0030303030303030303 0.011848341232227487
0 0.0030303030303030303 0.22630331753554503 0.006060606060606061 0.0071090047393364926
0 0.0030303030303030303 0.13270142180094788 0.006060606060606061 0.018957345971563982
0 0.0030303030303030303 0.10426540284360189 0.006060606060606061 0.02843601895734597
0 0.5 0.4976303317535545 1.0 0.8578199052132701
0 0.6848484848484848 0.061611374407582936 0.012121212121212121 0.004739336492890996
0 0.703030303030303 0.05924170616113744 0.006060606060606061 0.004739336492890996
0 0.6545454545454545 0.05924170616113744 0.024242424242424242 0.009478672985781991
0 0.6666666666666666 0.04383886255924171 0.012121212121212121 0.0071090047393364926
0 0.693939393939394 0.03909952606635071 0.024242424242424242 0.026066350710900472
0 0.5196969696969697 0.035545023696682464 0.02727272727272727 0.04265402843601896
0 0.40606060606060607 0.03672985781990521 0.04242424242424243 0.045023696682464455
0 0.4666666666666667 0.035545023696682464 0.05454545454545454 0.04739336492890995
0 0.6333333333333333 0.035545023696682464 0.01818181818181818 0.052132701421800945
