0 0.5112149532710281 0.9989224137931034 0.001869158878504673 0.0021551724137931034
0 0.5299065420560748 0.9978448275862069 0.013084112149532711 0.004310344827586207
0 0.43457943925233644 0.9978448275862069 0.005607476635514018 0.004310344827586207
0 0.6149532710280374 0.9956896551724138 0.003738317757009346 0.008620689655172414
0 0.39158878504672895 0.9946120689655172 0.03551401869158879 0.010775862068965518
0 0.34953271028037386 0.9935344827586207 0.018691588785046728 0.01293103448275862
0 0.39532710280373834 0.9773706896551724 0.2 0.04525862068965517
0 0.5728971962616822 0.021551724137931036 0.009345794392523364 0.004310344827586207
0 0.5598130841121496 0.020474137931034482 0.009345794392523364 0.0021551724137931034
0 0.5 0.49030172413793105 1.0 0.959051724137931
0 0.594392523364486 0.00646551724137931 0.007476635514018692 0.008620689655172414
0 0.616822429906542 0.014008620689655173 0.06728971962616823 0.028017241379310345
0 0.5822429906542056 0.005387931034482759 0.013084112149532711 0.010775862068965518
0 0.5523364485981308 0.005387931034482759 0.03177570093457944 0.010775862068965518
0 0.4373831775700935 0.011853448275862068 0.22803738317757008 0.023706896551724137
