0 0.9939759036144579 0.5774410774410774 0.012048192771084338 0.6632996632996633
0 0.4919678714859438 0.5353535353535354 0.9839357429718876 0.8619528619528619
0 0.5662650602409639 0.10101010101010101 0.0321285140562249 0.020202020202020204
0 0.4748995983935743 0.08585858585858586 0.002008032128514056 0.003367003367003367
0 0.5220883534136547 0.08585858585858586 0.008032128514056224 0.010101010101010102
0 0.5291164658634538 0.058922558922558925 0.006024096385542169 0.010101010101010102
0 0.5532128514056225 0.06060606060606061 0.006024096385542169 0.020202020202020204
0 0.5030120481927711 0.045454545454545456 0.03413654618473896 0.05723905723905724
0 0.392570281124498 0.04882154882154882 0.018072289156626505 0.06397306397306397
0 0.34839357429718876 0.04882154882154882 0.030120481927710843 0.06397306397306397
0 0.3092369477911647 0.04882154882154882 0.028112449799196786 0.06397306397306397
0 0.3002008032128514 0.02356902356902357 0.010040160642570281 0.013468013468013467
0 0.4759036144578313 0.045454545454545456 0.012048192771084338 0.06397306397306397
0 0.5100401606425703 0.008417508417508417 0.004016064257028112 0.003367003367003367
0 0.4929718875502008 0.010101010101010102 0.010040160642570281 0.013468013468013467
0 0.5813253012048193 0.04208754208754209 0.014056224899598393 0.08417508417508418
0 0.35542168674698793 0.05723905723905724 0.20481927710843373 0.11447811447811448
