0 0.7051630434782609 0.9940476190476191 0.008152173913043478 0.011904761904761904
0 0.4741847826086957 0.9920634920634921 0.019021739130434784 0.015873015873015872
0 0.5271739130434783 0.9880952380952381 0.05434782608695652 0.023809523809523808
0 0.5774456521739131 0.9841269841269841 0.029891304347826088 0.031746031746031744
0 0.6847826086956522 0.9742063492063492 0.016304347826086956 0.051587301587301584
0 0.7350543478260869 0.9662698412698413 0.051630434782608696 0.06746031746031746
0 0.028532608695652172 0.6686507936507936 0.057065217391304345 0.5515873015873016
0 0.028532608695652172 0.36507936507936506 0.057065217391304345 0.023809523809523808
0 0.025815217391304348 0.32936507936507936 0.051630434782608696 0.015873015873015872
0 0.043478260869565216 0.29365079365079366 0.016304347826086956 0.015873015873015872
0 0.014945652173913044 0.2916666666666667 0.029891304347826088 0.03571428571428571
0 0.050271739130434784 0.25 0.008152173913043478 0.007936507936507936
0 0.03260869565217391 0.20634920634920634 0.06521739130434782 0.12698412698412698
0 0.532608695652174 0.4861111111111111 0.8858695652173914 0.9007936507936508
0 0.782608695652174 0.011904761904761904 0.04891304347826087 0.023809523809523808
0 0.6875 0.003968253968253968 0.021739130434782608 0.007936507936507936
0 0.6630434782608695 0.003968253968253968 0.010869565217391304 0.007936507936507936
0 0.5570652173913043 0.005952380952380952 0.010869565217391304 0.011904761904761904
0 0.4986413043478261 0.011904761904761904 0.04619565217391304 0.023809523809523808
0 0.44429347826086957 0.013888888888888888 0.04619565217391304 0.027777777777777776
0 0.5108695652173914 0.03968253968253968 0.2717391304347826 0.07936507936507936
