0 0.5465549348230913 0.9989270386266095 0.00186219739292365 0.002145922746781116
0 0.5102420856610801 0.9957081545064378 0.0074487895716946 0.008583690987124463
0 0.5297951582867784 0.9935622317596566 0.00931098696461825 0.008583690987124463
0 0.4292364990689013 0.9924892703862661 0.020484171322160148 0.015021459227467811
0 0.39013035381750466 0.9892703862660944 0.03910614525139665 0.02145922746781116
0 0.3426443202979516 0.9871244635193133 0.0223463687150838 0.02575107296137339
0 0.7439478584729982 0.8240343347639485 0.01675977653631285 0.017167381974248927
0 0.9972067039106145 0.8487124463519313 0.00558659217877095 0.18669527896995708
0 0.9972067039106145 0.7392703862660944 0.00558659217877095 0.015021459227467811
0 0.9962756052141527 0.7167381974248928 0.0074487895716946 0.017167381974248927
0 0.8072625698324022 0.703862660944206 0.00931098696461825 0.004291845493562232
0 0.8072625698324022 0.6824034334763949 0.00931098696461825 0.004291845493562232
0 0.5484171322160148 0.6716738197424893 0.024208566108007448 0.004291845493562232
0 0.6070763500931099 0.6695278969957081 0.0074487895716946 0.004291845493562232
0 0.5735567970204841 0.6706008583690987 0.0186219739292365 0.006437768240343348
0 0.521415270018622 0.6695278969957081 0.0186219739292365 0.008583690987124463
0 0.5186219739292365 0.6566523605150214 0.00558659217877095 0.004291845493562232
0 0.5027932960893855 0.6566523605150214 0.0148975791433892 0.004291845493562232
0 0.4888268156424581 0.6566523605150214 0.00558659217877095 0.004291845493562232
0 0.48789571694599626 0.6459227467811158 0.0037243947858473 0.004291845493562232
0 0.5139664804469274 0.6459227467811158 0.0260707635009311 0.008583690987124463
0 0.542830540037244 0.6448497854077253 0.01675977653631285 0.01072961373390558
0 0.9962756052141527 0.6534334763948498 0.0074487895716946 0.10085836909871244
0 0.12197392923649907 0.5912017167381974 0.00558659217877095 0.002145922746781116
0 0.0893854748603352 0.6115879828326181 0.0446927374301676 0.04291845493562232
0 0.18528864059590316 0.5912017167381974 0.00931098696461825 0.01072961373390558
0 0.21135940409683426 0.5912017167381974 0.035381750465549346 0.015021459227467811
0 0.4702048417132216 0.5579399141630901 0.06890130353817504 0.030042918454935622
0 0.4720670391061452 0.490343347639485 0.00186219739292365 0.002145922746781116
0 0.44227188081936686 0.41952789699570814 0.00558659217877095 0.006437768240343348
0 0.45996275605214154 0.3776824034334764 0.11173184357541899 0.08583690987124463
0 0.6033519553072626 0.3283261802575107 0.0037243947858473 0.004291845493562232
0 0.34450651769087526 0.3283261802575107 0.0037243947858473 0.012875536480686695
0 0.46741154562383613 0.33047210300429186 0.0186219739292365 0.02145922746781116
0 0.5810055865921788 0.3111587982832618 0.0111731843575419 0.004291845493562232
0 0.5363128491620112 0.33583690987124465 0.0670391061452514 0.0536480686695279
0 0.35567970204841715 0.31008583690987124 0.0297951582867784 0.015021459227467811
0 0.44692737430167595 0.3133047210300429 0.0111731843575419 0.02575107296137339
0 0.5111731843575419 0.29935622317596566 0.00558659217877095 0.006437768240343348
0 0.574487895716946 0.29721030042918456 0.061452513966480445 0.015021459227467811
0 0.2942271880819367 0.2854077253218884 0.1713221601489758 0.02145922746781116
0 0.4273743016759777 0.27360515021459225 0.00558659217877095 0.002145922746781116
0 0.521415270018622 0.27145922746781115 0.0037243947858473 0.002145922746781116
0 0.4897579143389199 0.27682403433476394 0.0111731843575419 0.012875536480686695
0 0.45251396648044695 0.27360515021459225 0.0148975791433892 0.006437768240343348
0 0.8901303538175046 0.6115879828326181 0.21973929236499068 0.6866952789699571
0 0.5502793296089385 0.27253218884120173 0.04283054003724395 0.012875536480686695
0 0.6182495344506518 0.2703862660944206 0.037243947858473 0.012875536480686695
0 0.6983240223463687 0.26716738197424894 0.037243947858473 0.019313304721030045
0 0.9134078212290503 0.25643776824034337 0.17318435754189945 0.023605150214592276
0 0.388268156424581 0.2532188841201717 0.3891992551210428 0.030042918454935622
0 0.6256983240223464 0.24356223175965666 0.0670391061452514 0.019313304721030045
0 0.7001862197392924 0.23927038626609443 0.037243947858473 0.019313304721030045
0 0.9152700186219739 0.2296137339055794 0.16945996275605213 0.02575107296137339
0 0.7718808193668529 0.21351931330472104 0.00186219739292365 0.002145922746781116
0 0.9152700186219739 0.2017167381974249 0.16945996275605213 0.02575107296137339
0 0.9171322160148976 0.1759656652360515 0.16573556797020483 0.02145922746781116
0 0.7849162011173184 0.1555793991416309 0.00186219739292365 0.002145922746781116
0 0.994413407821229 0.14914163090128754 0.0111731843575419 0.019313304721030045
0 0.9124767225325885 0.15128755364806867 0.1452513966480447 0.023605150214592276
0 0.9208566108007449 0.12446351931330472 0.15828677839851024 0.02145922746781116
0 0.994413407821229 0.07296137339055794 0.0111731843575419 0.07296137339055794
0 0.4925512104283054 0.47746781115879827 0.9851024208566108 0.924892703862661
0 0.5791433891992551 0.013948497854077254 0.0037243947858473 0.002145922746781116
0 0.5651769087523277 0.012875536480686695 0.00931098696461825 0.004291845493562232
0 0.5400372439478585 0.01072961373390558 0.0186219739292365 0.008583690987124463
0 0.5242085661080075 0.0075107296137339056 0.00186219739292365 0.006437768240343348
0 0.6135940409683427 0.015021459227467811 0.035381750465549346 0.030042918454935622
0 0.5502793296089385 0.003218884120171674 0.00558659217877095 0.006437768240343348
0 0.40782122905027934 0.012875536480686695 0.2011173184357542 0.02575107296137339
