0 0.351129363449692 0.9982758620689656 0.004106776180698152 0.0034482758620689655
0 0.4784394250513347 0.996551724137931 0.008213552361396304 0.006896551724137931
0 0.42813141683778233 0.996551724137931 0.006160164271047228 0.006896551724137931
0 0.446611909650924 0.9948275862068966 0.022587268993839837 0.010344827586206896
0 0.27002053388090347 0.993103448275862 0.014373716632443531 0.013793103448275862
0 0.5205338809034907 0.9827586206896551 0.043121149897330596 0.034482758620689655
0 0.3141683778234086 0.9758620689655172 0.2053388090349076 0.04827586206896552
0 0.9743326488706365 0.4724137931034483 0.0513347022587269 0.8275862068965517
0 0.47125256673511295 0.4827586206896552 0.9425051334702259 0.903448275862069
0 0.46098562628336753 0.01206896551724138 0.059548254620123205 0.02413793103448276
0 0.3531827515400411 0.0017241379310344827 0.004106776180698152 0.0034482758620689655
0 0.3295687885010267 0.0034482758620689655 0.006160164271047228 0.006896551724137931
0 0.3008213552361396 0.0034482758620689655 0.006160164271047228 0.006896551724137931
0 0.2751540041067762 0.0017241379310344827 0.004106776180698152 0.0034482758620689655
