0 0.4701789264413519 0.9194630872483222 0.005964214711729622 0.006711409395973154
0 0.4671968190854871 0.9312080536912751 0.9065606361829026 0.13758389261744966
0 0.6272365805168986 0.7701342281879194 0.0019880715705765406 0.003355704697986577
0 0.7186878727634195 0.7533557046979866 0.005964214711729622 0.003355704697986577
0 0.7027833001988072 0.7533557046979866 0.005964214711729622 0.003355704697986577
0 0.6520874751491054 0.7533557046979866 0.003976143141153081 0.003355704697986577
0 0.1848906560636183 0.7550335570469798 0.019880715705765408 0.006711409395973154
0 0.7852882703777336 0.7416107382550335 0.011928429423459244 0.006711409395973154
0 0.7673956262425448 0.7416107382550335 0.007952286282306162 0.006711409395973154
0 0.7176938369781312 0.7399328859060402 0.07157057654075547 0.010067114093959731
0 0.7862823061630219 0.7214765100671141 0.009940357852882704 0.006711409395973154
0 0.7693836978131213 0.7214765100671141 0.011928429423459244 0.006711409395973154
0 0.7435387673956262 0.7197986577181208 0.019880715705765408 0.003355704697986577
0 0.7206759443339961 0.7181208053691275 0.009940357852882704 0.006711409395973154
0 0.8230616302186878 0.7080536912751678 0.007952286282306162 0.006711409395973154
0 0.8031809145129225 0.7080536912751678 0.007952286282306162 0.006711409395973154
0 0.7882703777335984 0.7080536912751678 0.005964214711729622 0.006711409395973154
0 0.7693836978131213 0.7080536912751678 0.007952286282306162 0.006711409395973154
0 0.4731610337972167 0.7802013422818792 0.9463220675944334 0.15771812080536912
0 0.7385685884691849 0.7063758389261745 0.041749502982107355 0.010067114093959731
0 0.6878727634194831 0.709731543624161 0.05168986083499006 0.02348993288590604
0 0.757455268389662 0.6895973154362416 0.003976143141153081 0.003355704697986577
0 0.7077534791252486 0.6879194630872483 0.007952286282306162 0.006711409395973154
0 0.9204771371769384 0.6862416107382551 0.039761431411530816 0.02348993288590604
0 0.6769383697813122 0.6778523489932886 0.04572564612326044 0.03355704697986577
0 0.9314115308151093 0.6560402684563759 0.013916500994035786 0.010067114093959731
0 0.6620278330019881 0.6510067114093959 0.011928429423459244 0.006711409395973154
0 0.6610337972166997 0.6342281879194631 0.009940357852882704 0.006711409395973154
0 0.9333996023856859 0.6208053691275168 0.009940357852882704 0.006711409395973154
0 0.9234592445328031 0.6057046979865772 0.0019880715705765406 0.003355704697986577
0 0.9343936381709742 0.6040268456375839 0.003976143141153081 0.006711409395973154
0 0.9145129224652088 0.5973154362416108 0.04771371769383698 0.10738255033557047
0 0.9055666003976143 0.47651006711409394 0.02186878727634195 0.09395973154362416
0 0.9811133200795229 0.41946308724832215 0.03777335984095427 0.8053691275167785
0 0.4801192842942346 0.016778523489932886 0.017892644135188866 0.03355704697986577
0 0.4671968190854871 0.010067114093959731 0.007952286282306162 0.020134228187919462
0 0.4433399602385686 0.015100671140939598 0.019880715705765408 0.030201342281879196
0 0.3588469184890656 0.006711409395973154 0.009940357852882704 0.013422818791946308
0 0.3349900596421471 0.0050335570469798654 0.009940357852882704 0.010067114093959731
0 0.3071570576540755 0.0016778523489932886 0.0019880715705765406 0.003355704697986577
0 0.47813121272365805 0.3271812080536913 0.9324055666003976 0.6543624161073825
