0 0.02624113475177305 0.9252873563218391 0.018439716312056736 0.009404388714733543
0 0.425531914893617 0.9179728317659352 0.01702127659574468 0.009404388714733543
0 0.09574468085106383 0.9211076280041798 0.029787234042553193 0.024033437826541274
0 0.0950354609929078 0.9043887147335423 0.02553191489361702 0.00522466039707419
0 0.9482269503546099 0.8981191222570533 0.0014184397163120568 0.0010449320794148381
0 0.09290780141843971 0.8970741901776385 0.015602836879432624 0.00522466039707419
0 0.27375886524822696 0.8531870428422152 0.0028368794326241137 0.0010449320794148381
0 0.26099290780141843 0.8531870428422152 0.011347517730496455 0.0010449320794148381
0 0.24822695035460993 0.8531870428422152 0.0028368794326241137 0.0010449320794148381
0 0.9361702127659575 0.8458725182863114 0.0028368794326241137 0.0010449320794148381
0 0.2730496453900709 0.8401253918495298 0.009929078014184398 0.0020898641588296763
0 0.24326241134751772 0.8396029258098223 0.02695035460992908 0.003134796238244514
0 0.2425531914893617 0.8265412748171369 0.14184397163120568 0.006269592476489028
0 0.6056737588652482 0.822884012539185 0.005673758865248227 0.00522466039707419
0 0.5914893617021276 0.822884012539185 0.005673758865248227 0.00522466039707419
0 0.6099290780141844 0.8113897596656218 0.005673758865248227 0.003134796238244514
0 0.009219858156028368 0.8066875653082549 0.0014184397163120568 0.0020898641588296763
0 0.950354609929078 0.8051201671891327 0.005673758865248227 0.003134796238244514
0 0.16028368794326242 0.7821316614420063 0.028368794326241134 0.05747126436781609
0 0.3546099290780142 0.7565308254963428 0.01702127659574468 0.008359456635318705
0 0.26595744680851063 0.7852664576802508 0.18865248226950354 0.06583072100313479
0 0.16028368794326242 0.7439916405433646 0.03404255319148936 0.006269592476489028
0 0.27801418439716313 0.7434691745036572 0.17872340425531916 0.009404388714733543
0 0.9773049645390071 0.7392894461859979 0.014184397163120567 0.003134796238244514
0 0.004964539007092199 0.7460815047021944 0.009929078014184398 0.01671891327063741
0 0.1624113475177305 0.7324973876698014 0.03546099290780142 0.0041797283176593526
0 0.36524822695035464 0.7293625914315569 0.015602836879432624 0.0041797283176593526
0 0.3432624113475177 0.7293625914315569 0.01702127659574468 0.0041797283176593526
0 0.25957446808510637 0.7309299895506792 0.13617021276595745 0.0073145245559038665
0 0.004964539007092199 0.7304075235109718 0.009929078014184398 0.01044932079414838
0 0.17375886524822695 0.7199582027168234 0.009929078014184398 0.0041797283176593526
0 0.36950354609929076 0.7163009404388715 0.009929078014184398 0.00522466039707419
0 0.32340425531914896 0.7173458725182863 0.059574468085106386 0.0073145245559038665
0 0.24184397163120566 0.7183908045977011 0.09219858156028368 0.009404388714733543
0 0.9801418439716312 0.7121212121212122 0.014184397163120567 0.003134796238244514
0 0.29148936170212764 0.7042842215256009 0.1829787234042553 0.01044932079414838
0 0.1723404255319149 0.6912225705329154 0.032624113475177303 0.00522466039707419
0 0.29645390070921984 0.6896551724137931 0.1900709219858156 0.01044932079414838
0 0.006382978723404255 0.700626959247649 0.01276595744680851 0.047021943573667714
0 0.17375886524822695 0.6776384535005224 0.03546099290780142 0.0073145245559038665
0 0.2978723404255319 0.6765935214211076 0.18723404255319148 0.009404388714733543
0 0.04822695035460993 0.6562173458725182 0.0028368794326241137 0.0020898641588296763
0 0.036170212765957444 0.6530825496342738 0.015602836879432624 0.012539184952978056
0 0.03900709219858156 0.6374085684430512 0.01276595744680851 0.01044932079414838
0 0.04042553191489362 0.622257053291536 0.00425531914893617 0.003134796238244514
0 0.44468085106382976 0.6165099268547545 0.0070921985815602835 0.0020898641588296763
0 0.03829787234042553 0.6165099268547545 0.0028368794326241137 0.0020898641588296763
0 0.17375886524822695 0.6389759665621735 0.032624113475177303 0.055381400208986416
0 0.04326241134751773 0.6060606060606061 0.00425531914893617 0.0020898641588296763
0 0.03900709219858156 0.5982236154649948 0.00425531914893617 0.003134796238244514
0 0.3070921985815603 0.6233019853709509 0.2028368794326241 0.09090909090909091
0 0.3304964539007092 0.567398119122257 0.005673758865248227 0.006269592476489028
0 0.30141843971631205 0.5606060606060606 0.0014184397163120568 0.0010449320794148381
0 0.5 0.6839080459770115 1.0 0.5862068965517241
0 0.5 0.21891327063740856 1.0 0.38557993730407525
