0 0.4636542239685658 0.9735099337748344 0.007858546168958742 0.006622516556291391
0 0.45088408644400785 0.9850993377483444 0.021611001964636542 0.029801324503311258
0 0.5343811394891945 0.9751655629139073 0.047151277013752456 0.04966887417218543
0 0.22593320235756384 0.956953642384106 0.4165029469548134 0.08609271523178808
0 0.7966601178781926 0.7764900662251656 0.005893909626719057 0.0033112582781456954
0 0.003929273084479371 0.5331125827814569 0.007858546168958742 0.013245033112582781
0 0.45088408644400785 0.06291390728476821 0.005893909626719057 0.006622516556291391
0 0.9724950884086444 0.4718543046357616 0.0550098231827112 0.8377483443708609
0 0.46660117878192536 0.47019867549668876 0.9332023575638507 0.8874172185430463
0 0.4675834970530452 0.04470198675496689 0.0275049115913556 0.04966887417218543
0 0.48428290766208254 0.019867549668874173 0.0019646365422396855 0.006622516556291391
0 0.44106090373280943 0.033112582781456956 0.03339882121807466 0.06622516556291391
0 0.3516699410609037 0.023178807947019868 0.019646365422396856 0.046357615894039736
0 0.3143418467583497 0.02152317880794702 0.03929273084479371 0.04304635761589404
0 0.27603143418467585 0.016556291390728478 0.009823182711198428 0.033112582781456956
