0 0.020172910662824207 0.7578616352201258 0.011527377521613832 0.006289308176100629
0 0.18011527377521613 0.7122641509433962 0.037463976945244955 0.015723270440251572
0 0.1585014409221902 0.6823899371069182 0.011527377521613832 0.006289308176100629
0 0.15129682997118155 0.6572327044025157 0.03170028818443804 0.031446540880503145
0 0.037463976945244955 0.6320754716981132 0.011527377521613832 0.012578616352201259
0 0.09510086455331412 0.6037735849056604 0.1037463976945245 0.1069182389937107
0 0.10518731988472622 0.5110062893081762 0.002881844380403458 0.0031446540880503146
0 0.07348703170028818 0.5078616352201258 0.01440922190201729 0.0220125786163522
0 0.07636887608069164 0.47641509433962265 0.008645533141210375 0.009433962264150943
0 0.49711815561959655 0.4669811320754717 0.002881844380403458 0.0031446540880503146
0 0.1440922190201729 0.4669811320754717 0.02881844380403458 0.02830188679245283
0 0.49711815561959655 0.45125786163522014 0.008645533141210375 0.009433962264150943
0 0.24927953890489912 0.44025157232704404 0.020172910662824207 0.006289308176100629
0 0.49135446685878964 0.4371069182389937 0.008645533141210375 0.006289308176100629
0 0.21613832853025935 0.4386792452830189 0.023054755043227664 0.009433962264150943
0 0.4769452449567723 0.4591194968553459 0.03170028818443804 0.05660377358490566
0 0.11671469740634005 0.4261006289308176 0.002881844380403458 0.0031446540880503146
0 0.23054755043227665 0.4119496855345912 0.005763688760806916 0.006289308176100629
0 0.19020172910662825 0.3663522012578616 0.040345821325648415 0.015723270440251572
0 0.2478386167146974 0.36163522012578614 0.02881844380403458 0.018867924528301886
0 0.13112391930835735 0.33176100628930816 0.008645533141210375 0.0031446540880503146
0 0.08357348703170028 0.33176100628930816 0.005763688760806916 0.0031446540880503146
0 0.059077809798270896 0.3333333333333333 0.008645533141210375 0.006289308176100629
0 0.5 0.639937106918239 1.0 0.6383647798742138
0 0.09077809798270893 0.31446540880503143 0.008645533141210375 0.006289308176100629
0 0.984149855907781 0.30345911949685533 0.03170028818443804 0.02830188679245283
0 0.8054755043227666 0.28144654088050314 0.008645533141210375 0.009433962264150943
0 0.7593659942363112 0.27044025157232704 0.008645533141210375 0.006289308176100629
0 0.7406340057636888 0.2688679245283019 0.01729106628242075 0.015723270440251572
0 0.7219020172910663 0.2672955974842767 0.01440922190201729 0.012578616352201259
0 0.9956772334293948 0.2672955974842767 0.008645533141210375 0.025157232704402517
0 0.6786743515850144 0.2531446540880503 0.01440922190201729 0.015723270440251572
0 0.9927953890489913 0.24528301886792453 0.01440922190201729 0.012578616352201259
0 0.4884726224783862 0.20754716981132076 0.020172910662824207 0.012578616352201259
0 0.3227665706051873 0.300314465408805 0.6455331412103746 0.36163522012578614
0 0.8285302593659942 0.16666666666666666 0.34293948126801155 0.1509433962264151
0 0.600864553314121 0.07389937106918239 0.06051873198847262 0.0220125786163522
0 0.5763688760806917 0.05188679245283019 0.011527377521613832 0.015723270440251572
0 0.6037463976945245 0.0440251572327044 0.01440922190201729 0.012578616352201259
0 0.5547550432276657 0.0440251572327044 0.020172910662824207 0.07547169811320754
0 0.5864553314121037 0.0031446540880503146 0.002881844380403458 0.006289308176100629
0 0.44668587896253603 0.0330188679245283 0.02881844380403458 0.0660377358490566
0 0.3919308357348703 0.031446540880503145 0.05763688760806916 0.06289308176100629
0 0.3285302593659942 0.031446540880503145 0.04610951008645533 0.06289308176100629
