0 0.44592198581560283 0.9910714285714286 0.01950354609929078 0.017857142857142856
0 0.399822695035461 0.9910714285714286 0.026595744680851064 0.017857142857142856
0 0.3608156028368794 0.9910714285714286 0.030141843971631204 0.017857142857142856
0 0.5283687943262412 0.9851190476190477 0.0070921985815602835 0.011904761904761904
0 0.5469858156028369 0.9761904761904762 0.008865248226950355 0.005952380952380952
0 0.21719858156028368 0.5431547619047619 0.01950354609929078 0.008928571428571428
0 0.30939716312056736 0.5163690476190477 0.10460992907801418 0.026785714285714284
0 0.08599290780141844 0.5089285714285714 0.02304964539007092 0.017857142857142856
0 0.18882978723404256 0.5148809523809523 0.11170212765957446 0.03571428571428571
0 0.4352836879432624 0.4791666666666667 0.012411347517730497 0.011904761904761904
0 0.0425531914893617 0.47767857142857145 0.03546099290780142 0.03273809523809524
0 0.1347517730496454 0.46875 0.014184397163120567 0.026785714285714284
0 0.09219858156028368 0.4732142857142857 0.031914893617021274 0.041666666666666664
0 0.4787234042553192 0.40625 0.0070921985815602835 0.008928571428571428
0 0.4671985815602837 0.3913690476190476 0.012411347517730497 0.008928571428571428
0 0.4512411347517731 0.3898809523809524 0.012411347517730497 0.005952380952380952
0 0.4015957446808511 0.3898809523809524 0.005319148936170213 0.005952380952380952
0 0.16666666666666666 0.3645833333333333 0.0035460992907801418 0.002976190476190476
0 0.19326241134751773 0.3630952380952381 0.010638297872340425 0.005952380952380952
0 0.1773049645390071 0.3645833333333333 0.010638297872340425 0.008928571428571428
0 0.2570921985815603 0.36160714285714285 0.010638297872340425 0.008928571428571428
0 0.2402482269503546 0.36160714285714285 0.015957446808510637 0.008928571428571428
0 0.2296099290780142 0.29017857142857145 0.0017730496453900709 0.002976190476190476
0 0.5 0.5074404761904762 1.0 0.8184523809523809
0 0.975177304964539 0.09375 0.028368794326241134 0.01488095238095238
0 0.004432624113475178 0.08928571428571429 0.008865248226950355 0.011904761904761904
0 0.5629432624113475 0.05357142857142857 0.008865248226950355 0.011904761904761904
0 0.5203900709219859 0.049107142857142856 0.0017730496453900709 0.002976190476190476
0 0.5735815602836879 0.03869047619047619 0.008865248226950355 0.011904761904761904
0 0.5381205673758865 0.044642857142857144 0.015957446808510637 0.02976190476190476
0 0.5540780141843972 0.025297619047619048 0.015957446808510637 0.020833333333333332
0 0.5212765957446809 0.022321428571428572 0.0070921985815602835 0.03273809523809524
0 0.6161347517730497 0.04017857142857143 0.040780141843971635 0.08035714285714286
0 0.5647163120567376 0.00744047619047619 0.005319148936170213 0.01488095238095238
0 0.5540780141843972 0.001488095238095238 0.0017730496453900709 0.002976190476190476
0 0.44060283687943264 0.023809523809523808 0.01950354609929078 0.047619047619047616
0 0.40070921985815605 0.025297619047619048 0.0425531914893617 0.050595238095238096
0 0.35638297872340424 0.025297619047619048 0.028368794326241134 0.050595238095238096
0 0.34397163120567376 0.001488095238095238 0.0035460992907801418 0.002976190476190476
0 0.40868794326241137 0.043154761904761904 0.2074468085106383 0.08630952380952381
