0 0.4909560723514212 0.969811320754717 0.0103359173126615 0.01509433962264151
0 0.49612403100775193 0.9452830188679245 0.00516795865633075 0.0037735849056603774
0 0.5232558139534884 0.9660377358490566 0.03875968992248062 0.06792452830188679
0 0.5064599483204134 0.9245283018867925 0.0103359173126615 0.01509433962264151
0 0.47674418604651164 0.9566037735849057 0.01808785529715762 0.08679245283018867
0 0.3669250645994832 0.9490566037735849 0.031007751937984496 0.07924528301886792
0 0.31912144702842377 0.9452830188679245 0.059431524547803614 0.07924528301886792
0 0.2571059431524548 0.939622641509434 0.028423772609819122 0.07547169811320754
0 0.5 0.4641509433962264 1.0 0.8377358490566038
0 0.2351421188630491 0.018867924528301886 0.0103359173126615 0.007547169811320755
0 0.5322997416020672 0.011320754716981131 0.082687338501292 0.022641509433962263
