0 0.7154471544715447 0.9900793650793651 0.01084010840108401 0.01984126984126984
0 0.44579945799457993 0.9781746031746031 0.024390243902439025 0.04365079365079365
0 0.48644986449864497 0.9761904761904762 0.013550135501355014 0.047619047619047616
0 0.5582655826558266 0.9603174603174603 0.016260162601626018 0.031746031746031744
0 0.3943089430894309 0.9563492063492064 0.03523035230352303 0.0873015873015873
0 0.6070460704607046 0.9484126984126984 0.06504065040650407 0.10317460317460317
0 0.8062330623306233 0.9444444444444444 0.013550135501355014 0.1111111111111111
0 0.6409214092140921 0.8392857142857143 0.024390243902439025 0.011904761904761904
0 0.4254742547425474 0.8452380952380952 0.16802168021680217 0.031746031746031744
0 0.5718157181571816 0.8373015873015873 0.08130081300813008 0.047619047619047616
0 0.8184281842818428 0.8194444444444444 0.31978319783197834 0.06746031746031746
0 0.02032520325203252 0.7063492063492064 0.04065040650406504 0.3492063492063492
0 0.16124661246612465 0.6904761904761905 0.14363143631436315 0.35714285714285715
0 0.24390243902439024 0.45436507936507936 0.005420054200542005 0.011904761904761904
0 0.012195121951219513 0.4603174603174603 0.024390243902439025 0.031746031746031744
0 0.2696476964769648 0.34325396825396826 0.018970189701897018 0.01984126984126984
0 0.02168021680216802 0.15873015873015872 0.04336043360433604 0.12698412698412698
0 0.521680216802168 0.26587301587301587 0.9024390243902439 0.47619047619047616
0 0.6747967479674797 0.005952380952380952 0.04878048780487805 0.011904761904761904
0 0.46070460704607047 0.005952380952380952 0.02168021680216802 0.011904761904761904
