0 0.7383820998278829 0.9941077441077442 0.03442340791738382 0.011784511784511785
0 0.5352839931153184 0.9907407407407407 0.19965576592082615 0.018518518518518517
0 0.08777969018932874 0.9654882154882155 0.013769363166953529 0.005050505050505051
0 0.05249569707401033 0.9595959595959596 0.0051635111876075735 0.003367003367003367
0 0.02323580034423408 0.9638047138047138 0.04647160068846816 0.015151515151515152
0 0.21084337349397592 0.9503367003367004 0.0017211703958691911 0.0016835016835016834
0 0.20051635111876076 0.9503367003367004 0.0051635111876075735 0.0016835016835016834
0 0.1884681583476764 0.9503367003367004 0.0051635111876075735 0.0016835016835016834
0 0.2641996557659208 0.9486531986531986 0.0017211703958691911 0.0016835016835016834
0 0.2452667814113597 0.9494949494949495 0.029259896729776247 0.003367003367003367
0 0.029259896729776247 0.9511784511784511 0.058519793459552494 0.006734006734006734
0 0.19793459552495696 0.9284511784511784 0.1962134251290878 0.005050505050505051
0 0.29604130808950085 0.9183501683501684 0.027538726333907058 0.0016835016835016834
0 0.1764199655765921 0.92003367003367 0.19793459552495696 0.008417508417508417
0 0.35714285714285715 0.9082491582491582 0.0051635111876075735 0.0016835016835016834
0 0.16781411359724613 0.9090909090909091 0.17728055077452667 0.006734006734006734
0 0.31153184165232356 0.8981481481481481 0.0034423407917383822 0.0016835016835016834
0 0.30206540447504304 0.8981481481481481 0.0051635111876075735 0.0016835016835016834
0 0.2917383820998279 0.8981481481481481 0.0017211703958691911 0.0016835016835016834
0 0.16179001721170397 0.8998316498316499 0.1686746987951807 0.008417508417508417
0 0.7538726333907056 0.8863636363636364 0.0034423407917383822 0.0016835016835016834
0 0.697934595524957 0.8863636363636364 0.0051635111876075735 0.0016835016835016834
0 0.6394148020654045 0.8863636363636364 0.0017211703958691911 0.0016835016835016834
0 0.8407917383820999 0.8846801346801347 0.0017211703958691911 0.0016835016835016834
0 0.8029259896729777 0.8855218855218855 0.06368330464716007 0.003367003367003367
0 0.7633390705679862 0.8855218855218855 0.008605851979345954 0.003367003367003367
0 0.7401032702237521 0.8855218855218855 0.0068846815834767644 0.003367003367003367
0 0.7203098106712564 0.8855218855218855 0.008605851979345954 0.003367003367003367
0 0.9251290877796902 0.8846801346801347 0.14974182444061962 0.005050505050505051
0 0.8080895008605852 0.8762626262626263 0.0051635111876075735 0.0016835016835016834
0 0.7969018932874354 0.8762626262626263 0.0068846815834767644 0.0016835016835016834
0 0.7736660929432013 0.8762626262626263 0.0051635111876075735 0.0016835016835016834
0 0.7624784853700516 0.8762626262626263 0.0068846815834767644 0.0016835016835016834
0 0.7504302925989673 0.8762626262626263 0.0068846815834767644 0.0016835016835016834
0 0.7401032702237521 0.8762626262626263 0.0068846815834767644 0.0016835016835016834
0 0.7289156626506024 0.8762626262626263 0.0051635111876075735 0.0016835016835016834
0 0.8227194492254734 0.8754208754208754 0.01721170395869191 0.003367003367003367
0 0.9259896729776248 0.8745791245791246 0.14802065404475043 0.005050505050505051
0 0.29690189328743544 0.8686868686868687 0.0051635111876075735 0.003367003367003367
0 0.8055077452667814 0.8661616161616161 0.0034423407917383822 0.0016835016835016834
0 0.7822719449225474 0.8661616161616161 0.0051635111876075735 0.0016835016835016834
0 0.7719449225473322 0.8661616161616161 0.0017211703958691911 0.0016835016835016834
0 0.9242685025817556 0.8644781144781145 0.0068846815834767644 0.0016835016835016834
0 0.9122203098106713 0.8644781144781145 0.0068846815834767644 0.0016835016835016834
0 0.8743545611015491 0.8653198653198653 0.06196213425129088 0.003367003367003367
0 0.8296041308089501 0.8653198653198653 0.013769363166953529 0.003367003367003367
0 0.8158347676419966 0.8653198653198653 0.0068846815834767644 0.003367003367003367
0 0.9655765920826161 0.8644781144781145 0.06884681583476764 0.005050505050505051
0 0.6118760757314974 0.8577441077441077 0.0051635111876075735 0.0016835016835016834
0 0.5301204819277109 0.8577441077441077 0.0068846815834767644 0.0016835016835016834
0 0.48967297762478484 0.8577441077441077 0.0017211703958691911 0.0016835016835016834
0 0.3442340791738382 0.8585858585858586 0.01721170395869191 0.003367003367003367
0 0.31153184165232356 0.8585858585858586 0.04130808950086059 0.003367003367003367
0 0.6738382099827883 0.8569023569023569 0.04647160068846816 0.003367003367003367
0 0.6385542168674698 0.8560606060606061 0.0034423407917383822 0.0016835016835016834
0 0.6333907056798623 0.8569023569023569 0.0034423407917383822 0.003367003367003367
0 0.8554216867469879 0.8552188552188552 0.2891566265060241 0.006734006734006734
0 0.20051635111876076 0.8476430976430976 0.0051635111876075735 0.0016835016835016834
0 0.22117039586919104 0.8468013468013468 0.025817555938037865 0.003367003367003367
0 0.9922547332185886 0.8434343434343434 0.01549053356282272 0.003367003367003367
0 0.3192771084337349 0.8375420875420876 0.0017211703958691911 0.0016835016835016834
0 0.7693631669535284 0.8358585858585859 0.0034423407917383822 0.0016835016835016834
0 0.6772805507745266 0.8358585858585859 0.0051635111876075735 0.0016835016835016834
0 0.6686746987951807 0.8358585858585859 0.008605851979345954 0.0016835016835016834
0 0.5473321858864028 0.8358585858585859 0.013769363166953529 0.0016835016835016834
0 0.5309810671256454 0.8367003367003367 0.0017211703958691911 0.003367003367003367
0 0.963855421686747 0.8341750841750841 0.0034423407917383822 0.0016835016835016834
0 0.9414802065404475 0.8341750841750841 0.0034423407917383822 0.0016835016835016834
0 0.9320137693631669 0.8341750841750841 0.0051635111876075735 0.0016835016835016834
0 0.919104991394148 0.8341750841750841 0.0034423407917383822 0.0016835016835016834
0 0.9070567986230637 0.8341750841750841 0.0068846815834767644 0.0016835016835016834
0 0.8984509466437177 0.8341750841750841 0.0068846815834767644 0.0016835016835016834
0 0.8864027538726333 0.8341750841750841 0.0034423407917383822 0.0016835016835016834
0 0.8752151462994836 0.8341750841750841 0.0017211703958691911 0.0016835016835016834
0 0.8528399311531841 0.8341750841750841 0.0017211703958691911 0.0016835016835016834
0 0.842512908777969 0.8341750841750841 0.0051635111876075735 0.0016835016835016834
0 0.8313253012048193 0.8341750841750841 0.0034423407917383822 0.0016835016835016834
0 0.7969018932874354 0.8341750841750841 0.0034423407917383822 0.0016835016835016834
0 0.7461273666092944 0.835016835016835 0.0051635111876075735 0.003367003367003367
0 0.9862306368330465 0.8341750841750841 0.027538726333907058 0.005050505050505051
0 0.995697074010327 0.8240740740740741 0.008605851979345954 0.0016835016835016834
0 0.9853700516351118 0.8240740740740741 0.0017211703958691911 0.0016835016835016834
0 0.7779690189328744 0.8148148148148148 0.03098106712564544 0.003367003367003367
0 0.6927710843373494 0.8156565656565656 0.13253012048192772 0.005050505050505051
0 0.5912220309810671 0.8156565656565656 0.06368330464716007 0.005050505050505051
0 0.5240963855421686 0.8156565656565656 0.06368330464716007 0.005050505050505051
0 0.8984509466437177 0.813973063973064 0.20309810671256454 0.005050505050505051
0 0.03442340791738382 0.8661616161616161 0.06884681583476764 0.15993265993265993
0 0.891566265060241 0.6961279461279462 0.0034423407917383822 0.0016835016835016834
0 0.5619621342512908 0.6927609427609428 0.022375215146299483 0.005050505050505051
0 0.5086058519793459 0.696969696969697 0.043029259896729774 0.013468013468013467
0 0.08605851979345955 0.6877104377104377 0.013769363166953529 0.005050505050505051
0 0.6110154905335629 0.6818181818181818 0.0068846815834767644 0.003367003367003367
0 0.19793459552495696 0.6708754208754208 0.0034423407917383822 0.0016835016835016834
0 0.025817555938037865 0.6725589225589226 0.05163511187607573 0.008417508417508417
0 0.878657487091222 0.6675084175084175 0.012048192771084338 0.0016835016835016834
0 0.8648881239242685 0.6675084175084175 0.008605851979345954 0.0016835016835016834
0 0.8347676419965576 0.6675084175084175 0.010327022375215147 0.0016835016835016834
0 0.7925989672977625 0.6675084175084175 0.008605851979345954 0.0016835016835016834
0 0.9802065404475043 0.6666666666666666 0.029259896729776247 0.003367003367003367
0 0.9294320137693631 0.6666666666666666 0.03098106712564544 0.003367003367003367
0 0.9018932874354562 0.6666666666666666 0.020654044750430294 0.003367003367003367
0 0.685025817555938 0.6641414141414141 0.03442340791738382 0.008417508417508417
0 0.7125645438898451 0.6557239057239057 0.013769363166953529 0.005050505050505051
0 0.12994836488812392 0.6565656565656566 0.10154905335628227 0.006734006734006734
0 0.9518072289156626 0.6313131313131313 0.0963855421686747 0.006734006734006734
0 0.12736660929432014 0.6338383838383839 0.09982788296041308 0.018518518518518517
0 0.9776247848537005 0.6102693602693603 0.01721170395869191 0.005050505050505051
0 0.03442340791738382 0.4292929292929293 0.06884681583476764 0.468013468013468
0 0.012048192771084338 0.18602693602693604 0.010327022375215147 0.008417508417508417
0 0.00774526678141136 0.08922558922558922 0.01549053356282272 0.037037037037037035
0 0.5 0.5075757575757576 1.0 0.9107744107744108
0 0.1712564543889845 0.009259259259259259 0.0051635111876075735 0.0016835016835016834
