0 0.7571428571428571 0.9942965779467681 0.007792207792207792 0.011406844106463879
0 0.5337662337662338 0.9771863117870723 0.01818181818181818 0.045627376425855515
0 0.4779220779220779 0.9771863117870723 0.04155844155844156 0.045627376425855515
0 0.577922077922078 0.9752851711026616 0.02857142857142857 0.049429657794676805
0 0.6922077922077922 0.9695817490494296 0.02857142857142857 0.060836501901140684
0 0.7142857142857143 0.94106463878327 0.01038961038961039 0.011406844106463879
0 0.7246753246753247 0.9638783269961977 0.05194805194805195 0.07224334600760456
0 0.17532467532467533 0.8555133079847909 0.023376623376623377 0.0076045627376425855
0 0.13376623376623376 0.8536121673003803 0.007792207792207792 0.0038022813688212928
0 0.12207792207792208 0.8536121673003803 0.005194805194805195 0.0038022813688212928
0 0.03506493506493506 0.8384030418250951 0.0025974025974025974 0.0038022813688212928
0 0.007792207792207792 0.8384030418250951 0.015584415584415584 0.0038022813688212928
0 0.21688311688311687 0.8326996197718631 0.007792207792207792 0.0076045627376425855
0 0.17662337662337663 0.8326996197718631 0.015584415584415584 0.0076045627376425855
0 0.5662337662337662 0.7775665399239544 0.005194805194805195 0.0038022813688212928
0 0.9727272727272728 0.7908745247148289 0.05454545454545454 0.08365019011406843
0 0.03116883116883117 0.7338403041825095 0.01038961038961039 0.0076045627376425855
0 0.0025974025974025974 0.7338403041825095 0.005194805194805195 0.0076045627376425855
0 0.0025974025974025974 0.714828897338403 0.005194805194805195 0.0076045627376425855
0 0.032467532467532464 0.7129277566539924 0.012987012987012988 0.019011406844106463
0 0.6415584415584416 0.6539923954372624 0.09350649350649351 0.0076045627376425855
0 0.6974025974025974 0.6501901140684411 0.012987012987012988 0.0076045627376425855
0 0.9961038961038962 0.5551330798479087 0.007792207792207792 0.030418250950570342
0 0.33506493506493507 0.7034220532319392 0.4987012987012987 0.3269961977186312
0 0.05714285714285714 0.5038022813688213 0.005194805194805195 0.011406844106463879
0 0.10649350649350649 0.5019011406844106 0.015584415584415584 0.015209125475285171
0 0.7844155844155845 0.49429657794676807 0.43116883116883115 0.07604562737642585
0 0.10519480519480519 0.46387832699619774 0.012987012987012988 0.022813688212927757
0 0.03506493506493506 0.46577946768060835 0.07012987012987013 0.026615969581749048
0 0.564935064935065 0.41064638783269963 0.012987012987012988 0.015209125475285171
0 0.03506493506493506 0.41064638783269963 0.07012987012987013 0.030418250950570342
0 0.9961038961038962 0.3973384030418251 0.007792207792207792 0.019011406844106463
0 0.03506493506493506 0.376425855513308 0.07012987012987013 0.03802281368821293
0 0.03766233766233766 0.2262357414448669 0.07532467532467532 0.25475285171102663
0 0.548051948051948 0.2338403041825095 0.9038961038961039 0.3688212927756654
0 0.7571428571428571 0.022813688212927757 0.01818181818181818 0.015209125475285171
0 0.8103896103896104 0.030418250950570342 0.05194805194805195 0.060836501901140684
0 0.7415584415584415 0.005703422053231939 0.012987012987012988 0.011406844106463879
0 0.7077922077922078 0.015209125475285171 0.04415584415584416 0.030418250950570342
0 0.5857142857142857 0.005703422053231939 0.012987012987012988 0.011406844106463879
0 0.5246753246753246 0.0076045627376425855 0.03116883116883117 0.015209125475285171
0 0.4857142857142857 0.005703422053231939 0.01038961038961039 0.011406844106463879
0 0.538961038961039 0.026615969581749048 0.2623376623376623 0.053231939163498096
