0 0.4015957446808511 0.9985074626865672 0.01950354609929078 0.0029850746268656717
0 0.3599290780141844 0.9985074626865672 0.010638297872340425 0.0029850746268656717
0 0.526595744680851 0.9970149253731343 0.0035460992907801418 0.005970149253731343
0 0.47429078014184395 0.9970149253731343 0.0017730496453900709 0.005970149253731343
0 0.32180851063829785 0.9955223880597015 0.008865248226950355 0.008955223880597015
0 0.5478723404255319 0.9895522388059701 0.0070921985815602835 0.008955223880597015
0 0.49822695035460995 0.9850746268656716 0.0070921985815602835 0.005970149253731343
0 0.48315602836879434 0.9850746268656716 0.008865248226950355 0.011940298507462687
0 0.325354609929078 0.9791044776119403 0.0017730496453900709 0.005970149253731343
0 0.34929078014184395 0.9686567164179104 0.0035460992907801418 0.0029850746268656717
0 0.9796099290780141 0.1044776119402985 0.030141843971631204 0.01791044776119403
0 0.5 0.5134328358208955 1.0 0.835820895522388
0 0.5673758865248227 0.06417910447761194 0.0070921985815602835 0.008955223880597015
0 0.5762411347517731 0.049253731343283584 0.0035460992907801418 0.008955223880597015
0 0.5416666666666666 0.056716417910447764 0.015957446808510637 0.029850746268656716
0 0.5602836879432624 0.04029850746268657 0.010638297872340425 0.014925373134328358
0 0.5691489361702128 0.019402985074626865 0.0035460992907801418 0.008955223880597015
0 0.525709219858156 0.028358208955223882 0.008865248226950355 0.026865671641791045
0 0.5585106382978723 0.011940298507462687 0.0035460992907801418 0.005970149253731343
0 0.6205673758865248 0.04477611940298507 0.0425531914893617 0.08955223880597014
0 0.5815602836879432 0.004477611940298508 0.0035460992907801418 0.008955223880597015
0 0.4441489361702128 0.028358208955223882 0.01950354609929078 0.056716417910447764
0 0.4175531914893617 0.007462686567164179 0.012411347517730497 0.014925373134328358
0 0.4051418439716312 0.029850746268656716 0.044326241134751775 0.05970149253731343
0 0.3599290780141844 0.03134328358208955 0.028368794326241134 0.0626865671641791
0 0.3519503546099291 0.007462686567164179 0.012411347517730497 0.014925373134328358
0 0.4122340425531915 0.049253731343283584 0.2074468085106383 0.09850746268656717
