0 0.669889502762431 0.9979838709677419 0.0027624309392265192 0.004032258064516129
0 0.7044198895027625 0.9959677419354839 0.011049723756906077 0.008064516129032258
0 0.5676795580110497 0.45564516129032256 0.0027624309392265192 0.008064516129032258
0 0.5676795580110497 0.4334677419354839 0.0027624309392265192 0.004032258064516129
0 0.569060773480663 0.39919354838709675 0.011049723756906077 0.056451612903225805
0 0.569060773480663 0.36088709677419356 0.0055248618784530384 0.012096774193548387
0 0.569060773480663 0.34274193548387094 0.0055248618784530384 0.016129032258064516
0 0.5704419889502762 0.29838709677419356 0.0027624309392265192 0.016129032258064516
0 0.569060773480663 0.25 0.0055248618784530384 0.016129032258064516
0 0.5 0.5020161290322581 1.0 0.842741935483871
0 0.712707182320442 0.04032258064516129 0.0055248618784530384 0.008064516129032258
0 0.6685082872928176 0.036290322580645164 0.022099447513812154 0.016129032258064516
0 0.638121546961326 0.03225806451612903 0.0055248618784530384 0.016129032258064516
0 0.7638121546961326 0.03225806451612903 0.052486187845303865 0.06451612903225806
0 0.6961325966850829 0.02217741935483871 0.016574585635359115 0.04435483870967742
0 0.6519337016574586 0.010080645161290322 0.03867403314917127 0.020161290322580645
0 0.5290055248618785 0.014112903225806451 0.008287292817679558 0.028225806451612902
0 0.468232044198895 0.016129032258064516 0.04143646408839779 0.03225806451612903
0 0.4143646408839779 0.016129032258064516 0.03867403314917127 0.03225806451612903
0 0.48066298342541436 0.034274193548387094 0.281767955801105 0.06854838709677419
