0 0.28160919540229884 0.9919472913616398 0.027914614121510674 0.004392386530014641
0 0.19129720853858784 0.986822840409956 0.011494252873563218 0.0029282576866764276
0 0.11247947454844007 0.9846266471449487 0.12315270935960591 0.013177159590043924
0 0.0180623973727422 0.9699853587115667 0.0361247947454844 0.027818448023426062
0 0.6100164203612479 0.9575402635431918 0.027914614121510674 0.043923865300146414
0 0.6174055829228243 0.9165446559297218 0.006568144499178982 0.020497803806734993
0 0.6198686371100164 0.8448023426061494 0.011494252873563218 0.008784773060029283
0 0.6715927750410509 0.8411420204978038 0.006568144499178982 0.004392386530014641
0 0.6428571428571429 0.8440702781844802 0.014778325123152709 0.010248901903367497
0 0.7003284072249589 0.8404099560761347 0.021346469622331693 0.01171303074670571
0 0.9802955665024631 0.8587115666178624 0.029556650246305417 0.0629575402635432
0 0.5681444991789819 0.8096632503660323 0.009852216748768473 0.0029282576866764276
0 0.6855500821018062 0.7884333821376281 0.021346469622331693 0.004392386530014641
0 0.6502463054187192 0.7818448023426061 0.006568144499178982 0.0029282576866764276
0 0.6945812807881774 0.780380673499268 0.016420361247947456 0.0029282576866764276
0 0.10509031198686371 0.7715959004392386 0.06568144499178982 0.005856515373352855
0 0.23891625615763548 0.7401171303074671 0.0049261083743842365 0.0014641288433382138
0 0.10837438423645321 0.7313323572474377 0.003284072249589491 0.0014641288433382138
0 0.12315270935960591 0.7306002928257687 0.006568144499178982 0.0029282576866764276
0 0.16338259441707717 0.7232796486090776 0.008210180623973728 0.0029282576866764276
0 0.15188834154351397 0.7225475841874085 0.0049261083743842365 0.0014641288433382138
0 0.1444991789819376 0.7225475841874085 0.003284072249589491 0.0014641288433382138
0 0.0024630541871921183 0.5951683748169839 0.0049261083743842365 0.013177159590043924
0 0.9343185550082101 0.6361639824304539 0.06239737274220033 0.1273792093704246
0 0.9302134646962233 0.5695461200585652 0.0049261083743842365 0.0029282576866764276
0 0.9277504105090312 0.5607613469985359 0.016420361247947456 0.008784773060029283
0 0.9285714285714286 0.5527086383601757 0.008210180623973728 0.004392386530014641
0 0.022988505747126436 0.5475841874084919 0.009852216748768473 0.0029282576866764276
0 0.367816091954023 0.7635431918008785 0.735632183908046 0.44363103953147875
0 0.9277504105090312 0.5439238653001464 0.016420361247947456 0.007320644216691069
0 0.38095238095238093 0.5329428989751098 0.6896551724137931 0.014641288433382138
0 0.9269293924466339 0.5263543191800878 0.0180623973727422 0.007320644216691069
0 0.3825944170771757 0.5168374816983895 0.6962233169129721 0.017569546120058566
0 0.9261083743842364 0.5102489019033675 0.019704433497536946 0.010248901903367497
0 0.9252873563218391 0.493411420204978 0.021346469622331693 0.01171303074670571
0 0.022167487684729065 0.48096632503660325 0.014778325123152709 0.004392386530014641
0 0.3784893267651888 0.4912152269399707 0.7011494252873564 0.036603221083455345
0 0.5049261083743842 0.3008784773060029 0.021346469622331693 0.007320644216691069
0 0.9343185550082101 0.38653001464128844 0.042692939244663386 0.19912152269399708
0 0.06239737274220033 0.2752562225475842 0.006568144499178982 0.0029282576866764276
0 0.9351395730706076 0.2781844802342606 0.024630541871921183 0.014641288433382138
0 0.9351395730706076 0.26207906295754024 0.024630541871921183 0.014641288433382138
0 0.18144499178981938 0.24377745241581258 0.0016420361247947454 0.0014641288433382138
0 0.9367816091954023 0.2445095168374817 0.024630541871921183 0.017569546120058566
0 0.05172413793103448 0.2349926793557833 0.04433497536945813 0.007320644216691069
0 0.06568144499178982 0.22620790629575402 0.006568144499178982 0.0014641288433382138
0 0.05172413793103448 0.21888726207906295 0.04433497536945813 0.007320644216691069
0 0.054187192118226604 0.20571010248901903 0.03940886699507389 0.013177159590043924
0 0.2733990147783251 0.1925329428989751 0.0016420361247947454 0.0014641288433382138
0 0.21921182266009853 0.19399707174231332 0.011494252873563218 0.007320644216691069
0 0.28078817733990147 0.1720351390922401 0.016420361247947456 0.03367496339677892
0 0.041050903119868636 0.12079062957540264 0.08210180623973727 0.15080527086383602
0 0.5681444991789819 0.024890190336749635 0.003284072249589491 0.0029282576866764276
0 0.5779967159277504 0.021961932650073207 0.006568144499178982 0.01171303074670571
0 0.5410509031198686 0.016105417276720352 0.0049261083743842365 0.008784773060029283
0 0.5 0.23645680819912152 1.0 0.47291361639824303
0 0.5763546798029556 0.005856515373352855 0.003284072249589491 0.01171303074670571
0 0.47619047619047616 0.012445095168374817 0.016420361247947456 0.024890190336749635
0 0.4490968801313629 0.012445095168374817 0.014778325123152709 0.024890190336749635
0 0.43267651888341546 0.01171303074670571 0.011494252873563218 0.02342606149341142
0 0.4064039408866995 0.01171303074670571 0.008210180623973728 0.02342606149341142
0 0.39901477832512317 0.0007320644216691069 0.003284072249589491 0.0014641288433382138
0 0.4433497536945813 0.021961932650073207 0.16748768472906403 0.043923865300146414
