0 0.4644736842105263 0.9807692307692307 0.02894736842105263 0.038461538461538464
0 0.5736842105263158 0.9788461538461538 0.02631578947368421 0.04230769230769231
0 0.525 0.9788461538461538 0.05 0.04230769230769231
0 0.743421052631579 0.9576923076923077 0.018421052631578946 0.023076923076923078
0 0.7065789473684211 0.948076923076923 0.002631578947368421 0.0038461538461538464
0 0.6789473684210526 0.9730769230769231 0.015789473684210527 0.05384615384615385
0 0.006578947368421052 0.8903846153846153 0.013157894736842105 0.0038461538461538464
0 0.021052631578947368 0.8711538461538462 0.042105263157894736 0.011538461538461539
0 0.40131578947368424 0.8596153846153847 0.007894736842105263 0.0038461538461538464
0 0.37105263157894736 0.8596153846153847 0.015789473684210527 0.0038461538461538464
0 0.3447368421052632 0.8596153846153847 0.015789473684210527 0.0038461538461538464
0 0.31973684210526315 0.8596153846153847 0.002631578947368421 0.0038461538461538464
0 0.5026315789473684 0.8557692307692307 0.010526315789473684 0.0038461538461538464
0 0.48289473684210527 0.8557692307692307 0.013157894736842105 0.0038461538461538464
0 0.22894736842105262 0.8442307692307692 0.010526315789473684 0.0038461538461538464
0 0.1368421052631579 0.8461538461538461 0.05263157894736842 0.007692307692307693
0 0.19736842105263158 0.8423076923076923 0.042105263157894736 0.007692307692307693
0 0.3157894736842105 0.8211538461538461 0.015789473684210527 0.0038461538461538464
0 0.03684210526315789 0.8384615384615385 0.07368421052631578 0.038461538461538464
0 0.4697368421052632 0.8153846153846154 0.007894736842105263 0.007692307692307693
0 0.5236842105263158 0.8115384615384615 0.010526315789473684 0.007692307692307693
0 0.4881578947368421 0.7903846153846154 0.007894736842105263 0.0038461538461538464
0 0.038157894736842106 0.7980769230769231 0.07631578947368421 0.03461538461538462
0 0.038157894736842106 0.7423076923076923 0.07631578947368421 0.06923076923076923
0 0.017105263157894738 0.698076923076923 0.002631578947368421 0.0038461538461538464
0 0.03289473684210526 0.6730769230769231 0.06578947368421052 0.023076923076923078
0 0.025 0.6403846153846153 0.05 0.03461538461538462
0 0.125 0.6326923076923077 0.04473684210526316 0.09615384615384616
0 0.04868421052631579 0.5807692307692308 0.060526315789473685 0.038461538461538464
0 0.375 0.5596153846153846 0.007894736842105263 0.0038461538461538464
0 0.1513157894736842 0.5653846153846154 0.07631578947368421 0.015384615384615385
0 0.3381578947368421 0.5615384615384615 0.02894736842105263 0.015384615384615385
0 0.23157894736842105 0.5615384615384615 0.04736842105263158 0.015384615384615385
0 0.24210526315789474 0.5038461538461538 0.021052631578947368 0.03076923076923077
0 0.1763157894736842 0.5096153846153846 0.05789473684210526 0.057692307692307696
0 0.03684210526315789 0.47115384615384615 0.031578947368421054 0.011538461538461539
0 0.12763157894736843 0.46923076923076923 0.02368421052631579 0.015384615384615385
0 0.038157894736842106 0.4307692307692308 0.02894736842105263 0.015384615384615385
0 0.04736842105263158 0.38653846153846155 0.05789473684210526 0.026923076923076925
0 0.038157894736842106 0.3423076923076923 0.034210526315789476 0.023076923076923078
0 0.035526315789473684 0.2980769230769231 0.034210526315789476 0.019230769230769232
0 0.039473684210526314 0.175 0.07894736842105263 0.19615384615384615
0 0.5434210526315789 0.46153846153846156 0.8868421052631579 0.7923076923076923
0 0.7526315789473684 0.023076923076923078 0.021052631578947368 0.03076923076923077
0 0.7092105263157895 0.019230769230769232 0.05 0.038461538461538464
0 0.5868421052631579 0.009615384615384616 0.010526315789473684 0.019230769230769232
0 0.5447368421052632 0.011538461538461539 0.015789473684210527 0.023076923076923078
0 0.5026315789473684 0.011538461538461539 0.02631578947368421 0.023076923076923078
