0 0.002028397565922921 0.8927738927738927 0.004056795131845842 0.07925407925407925
0 0.5121703853955375 0.8717948717948718 0.9756592292089249 0.0979020979020979
0 0.7799188640973631 0.782051282051282 0.006085192697768763 0.002331002331002331
0 0.7515212981744422 0.782051282051282 0.038539553752535496 0.006993006993006993
0 0.034482758620689655 0.7797202797202797 0.012170385395537525 0.002331002331002331
0 0.05476673427991886 0.7785547785547785 0.016227180527383367 0.004662004662004662
0 0.9056795131845842 0.7750582750582751 0.014198782961460446 0.002331002331002331
0 0.18559837728194725 0.7494172494172494 0.002028397565922921 0.002331002331002331
0 0.1643002028397566 0.7505827505827506 0.02434077079107505 0.004662004662004662
0 0.1389452332657201 0.7505827505827506 0.02231237322515213 0.004662004662004662
0 0.11764705882352941 0.7505827505827506 0.012170385395537525 0.004662004662004662
0 0.06389452332657201 0.7517482517482518 0.07505070993914807 0.006993006993006993
0 0.11156186612576065 0.7237762237762237 0.17038539553752535 0.006993006993006993
0 0.35699797160243407 0.7167832167832168 0.04056795131845842 0.002331002331002331
0 0.460446247464503 0.7144522144522144 0.008113590263691683 0.002331002331002331
0 0.4411764705882353 0.7144522144522144 0.006085192697768763 0.002331002331002331
0 0.1997971602434077 0.6958041958041958 0.006085192697768763 0.002331002331002331
0 0.1075050709939148 0.696969696969697 0.16227180527383367 0.009324009324009324
0 0.4107505070993915 0.6888111888111889 0.010141987829614604 0.002331002331002331
0 0.5 0.6864801864801865 0.014198782961460446 0.002331002331002331
0 0.6470588235294118 0.6818181818181818 0.008113590263691683 0.002331002331002331
0 0.7383367139959433 0.6794871794871795 0.012170385395537525 0.002331002331002331
0 0.7139959432048681 0.6794871794871795 0.02028397565922921 0.002331002331002331
0 0.6987829614604463 0.6794871794871795 0.006085192697768763 0.002331002331002331
0 0.6683569979716024 0.6806526806526807 0.018255578093306288 0.004662004662004662
0 0.7596348884381339 0.6783216783216783 0.006085192697768763 0.004662004662004662
0 0.42697768762677485 0.6771561771561772 0.010141987829614604 0.002331002331002331
0 0.40973630831643004 0.6771561771561772 0.008113590263691683 0.002331002331002331
0 0.19168356997971603 0.6701631701631702 0.018255578093306288 0.002331002331002331
0 0.9046653144016227 0.6480186480186481 0.028397565922920892 0.004662004662004662
0 0.8843813387423936 0.6468531468531469 0.004056795131845842 0.002331002331002331
0 0.7971602434077079 0.6503496503496503 0.13793103448275862 0.009324009324009324
0 0.5872210953346856 0.6468531468531469 0.038539553752535496 0.002331002331002331
0 0.6825557809330629 0.6433566433566433 0.13995943204868155 0.009324009324009324
0 0.9908722109533469 0.5081585081585082 0.006085192697768763 0.009324009324009324
0 0.002028397565922921 0.527972027972028 0.004056795131845842 0.24475524475524477
0 0.5111561866125761 0.5046620046620046 0.9776876267748479 0.3006993006993007
0 0.48073022312373226 0.34615384615384615 0.9046653144016227 0.039627039627039624
0 0.11460446247464504 0.30885780885780884 0.006085192697768763 0.002331002331002331
0 0.06592292089249494 0.31002331002331 0.07505070993914807 0.004662004662004662
0 0.1795131845841785 0.30652680652680653 0.018255578093306288 0.002331002331002331
0 0.2515212981744422 0.3041958041958042 0.004056795131845842 0.002331002331002331
0 0.4827586206896552 0.31934731934731936 0.9127789046653144 0.037296037296037296
0 0.603448275862069 0.2948717948717949 0.006085192697768763 0.002331002331002331
0 0.592292089249493 0.2948717948717949 0.004056795131845842 0.002331002331002331
0 0.7809330628803245 0.2878787878787879 0.2961460446247465 0.016317016317016316
0 0.46754563894523327 0.2738927738927739 0.8823529411764706 0.039627039627039624
0 0.13793103448275862 0.25990675990675993 0.2231237322515213 0.016317016317016316
0 0.4827586206896552 0.2505827505827506 0.3002028397565923 0.016317016317016316
0 0.281947261663286 0.24475524475524477 0.016227180527383367 0.004662004662004662
0 0.7626774847870182 0.23776223776223776 0.25557809330628806 0.018648018648018648
0 0.13995943204868155 0.23076923076923078 0.2231237322515213 0.013986013986013986
0 0.6125760649087221 0.21561771561771562 0.02434077079107505 0.002331002331002331
0 0.46754563894523327 0.22144522144522144 0.2616632860040568 0.013986013986013986
0 0.6713995943204868 0.21328671328671328 0.008113590263691683 0.002331002331002331
0 0.7860040567951319 0.20745920745920746 0.20892494929006086 0.013986013986013986
0 0.7342799188640974 0.18414918414918416 0.004056795131845842 0.004662004662004662
0 0.5273833671399595 0.19114219114219114 0.4056795131845842 0.018648018648018648
0 0.8904665314401623 0.17832167832167833 0.012170385395537525 0.002331002331002331
0 0.8468559837728195 0.1794871794871795 0.06693711967545639 0.009324009324009324
0 0.1592292089249493 0.10139860139860139 0.006085192697768763 0.011655011655011656
0 0.0030425963488843813 0.13636363636363635 0.006085192697768763 0.11888111888111888
0 0.4634888438133874 0.11421911421911422 0.8742393509127789 0.1864801864801865
0 0.5152129817444219 0.0011655011655011655 0.004056795131845842 0.002331002331002331
0 0.4827586206896552 0.002331002331002331 0.012170385395537525 0.004662004662004662
0 0.4634888438133874 0.0034965034965034965 0.010141987829614604 0.006993006993006993
0 0.422920892494929 0.004662004662004662 0.014198782961460446 0.009324009324009324
