0 0.2484787018255578 0.8703271028037384 0.002028397565922921 0.002336448598130841
0 0.6531440162271805 0.8913551401869159 0.08113590263691683 0.1191588785046729
0 0.5334685598377282 0.8726635514018691 0.08113590263691683 0.08177570093457943
0 0.5304259634888439 0.822429906542056 0.010141987829614604 0.004672897196261682
0 0.8772819472616633 0.7862149532710281 0.014198782961460446 0.02102803738317757
0 0.06389452332657201 0.7745327102803738 0.002028397565922921 0.002336448598130841
0 0.8397565922920892 0.8563084112149533 0.25557809330628806 0.17990654205607476
0 0.4330628803245436 0.7616822429906542 0.02231237322515213 0.009345794392523364
0 0.061866125760649086 0.7628504672897196 0.010141987829614604 0.011682242990654205
0 0.8782961460446247 0.7628504672897196 0.012170385395537525 0.02102803738317757
0 0.7434077079107505 0.758177570093458 0.014198782961460446 0.011682242990654205
0 0.4421906693711968 0.7488317757009346 0.008113590263691683 0.007009345794392523
0 0.7403651115618661 0.7464953271028038 0.004056795131845842 0.007009345794392523
0 0.17342799188640973 0.7348130841121495 0.014198782961460446 0.011682242990654205
0 0.06288032454361055 0.7336448598130841 0.012170385395537525 0.014018691588785047
0 0.45334685598377283 0.7091121495327103 0.002028397565922921 0.002336448598130841
0 0.4553752535496957 0.6962616822429907 0.006085192697768763 0.004672897196261682
0 0.02434077079107505 0.6822429906542056 0.004056795131845842 0.004672897196261682
0 0.0030425963488843813 0.6810747663551402 0.006085192697768763 0.007009345794392523
0 0.8823529411764706 0.7091121495327103 0.016227180527383367 0.07242990654205607
0 0.25557809330628806 0.669392523364486 0.004056795131845842 0.002336448598130841
0 0.23529411764705882 0.6705607476635514 0.004056795131845842 0.004672897196261682
0 0.8833671399594321 0.6647196261682243 0.010141987829614604 0.007009345794392523
0 0.26267748478701824 0.6577102803738317 0.002028397565922921 0.002336448598130841
0 0.11764705882352941 0.6577102803738317 0.004056795131845842 0.002336448598130841
0 0.2667342799188641 0.6460280373831776 0.010141987829614604 0.007009345794392523
0 0.2210953346855984 0.6448598130841121 0.004056795131845842 0.004672897196261682
0 0.04766734279918864 0.6296728971962616 0.006085192697768763 0.02102803738317757
0 0.23427991886409735 0.6051401869158879 0.006085192697768763 0.009345794392523364
0 0.11764705882352941 0.6191588785046729 0.04462474645030426 0.04672897196261682
0 0.22210953346855983 0.610981308411215 0.010141987829614604 0.04439252336448598
0 0.2383367139959432 0.5841121495327103 0.002028397565922921 0.004672897196261682
0 0.010141987829614604 0.6098130841121495 0.02028397565922921 0.056074766355140186
0 0.002028397565922921 0.5677570093457944 0.004056795131845842 0.004672897196261682
0 0.22718052738336714 0.5642523364485982 0.008113590263691683 0.035046728971962614
0 0.004056795131845842 0.5478971962616822 0.008113590263691683 0.007009345794392523
0 0.2079107505070994 0.5478971962616822 0.006085192697768763 0.011682242990654205
0 0.2535496957403651 0.594626168224299 0.04056795131845842 0.11448598130841121
0 0.2413793103448276 0.530373831775701 0.008113590263691683 0.009345794392523364
0 0.23123732251521298 0.5292056074766355 0.008113590263691683 0.02570093457943925
0 0.1105476673427992 0.5584112149532711 0.02636916835699797 0.08878504672897196
0 0.2667342799188641 0.5175233644859814 0.014198782961460446 0.016355140186915886
0 0.27281947261663286 0.4894859813084112 0.010141987829614604 0.02102803738317757
0 0.23935091277890466 0.4871495327102804 0.008113590263691683 0.016355140186915886
0 0.1440162271805274 0.47897196261682246 0.004056795131845842 0.009345794392523364
0 0.11257606490872211 0.47897196261682246 0.010141987829614604 0.014018691588785047
0 0.11257606490872211 0.46845794392523366 0.002028397565922921 0.002336448598130841
0 0.2768762677484787 0.44509345794392524 0.006085192697768763 0.007009345794392523
0 0.11561866125760649 0.44509345794392524 0.008113590263691683 0.007009345794392523
0 0.8914807302231237 0.5397196261682243 0.18864097363083165 0.2383177570093458
0 0.2768762677484787 0.4217289719626168 0.006085192697768763 0.011682242990654205
0 0.11561866125760649 0.4182242990654206 0.008113590263691683 0.009345794392523364
0 0.2789046653144016 0.40420560747663553 0.006085192697768763 0.014018691588785047
0 0.11663286004056796 0.3925233644859813 0.010141987829614604 0.02336448598130841
0 0.9381338742393509 0.33761682242990654 0.006085192697768763 0.007009345794392523
0 0.1876267748478702 0.530373831775701 0.058823529411764705 0.3925233644859813
0 0.07302231237322515 0.5292056074766355 0.032454361054766734 0.3901869158878505
0 0.13691683569979715 0.3189252336448598 0.002028397565922921 0.002336448598130841
0 0.20385395537525355 0.3212616822429907 0.034482758620689655 0.016355140186915886
0 0.07809330628803246 0.3212616822429907 0.02636916835699797 0.016355140186915886
0 0.9290060851926978 0.3119158878504673 0.016227180527383367 0.007009345794392523
0 0.20486815415821502 0.3002336448598131 0.032454361054766734 0.011682242990654205
0 0.07910750507099391 0.3014018691588785 0.02434077079107505 0.014018691588785047
0 0.9381338742393509 0.2885514018691589 0.002028397565922921 0.002336448598130841
0 0.9107505070993914 0.2908878504672897 0.012170385395537525 0.007009345794392523
0 0.08012170385395538 0.27920560747663553 0.02636916835699797 0.02102803738317757
0 0.20588235294117646 0.27686915887850466 0.034482758620689655 0.02102803738317757
0 0.8782961460446247 0.2616822429906542 0.0486815415821501 0.02336448598130841
0 0.08113590263691683 0.2523364485981308 0.02434077079107505 0.02336448598130841
0 0.0821501014198783 0.22313084112149534 0.02636916835699797 0.02102803738317757
0 0.004056795131845842 0.052570093457943924 0.008113590263691683 0.002336448598130841
0 0.21602434077079108 0.15537383177570094 0.05070993914807302 0.21261682242990654
0 0.0872210953346856 0.125 0.036511156186612576 0.15654205607476634
0 0.31237322515212984 0.5046728971962616 0.6247464503042597 0.9299065420560748
0 0.6744421906693712 0.04322429906542056 0.034482758620689655 0.011682242990654205
0 0.8559837728194726 0.14719626168224298 0.2880324543610548 0.27102803738317754
0 0.5476673427991886 0.012850467289719626 0.008113590263691683 0.011682242990654205
0 0.5953346855983773 0.010514018691588784 0.018255578093306288 0.011682242990654205
0 0.5669371196754563 0.009345794392523364 0.018255578093306288 0.018691588785046728
0 0.4695740365111562 0.005841121495327103 0.010141987829614604 0.011682242990654205
0 0.4279918864097363 0.007009345794392523 0.04056795131845842 0.014018691588785047
0 0.38235294117647056 0.008177570093457943 0.030425963488843813 0.016355140186915886
