0 0.6808252427184466 0.9946808510638298 0.01699029126213592 0.010638297872340425
0 0.7038834951456311 0.9804964539007093 0.009708737864077669 0.01773049645390071
0 0.6662621359223301 0.973404255319149 0.007281553398058253 0.010638297872340425
0 0.6371359223300971 0.9840425531914894 0.01699029126213592 0.031914893617021274
0 0.5242718446601942 0.9822695035460993 0.02912621359223301 0.03546099290780142
0 0.47451456310679613 0.9804964539007093 0.012135922330097087 0.03900709219858156
0 0.41262135922330095 0.9787234042553191 0.03398058252427184 0.0425531914893617
0 0.7597087378640777 0.9698581560283688 0.05339805825242718 0.06028368794326241
0 0.006067961165048544 0.8297872340425532 0.012135922330097087 0.03546099290780142
0 0.0036407766990291263 0.799645390070922 0.007281553398058253 0.01773049645390071
0 0.0036407766990291263 0.776595744680851 0.007281553398058253 0.014184397163120567
0 0.0048543689320388345 0.7553191489361702 0.009708737864077669 0.0070921985815602835
0 0.0036407766990291263 0.7322695035460993 0.007281553398058253 0.010638297872340425
0 0.0024271844660194173 0.7127659574468085 0.0048543689320388345 0.0070921985815602835
0 0.0048543689320388345 0.6879432624113475 0.009708737864077669 0.014184397163120567
0 0.5 0.5372340425531915 1.0 0.925531914893617
0 0.6978155339805825 0.08687943262411348 0.012135922330097087 0.031914893617021274
0 0.6213592233009708 0.0726950354609929 0.019417475728155338 0.010638297872340425
0 0.6565533980582524 0.06914893617021277 0.021844660194174758 0.01773049645390071
0 0.9053398058252428 0.0549645390070922 0.019417475728155338 0.010638297872340425
0 0.7317961165048543 0.07446808510638298 0.01699029126213592 0.04964539007092199
0 0.6007281553398058 0.06205673758865248 0.01699029126213592 0.024822695035460994
0 0.4878640776699029 0.047872340425531915 0.009708737864077669 0.01773049645390071
0 0.45024271844660196 0.047872340425531915 0.012135922330097087 0.01773049645390071
0 0.41383495145631066 0.044326241134751775 0.012135922330097087 0.01773049645390071
0 0.375 0.044326241134751775 0.03640776699029126 0.01773049645390071
0 0.4368932038834951 0.0673758865248227 0.27184466019417475 0.06382978723404255
0 0.8883495145631068 0.031914893617021274 0.22330097087378642 0.028368794326241134
0 0.6856796116504854 0.03368794326241135 0.1529126213592233 0.0673758865248227
0 0.595873786407767 0.010638297872340425 0.01699029126213592 0.02127659574468085
0 0.5449029126213593 0.008865248226950355 0.06067961165048544 0.01773049645390071
0 0.4878640776699029 0.0070921985815602835 0.03398058252427184 0.014184397163120567
0 0.4393203883495146 0.005319148936170213 0.019417475728155338 0.010638297872340425
0 0.41383495145631066 0.005319148936170213 0.01699029126213592 0.010638297872340425
0 0.3871359223300971 0.0035460992907801418 0.01699029126213592 0.0070921985815602835
0 0.3580097087378641 0.0035460992907801418 0.01699029126213592 0.0070921985815602835
0 0.32402912621359226 0.0017730496453900709 0.03640776699029126 0.0035460992907801418
