0 0.3855721393034826 0.9927536231884058 0.014925373134328358 0.014492753623188406
0 0.43407960199004975 0.9909420289855072 0.017412935323383085 0.018115942028985508
0 0.6604477611940298 0.9836956521739131 0.0472636815920398 0.03260869565217391
0 0.6940298507462687 0.9601449275362319 0.009950248756218905 0.014492753623188406
0 0.6567164179104478 0.9528985507246377 0.004975124378109453 0.007246376811594203
0 0.6243781094527363 0.9746376811594203 0.01990049751243781 0.050724637681159424
0 0.513681592039801 0.9710144927536232 0.02736318407960199 0.057971014492753624
0 0.4614427860696517 0.9692028985507246 0.017412935323383085 0.06159420289855073
0 0.40298507462686567 0.967391304347826 0.03980099502487562 0.06521739130434782
0 0.7475124378109452 0.9601449275362319 0.05223880597014925 0.07971014492753623
0 0.6878109452736318 0.05615942028985507 0.007462686567164179 0.018115942028985508
0 0.5 0.519927536231884 1.0 0.9601449275362319
0 0.6094527363184079 0.03985507246376811 0.01990049751243781 0.007246376811594203
0 0.6442786069651741 0.034420289855072464 0.01990049751243781 0.018115942028985508
0 0.5895522388059702 0.028985507246376812 0.014925373134328358 0.021739130434782608
0 0.7201492537313433 0.03260869565217391 0.012437810945273632 0.06521739130434782
0 0.6343283582089553 0.0036231884057971015 0.004975124378109453 0.007246376811594203
0 0.5833333333333334 0.007246376811594203 0.007462686567164179 0.014492753623188406
0 0.47512437810945274 0.010869565217391304 0.009950248756218905 0.021739130434782608
0 0.43656716417910446 0.012681159420289856 0.017412935323383085 0.025362318840579712
0 0.4017412935323383 0.010869565217391304 0.012437810945273632 0.021739130434782608
0 0.36318407960199006 0.010869565217391304 0.03980099502487562 0.021739130434782608
0 0.4253731343283582 0.030797101449275364 0.26865671641791045 0.06159420289855073
