0 0.5614973262032086 0.9941176470588236 0.016042780748663103 0.011764705882352941
0 0.5454545454545454 0.9686274509803922 0.0106951871657754 0.01568627450980392
0 0.570855614973262 0.9627450980392157 0.013368983957219251 0.027450980392156862
0 0.38636363636363635 0.9745098039215686 0.029411764705882353 0.050980392156862744
0 0.5441176470588235 0.9490196078431372 0.008021390374331552 0.00784313725490196
0 0.5280748663101604 0.9490196078431372 0.008021390374331552 0.00784313725490196
0 0.5 0.9725490196078431 0.0213903743315508 0.054901960784313725
0 0.32486631016042783 0.9705882352941176 0.045454545454545456 0.058823529411764705
0 0.2660427807486631 0.9705882352941176 0.029411764705882353 0.058823529411764705
0 0.6377005347593583 0.9588235294117647 0.02406417112299465 0.08235294117647059
0 0.6056149732620321 0.9568627450980393 0.013368983957219251 0.08627450980392157
0 0.33288770053475936 0.9470588235294117 0.2807486631016043 0.10588235294117647
0 0.9893048128342246 0.8607843137254902 0.0213903743315508 0.058823529411764705
0 0.9906417112299465 0.8176470588235294 0.01871657754010695 0.0196078431372549
0 0.9919786096256684 0.7705882352941177 0.016042780748663103 0.011764705882352941
0 0.9959893048128342 0.7470588235294118 0.008021390374331552 0.011764705882352941
0 0.9959893048128342 0.7254901960784313 0.008021390374331552 0.01568627450980392
0 0.9973262032085561 0.7 0.0053475935828877 0.011764705882352941
0 0.9946524064171123 0.6784313725490196 0.0106951871657754 0.01568627450980392
0 0.5 0.48823529411764705 1.0 0.8196078431372549
0 0.04679144385026738 0.06470588235294118 0.02406417112299465 0.0196078431372549
0 0.5387700534759359 0.0058823529411764705 0.029411764705882353 0.011764705882352941
0 0.4946524064171123 0.0058823529411764705 0.0427807486631016 0.011764705882352941
0 0.3181818181818182 0.01568627450980392 0.26737967914438504 0.03137254901960784
