0 0.4790794979079498 0.9994850669412977 0.001394700139470014 0.0010298661174047373
0 0.44490934449093444 0.9989701338825953 0.022315202231520222 0.0020597322348094747
0 0.5801952580195258 0.9979402677651905 0.008368200836820083 0.004119464469618949
0 0.5467224546722455 0.9979402677651905 0.005578800557880056 0.004119464469618949
0 0.5613668061366807 0.9953656024716787 0.012552301255230125 0.005149330587023687
0 0.6213389121338913 0.9907312049433573 0.029288702928870293 0.018537590113285273
0 0.4511854951185495 0.990216271884655 0.16317991631799164 0.01956745623069001
0 0.2405857740585774 0.9613800205973223 0.026499302649930265 0.01132852729145211
0 0.17224546722454673 0.933058702368692 0.009762900976290097 0.004119464469618949
0 0.21548117154811716 0.917610710607621 0.0041841004184100415 0.006179196704428424
0 0.2280334728033473 0.9196704428424305 0.01813110181311018 0.012358393408856848
0 0.3117154811715481 0.9145211122554068 0.0041841004184100415 0.004119464469618949
0 0.14644351464435146 0.916065911431514 0.019525801952580194 0.007209062821833162
0 0.7259414225941423 0.9052523171987642 0.001394700139470014 0.0020597322348094747
0 0.3186889818688982 0.903707518022657 0.0041841004184100415 0.003089598352214212
0 0.8779637377963738 0.9042224510813595 0.015341701534170154 0.006179196704428424
0 0.3117154811715481 0.9016477857878475 0.0041841004184100415 0.003089598352214212
0 0.8919107391910739 0.8944387229660145 0.0041841004184100415 0.003089598352214212
0 0.8396094839609484 0.893923789907312 0.008368200836820083 0.004119464469618949
0 0.11715481171548117 0.8959835221421215 0.01394700139470014 0.008238928939237899
0 0.2496513249651325 0.8913491246138002 0.002789400278940028 0.0010298661174047373
0 0.2789400278940028 0.8903192584963955 0.022315202231520222 0.005149330587023687
0 0.07740585774058577 0.8861997940267765 0.001394700139470014 0.0010298661174047373
0 0.3417015341701534 0.8892893923789907 0.03626220362622036 0.009268795056642637
0 0.08647140864714087 0.8867147270854789 0.005578800557880056 0.004119464469618949
0 0.700139470013947 0.8846549948506695 0.002789400278940028 0.0020597322348094747
0 0.6847977684797768 0.8836251287332647 0.01394700139470014 0.008238928939237899
0 0.7175732217573222 0.88259526261586 0.015341701534170154 0.008238928939237899
0 0.7894002789400278 0.8810504634397528 0.01394700139470014 0.007209062821833162
0 0.8152022315202232 0.880020597322348 0.012552301255230125 0.009268795056642637
0 0.13528591352859135 0.878475798146241 0.01394700139470014 0.006179196704428424
0 0.3089260808926081 0.8759011328527292 0.015341701534170154 0.005149330587023687
0 0.3396094839609484 0.8753861997940268 0.040446304044630406 0.010298661174047374
0 0.7357043235704324 0.8707518022657055 0.0041841004184100415 0.003089598352214212
0 0.6889818688981869 0.8707518022657055 0.005578800557880056 0.003089598352214212
0 0.09274755927475593 0.8753861997940268 0.015341701534170154 0.012358393408856848
0 0.09832635983263599 0.8666323377960865 0.0041841004184100415 0.003089598352214212
0 0.08786610878661087 0.8666323377960865 0.002789400278940028 0.003089598352214212
0 0.8207810320781032 0.8671472708547889 0.023709902370990237 0.008238928939237899
0 0.11157601115760112 0.8609680741503605 0.01394700139470014 0.010298661174047374
0 0.32566248256624825 0.860453141091658 0.06834030683403068 0.01132852729145211
0 0.16248256624825663 0.8568486096807415 0.015341701534170154 0.004119464469618949
0 0.7099023709902371 0.8558187435633368 0.005578800557880056 0.004119464469618949
0 0.689679218967922 0.854788877445932 0.00697350069735007 0.006179196704428424
0 0.9121338912133892 0.8522142121524202 0.005578800557880056 0.003089598352214212
0 0.8221757322175732 0.8527291452111225 0.015341701534170154 0.006179196704428424
0 0.7301255230125523 0.8527291452111225 0.012552301255230125 0.006179196704428424
0 0.07461645746164575 0.8542739443872297 0.015341701534170154 0.009268795056642637
0 0.2824267782426778 0.849124613800206 0.009762900976290097 0.003089598352214212
0 0.07601115760111576 0.8460350154479918 0.0041841004184100415 0.003089598352214212
0 0.8800557880055788 0.8444902162718847 0.005578800557880056 0.004119464469618949
0 0.3333333333333333 0.8470648815653965 0.05299860529986053 0.01132852729145211
0 0.802649930264993 0.8414006179196705 0.00697350069735007 0.0020597322348094747
0 0.8228730822873083 0.840885684860968 0.005578800557880056 0.005149330587023687
0 0.7454672245467224 0.8388259526261586 0.001394700139470014 0.0010298661174047373
0 0.693863319386332 0.8414006179196705 0.015341701534170154 0.006179196704428424
0 0.897489539748954 0.8377960865087538 0.009762900976290097 0.003089598352214212
0 0.08507670850767085 0.839340885684861 0.016736401673640166 0.008238928939237899
0 0.18758716875871687 0.8372811534500515 0.012552301255230125 0.006179196704428424
0 0.9079497907949791 0.8264675592173018 0.005578800557880056 0.003089598352214212
0 0.7894002789400278 0.8269824922760041 0.005578800557880056 0.004119464469618949
0 0.7189679218967922 0.8274974253347065 0.009762900976290097 0.005149330587023687
0 0.8549511854951185 0.8259526261585994 0.01394700139470014 0.004119464469618949
0 0.6931659693165969 0.8285272914521112 0.011157601115760111 0.009268795056642637
0 0.06624825662482567 0.8249227600411947 0.0041841004184100415 0.0020597322348094747
0 0.10181311018131102 0.8259526261585994 0.016736401673640166 0.006179196704428424
0 0.15760111576011157 0.8228630278063852 0.019525801952580194 0.006179196704428424
0 0.9205020920502092 0.8187435633367662 0.005578800557880056 0.004119464469618949
0 0.06345885634588563 0.8182286302780638 0.009762900976290097 0.007209062821833162
0 0.09344490934449093 0.8151390319258497 0.008368200836820083 0.005149330587023687
0 0.700139470013947 0.8161688980432544 0.019525801952580194 0.009268795056642637
0 0.8110181311018131 0.8125643666323378 0.00697350069735007 0.004119464469618949
0 0.7301255230125523 0.8146240988671473 0.03486750348675035 0.008238928939237899
0 0.19456066945606695 0.8110195674562307 0.009762900976290097 0.007209062821833162
0 0.8877266387726639 0.8094747682801235 0.00697350069735007 0.008238928939237899
0 0.7357043235704324 0.8027806385169928 0.009762900976290097 0.005149330587023687
0 0.9037656903765691 0.8007209062821833 0.008368200836820083 0.003089598352214212
0 0.7559274755927475 0.801750772399588 0.011157601115760111 0.007209062821833162
0 0.31659693165969316 0.7976313079299691 0.016736401673640166 0.003089598352214212
0 0.11366806136680614 0.7976313079299691 0.0041841004184100415 0.005149330587023687
0 0.23709902370990238 0.7935118434603502 0.008368200836820083 0.005149330587023687
0 0.800557880055788 0.7914521112255407 0.005578800557880056 0.003089598352214212
0 0.17782426778242677 0.7971163748712667 0.029288702928870293 0.018537590113285273
0 0.08926080892608089 0.7909371781668383 0.008368200836820083 0.006179196704428424
0 0.22245467224546722 0.7914521112255407 0.012552301255230125 0.015447991761071062
0 0.08507670850767085 0.7816683831101957 0.005578800557880056 0.008238928939237899
0 0.14783821478382148 0.7811534500514933 0.02789400278940028 0.015447991761071062
0 0.8172942817294282 0.7729145211122554 0.008368200836820083 0.007209062821833162
0 0.19386331938633194 0.776519052523172 0.01394700139470014 0.016477857878475798
0 0.12203626220362622 0.7687950566426365 0.02092050209205021 0.007209062821833162
0 0.7656903765690377 0.7641606591143152 0.008368200836820083 0.012358393408856848
0 0.16108786610878661 0.7605561277033985 0.0041841004184100415 0.005149330587023687
0 0.10948396094839609 0.7615859938208033 0.00697350069735007 0.009268795056642637
0 0.21687587168758718 0.7548918640576725 0.009762900976290097 0.010298661174047374
0 0.09344490934449093 0.7523171987641607 0.019525801952580194 0.007209062821833162
0 0.8926080892608089 0.7456230690010298 0.008368200836820083 0.004119464469618949
0 0.08158995815899582 0.7461380020597322 0.00697350069735007 0.005149330587023687
0 0.14156206415620642 0.7456230690010298 0.023709902370990237 0.014418125643666324
0 0.044630404463040445 0.7394438722966015 0.005578800557880056 0.004119464469618949
0 0.18828451882845187 0.7420185375901133 0.011157601115760111 0.01132852729145211
0 0.2384937238493724 0.737384140061792 0.008368200836820083 0.004119464469618949
0 0.11645746164574616 0.8511843460350155 0.23291492329149233 0.23171987641606592
0 0.904463040446304 0.738928939237899 0.012552301255230125 0.009268795056642637
0 0.11506276150627615 0.733264675592173 0.0041841004184100415 0.0020597322348094747
0 0.9198047419804742 0.733264675592173 0.00697350069735007 0.004119464469618949
0 0.8654114365411436 0.7327497425334707 0.0041841004184100415 0.003089598352214212
0 0.8661087866108786 0.7729145211122554 0.07531380753138076 0.08341915550978372
0 0.06764295676429567 0.733264675592173 0.009762900976290097 0.004119464469618949
0 0.10251046025104603 0.7265705458290422 0.0041841004184100415 0.003089598352214212
0 0.058577405857740586 0.7250257466529351 0.005578800557880056 0.004119464469618949
0 0.9309623430962343 0.721936148300721 0.0041841004184100415 0.0020597322348094747
0 0.2105997210599721 0.7229660144181257 0.005578800557880056 0.004119464469618949
0 0.6324965132496513 0.84346035015448 0.7350069735006973 0.24922760041194644
0 0.08786610878661087 0.7188465499485067 0.01394700139470014 0.004119464469618949
0 0.9449093444909344 0.7147270854788877 0.0041841004184100415 0.0020597322348094747
0 0.25453277545327757 0.7106076210092688 0.009762900976290097 0.004119464469618949
0 0.04741980474198047 0.713697219361483 0.011157601115760111 0.010298661174047374
0 0.07670850767085077 0.709577754891864 0.002789400278940028 0.004119464469618949
0 0.25383542538354253 0.703913491246138 0.002789400278940028 0.0010298661174047373
0 0.17852161785216178 0.7044284243048403 0.002789400278940028 0.0020597322348094747
0 0.12691771269177127 0.7075180226570545 0.005578800557880056 0.008238928939237899
0 0.7663877266387726 0.7075180226570545 0.012552301255230125 0.012358393408856848
0 0.9100418410041841 0.7013388259526262 0.001394700139470014 0.0020597322348094747
0 0.6304044630404463 0.7003089598352215 0.008368200836820083 0.0020597322348094747
0 0.25453277545327757 0.6977342945417095 0.001394700139470014 0.0010298661174047373
0 0.11157601115760112 0.698249227600412 0.01394700139470014 0.004119464469618949
0 0.2412831241283124 0.6972193614830072 0.008368200836820083 0.004119464469618949
0 0.06206415620641562 0.6987641606591143 0.015341701534170154 0.007209062821833162
0 0.9281729428172942 0.6946446961894953 0.001394700139470014 0.0010298661174047373
0 0.1492329149232915 0.6905252317198765 0.005578800557880056 0.003089598352214212
0 0.09693165969316597 0.6915550978372812 0.00697350069735007 0.005149330587023687
0 0.25592747559274753 0.6894953656024717 0.00697350069735007 0.003089598352214212
0 0.8709902370990237 0.6889804325437693 0.00697350069735007 0.004119464469618949
0 0.9400278940027894 0.6874356333676622 0.01394700139470014 0.005149330587023687
0 0.8682008368200836 0.6817713697219362 0.001394700139470014 0.0020597322348094747
0 0.25453277545327757 0.6828012358393409 0.009762900976290097 0.004119464469618949
0 0.12622036262203626 0.6822863027806385 0.0041841004184100415 0.003089598352214212
0 0.08089260808926081 0.6833161688980433 0.019525801952580194 0.007209062821833162
0 0.9553695955369595 0.6812564366632338 0.011157601115760111 0.005149330587023687
0 0.8877266387726639 0.684346035015448 0.015341701534170154 0.01132852729145211
0 0.2489539748953975 0.67610710607621 0.01813110181311018 0.005149330587023687
0 0.07112970711297072 0.6740473738414006 0.008368200836820083 0.009268795056642637
0 0.17294281729428174 0.670442842430484 0.002789400278940028 0.004119464469618949
0 0.12133891213389121 0.6730175077239959 0.008368200836820083 0.009268795056642637
0 0.7775453277545328 0.6730175077239959 0.015341701534170154 0.01132852729145211
0 0.9205020920502092 0.6699279093717817 0.011157601115760111 0.007209062821833162
0 0.10460251046025104 0.6642636457260556 0.016736401673640166 0.004119464469618949
0 0.9358437935843794 0.6611740473738414 0.002789400278940028 0.0020597322348094747
0 0.2308228730822873 0.6622039134912462 0.015341701534170154 0.004119464469618949
0 0.23221757322175732 0.6570545829042225 0.012552301255230125 0.004119464469618949
0 0.09205020920502092 0.6570545829042225 0.008368200836820083 0.006179196704428424
0 0.9476987447698745 0.6539649845520082 0.01813110181311018 0.006179196704428424
0 0.14574616457461645 0.6544799176107106 0.00697350069735007 0.007209062821833162
0 0.8967921896792189 0.6436663233779608 0.002789400278940028 0.0020597322348094747
0 0.9616457461645747 0.645211122554068 0.012552301255230125 0.01132852729145211
0 0.9253835425383543 0.635427394438723 0.015341701534170154 0.006179196704428424
0 0.11645746164574616 0.6400617919670443 0.012552301255230125 0.015447991761071062
0 0.09553695955369595 0.6240988671472708 0.026499302649930265 0.016477857878475798
0 0.14156206415620642 0.6194644696189495 0.015341701534170154 0.015447991761071062
0 0.8465829846582985 0.6143151390319258 0.008368200836820083 0.007209062821833162
0 0.2391910739191074 0.6374871266735325 0.040446304044630406 0.06797116374871266
0 0.9309623430962343 0.6040164778578785 0.023709902370990237 0.015447991761071062
0 0.06834030683403068 0.6055612770339855 0.02510460251046025 0.018537590113285273
0 0.09205020920502092 0.5932028836251287 0.019525801952580194 0.006179196704428424
0 0.8368200836820083 0.5844490216271885 0.005578800557880056 0.005149330587023687
0 0.08089260808926081 0.5849639546858908 0.008368200836820083 0.010298661174047374
0 0.8235704323570432 0.5875386199794027 0.02092050209205021 0.017507723995880537
0 0.13807531380753138 0.583934088568486 0.016736401673640166 0.014418125643666324
0 0.11227336122733612 0.5736354273944387 0.009762900976290097 0.004119464469618949
0 0.06485355648535565 0.5751802265705458 0.02092050209205021 0.007209062821833162
0 0.05578800557880056 0.5664263645726055 0.011157601115760111 0.008238928939237899
0 0.9428172942817294 0.5659114315139032 0.019525801952580194 0.009268795056642637
0 0.15481171548117154 0.5617919670442842 0.011157601115760111 0.015447991761071062
0 0.08368200836820083 0.5576725025746653 0.01394700139470014 0.007209062821833162
0 0.9714086471408647 0.5514933058702368 0.02092050209205021 0.009268795056642637
0 0.8361227336122734 0.554582904222451 0.026499302649930265 0.017507723995880537
0 0.20292887029288703 0.544799176107106 0.0041841004184100415 0.0020597322348094747
0 0.07601115760111576 0.5494335736354274 0.012552301255230125 0.01132852729145211
0 0.9218967921896792 0.544799176107106 0.011157601115760111 0.010298661174047374
0 0.13179916317991633 0.5478887744593203 0.01813110181311018 0.016477857878475798
0 0.9700139470013946 0.5870236869207003 0.0599721059972106 0.10298661174047374
0 0.7887029288702929 0.535015447991761 0.001394700139470014 0.0010298661174047373
0 0.9923291492329149 0.533470648815654 0.0041841004184100415 0.004119464469618949
0 0.19246861924686193 0.5370751802265705 0.01394700139470014 0.01132852729145211
0 0.8842398884239888 0.6210092687950567 0.07531380753138076 0.18125643666323377
0 0.09762900976290098 0.5324407826982492 0.002789400278940028 0.004119464469618949
0 0.8138075313807531 0.533470648815654 0.01813110181311018 0.012358393408856848
0 0.05718270571827057 0.5360453141091658 0.02510460251046025 0.017507723995880537
0 0.9504881450488145 0.5329557157569516 0.023709902370990237 0.013388259526261586
0 0.8256624825662483 0.527806385169928 0.008368200836820083 0.007209062821833162
0 0.19874476987447698 0.5205973223480947 0.015341701534170154 0.009268795056642637
0 0.9804741980474198 0.5164778578784758 0.019525801952580194 0.007209062821833162
0 0.07880055788005579 0.518022657054583 0.023709902370990237 0.016477857878475798
0 0.8423988842398884 0.5185375901132853 0.022315202231520222 0.01956745623069001
0 0.99721059972106 0.5092687950566427 0.005578800557880056 0.007209062821833162
0 0.799163179916318 0.509783728115345 0.019525801952580194 0.014418125643666324
0 0.13737796373779637 0.518022657054583 0.03207810320781032 0.032955715756951595
0 0.796373779637378 0.5010298661174047 0.005578800557880056 0.003089598352214212
0 0.17503486750348676 0.5061791967044285 0.02092050209205021 0.013388259526261586
0 0.1108786610878661 0.5015447991761071 0.00697350069735007 0.004119464469618949
0 0.05369595536959554 0.5015447991761071 0.026499302649930265 0.016477857878475798
0 0.9595536959553695 0.49948506694129763 0.02510460251046025 0.014418125643666324
0 0.09693165969316597 0.4938208032955716 0.0041841004184100415 0.003089598352214212
0 0.10948396094839609 0.490216271884655 0.00697350069735007 0.004119464469618949
0 0.1506276150627615 0.4933058702368692 0.022315202231520222 0.012358393408856848
0 0.8249651324965133 0.4963954685890834 0.026499302649930265 0.02059732234809475
0 0.8493723849372385 0.48764160659114314 0.016736401673640166 0.009268795056642637
0 0.7852161785216178 0.4881565396498455 0.01394700139470014 0.010298661174047374
0 0.07601115760111576 0.4866117404737384 0.02092050209205021 0.009268795056642637
0 0.9888423988842399 0.48300720906282185 0.022315202231520222 0.008238928939237899
0 0.8675034867503487 0.4819773429454171 0.005578800557880056 0.006179196704428424
0 0.9400278940027894 0.47785787847579814 0.02510460251046025 0.014418125643666324
0 0.8145048814504882 0.47734294541709577 0.02510460251046025 0.015447991761071062
0 0.9693165969316597 0.46807415036045313 0.022315202231520222 0.009268795056642637
0 0.8458856345885635 0.46343975283213185 0.00697350069735007 0.004119464469618949
0 0.18410041841004185 0.46755921730175076 0.022315202231520222 0.014418125643666324
0 0.7517433751743375 0.6338825952626158 0.13389121338912133 0.349124613800206
0 0.907252440725244 0.4922760041194645 0.06834030683403068 0.07209062821833162
0 0.37308228730822873 0.45623069001029865 0.00697350069735007 0.004119464469618949
0 0.06694560669456066 0.451081359423275 0.016736401673640166 0.004119464469618949
0 0.18549511854951187 0.6441812564366632 0.37099023709902373 0.39237899073120497
0 0.596931659693166 0.44644696189495364 0.005578800557880056 0.0010298661174047373
0 0.5648535564853556 0.44644696189495364 0.002789400278940028 0.0010298661174047373
0 0.4860529986052999 0.44490216271884653 0.00697350069735007 0.0020597322348094747
0 0.45746164574616455 0.44438722966014416 0.005578800557880056 0.0010298661174047373
0 0.4476987447698745 0.44387229660144184 0.008368200836820083 0.0020597322348094747
0 0.7419804741980475 0.4392378990731205 0.002789400278940028 0.003089598352214212
0 0.1394700139470014 0.4387229660144181 0.01394700139470014 0.0020597322348094747
0 0.8249651324965133 0.4407826982492276 0.012552301255230125 0.008238928939237899
0 0.802649930264993 0.45365602471678684 0.3947001394700139 0.03398558187435633
0 0.9114365411436541 0.43975283213182287 0.009762900976290097 0.008238928939237899
0 0.8423988842398884 0.4376930998970134 0.008368200836820083 0.004119464469618949
0 0.36541143654114366 0.43202883625128735 0.011157601115760111 0.003089598352214212
0 0.9902370990237099 0.42842430484037075 0.008368200836820083 0.004119464469618949
0 0.801255230125523 0.4289392378990731 0.012552301255230125 0.005149330587023687
0 0.8821478382147838 0.4279093717816684 0.009762900976290097 0.005149330587023687
0 0.7545327754532776 0.427394438722966 0.005578800557880056 0.004119464469618949
0 0.7182705718270572 0.42842430484037075 0.005578800557880056 0.006179196704428424
0 0.6980474198047419 0.42842430484037075 0.00697350069735007 0.006179196704428424
0 0.8186889818688982 0.4279093717816684 0.01394700139470014 0.007209062821833162
0 0.7684797768479776 0.42842430484037075 0.011157601115760111 0.008238928939237899
0 0.6548117154811716 0.42842430484037075 0.05718270571827057 0.008238928939237899
0 0.13737796373779637 0.4279093717816684 0.009762900976290097 0.01132852729145211
0 0.3563458856345886 0.4212152420185376 0.00697350069735007 0.004119464469618949
0 0.9672245467224547 0.41864057672502575 0.001394700139470014 0.0010298661174047373
0 0.7831241283124128 0.41864057672502575 0.001394700139470014 0.0010298661174047373
0 0.7594142259414226 0.41864057672502575 0.0041841004184100415 0.003089598352214212
0 0.7329149232914923 0.417610710607621 0.001394700139470014 0.0010298661174047373
0 0.15690376569037656 0.417610710607621 0.001394700139470014 0.0010298661174047373
0 0.08228730822873083 0.42842430484037075 0.02789400278940028 0.02265705458290422
0 0.9741980474198048 0.4181256436663234 0.00697350069735007 0.004119464469618949
0 0.8200836820083682 0.417610710607621 0.008368200836820083 0.007209062821833162
0 0.798465829846583 0.4155509783728115 0.0041841004184100415 0.005149330587023687
0 0.7677824267782427 0.41503604531410915 0.0041841004184100415 0.004119464469618949
0 0.8751743375174338 0.4145211122554068 0.00697350069735007 0.005149330587023687
0 0.902370990237099 0.4062821833161689 0.005578800557880056 0.003089598352214212
0 0.7719665271966527 0.40679711637487126 0.0041841004184100415 0.004119464469618949
0 0.1492329149232915 0.4083419155509784 0.005578800557880056 0.007209062821833162
0 0.7635983263598326 0.40525231719876414 0.0041841004184100415 0.003089598352214212
0 0.9156206415620641 0.4062821833161689 0.015341701534170154 0.007209062821833162
0 0.8737796373779637 0.4062821833161689 0.02092050209205021 0.007209062821833162
0 0.7357043235704324 0.4057672502574665 0.00697350069735007 0.006179196704428424
0 0.704323570432357 0.4057672502574665 0.016736401673640166 0.008238928939237899
0 0.7831241283124128 0.4042224510813594 0.00697350069735007 0.007209062821833162
0 0.7343096234309623 0.393923789907312 0.0041841004184100415 0.003089598352214212
0 0.13319386331938632 0.3964984552008239 0.009762900976290097 0.008238928939237899
0 0.7238493723849372 0.3928939237899073 0.002789400278940028 0.003089598352214212
0 0.701534170153417 0.39340885684860966 0.008368200836820083 0.006179196704428424
0 0.689679218967922 0.3913491246138002 0.00697350069735007 0.004119464469618949
0 0.6338912133891214 0.4042224510813594 0.11854951185495119 0.03604531410916581
0 0.7189679218967922 0.3800205973223481 0.00697350069735007 0.004119464469618949
0 0.7050209205020921 0.37744593202883625 0.0041841004184100415 0.003089598352214212
0 0.6882845188284519 0.37744593202883625 0.0041841004184100415 0.005149330587023687
0 0.9135285913528591 0.37538619979402676 0.002789400278940028 0.003089598352214212
0 0.7308228730822873 0.3748712667353244 0.008368200836820083 0.008238928939237899
0 0.8354253835425384 0.37538619979402676 0.019525801952580194 0.013388259526261586
0 0.7573221757322176 0.3728115345005149 0.01394700139470014 0.010298661174047374
0 0.9532775453277545 0.374356333676622 0.029288702928870293 0.015447991761071062
0 0.7203626220362622 0.368692070030896 0.009762900976290097 0.008238928939237899
0 0.9232914923291492 0.3671472708547889 0.008368200836820083 0.007209062821833162
0 0.7503486750348675 0.36560247167868176 0.011157601115760111 0.010298661174047374
0 0.897489539748954 0.3583934088568486 0.0041841004184100415 0.004119464469618949
0 0.8361227336122734 0.358908341915551 0.00697350069735007 0.005149330587023687
0 0.9630404463040446 0.35427394438722964 0.0041841004184100415 0.0020597322348094747
0 0.9442119944211994 0.35993820803295573 0.02789400278940028 0.017507723995880537
0 0.8716875871687587 0.35633367662203913 0.019525801952580194 0.02059732234809475
0 0.702231520223152 0.34809474768280124 0.0041841004184100415 0.004119464469618949
0 0.9149232914923291 0.3506694129763131 0.02510460251046025 0.013388259526261586
0 0.899581589958159 0.34449021627188464 0.002789400278940028 0.0010298661174047373
0 0.7384937238493724 0.3434603501544799 0.001394700139470014 0.0010298661174047373
0 0.7817294281729428 0.3434603501544799 0.00697350069735007 0.003089598352214212
0 0.7663877266387726 0.34140061791967047 0.009762900976290097 0.005149330587023687
0 0.8612273361227336 0.33831101956745624 0.012552301255230125 0.009268795056642637
0 0.7880055788005579 0.335221421215242 0.01394700139470014 0.009268795056642637
0 0.7231520223152023 0.3311019567456231 0.001394700139470014 0.0010298661174047373
0 0.7531380753138075 0.33007209062821835 0.008368200836820083 0.007209062821833162
0 0.8444909344490934 0.32801235839340886 0.012552301255230125 0.015447991761071062
0 0.7635983263598326 0.32028836251287335 0.00697350069735007 0.004119464469618949
0 0.8263598326359832 0.3213182286302781 0.00697350069735007 0.008238928939237899
0 0.7691771269177127 0.3079299691040165 0.026499302649930265 0.018537590113285273
0 0.803347280334728 0.31307929969104015 0.0502092050209205 0.035015447991761074
0 0.7859135285913529 0.28681771369721937 0.001394700139470014 0.0010298661174047373
0 0.7231520223152023 0.30072090628218334 0.023709902370990237 0.028836251287332648
0 0.691771269177127 0.29042224510813597 0.011157601115760111 0.012358393408856848
0 0.7168758716875872 0.2785787847579815 0.005578800557880056 0.005149330587023687
0 0.810320781032078 0.27703398558187436 0.008368200836820083 0.006179196704428424
0 0.38284518828451886 0.2631307929969104 0.001394700139470014 0.0010298661174047373
0 0.36401673640167365 0.2631307929969104 0.005578800557880056 0.003089598352214212
0 0.4504881450488145 0.003604531410916581 0.002789400278940028 0.0010298661174047373
0 0.5 0.22193614830072092 1.0 0.44387229660144184
0 0.4707112970711297 0.0010298661174047373 0.0041841004184100415 0.0020597322348094747
0 0.4616457461645746 0.0025746652935118436 0.008368200836820083 0.005149330587023687
