0 0.30723905723905726 0.9629324546952224 0.015151515151515152 0.004942339373970346
0 0.7373737373737373 0.957166392092257 0.04040404040404041 0.0032948929159802307
0 0.6994949494949495 0.957166392092257 0.018518518518518517 0.0032948929159802307
0 0.8611111111111112 0.9546952224052718 0.005050505050505051 0.0016474464579901153
0 0.8493265993265994 0.9546952224052718 0.005050505050505051 0.0016474464579901153
0 0.8341750841750841 0.9546952224052718 0.015151515151515152 0.0016474464579901153
0 0.9722222222222222 0.9530477759472817 0.005050505050505051 0.0016474464579901153
0 0.36784511784511786 0.9530477759472817 0.008417508417508417 0.004942339373970346
0 0.9882154882154882 0.9522240527182867 0.02356902356902357 0.006589785831960461
0 0.6515151515151515 0.9497528830313015 0.003367003367003367 0.0016474464579901153
0 0.6069023569023569 0.9497528830313015 0.005050505050505051 0.0016474464579901153
0 0.9276094276094277 0.9448105436573312 0.003367003367003367 0.0016474464579901153
0 0.9941077441077442 0.943986820428336 0.005050505050505051 0.0032948929159802307
0 0.9377104377104377 0.943986820428336 0.006734006734006734 0.0032948929159802307
0 0.39141414141414144 0.942339373970346 0.015151515151515152 0.0032948929159802307
0 0.35185185185185186 0.943986820428336 0.010101010101010102 0.006589785831960461
0 0.32491582491582494 0.9497528830313015 0.06060606060606061 0.018121911037891267
0 0.9528619528619529 0.9357495881383855 0.006734006734006734 0.0032948929159802307
0 0.9974747474747475 0.9349258649093904 0.005050505050505051 0.004942339373970346
0 0.9739057239057239 0.9349258649093904 0.02861952861952862 0.004942339373970346
0 0.6085858585858586 0.9299835255354201 0.005050505050505051 0.0016474464579901153
0 0.3122895622895623 0.9250411861614497 0.005050505050505051 0.0016474464579901153
0 0.9781144781144782 0.9250411861614497 0.04377104377104377 0.004942339373970346
0 0.3493265993265993 0.9233937397034596 0.015151515151515152 0.004942339373970346
0 0.3493265993265993 0.9299835255354201 0.12289562289562289 0.018121911037891267
0 0.40404040404040403 0.9225700164744646 0.013468013468013467 0.006589785831960461
0 0.9806397306397306 0.9151565074135091 0.03872053872053872 0.004942339373970346
0 0.40404040404040403 0.913509060955519 0.006734006734006734 0.004942339373970346
0 0.6077441077441077 0.9102141680395387 0.003367003367003367 0.0016474464579901153
0 0.9772727272727273 0.9044481054365733 0.045454545454545456 0.006589785831960461
0 0.3442760942760943 0.9036243822075782 0.015151515151515152 0.004942339373970346
0 0.3400673400673401 0.914332784184514 0.10774410774410774 0.026359143327841845
0 0.9789562289562289 0.8945634266886326 0.04208754208754209 0.006589785831960461
0 0.34764309764309764 0.8986820428336079 0.1127946127946128 0.018121911037891267
0 0.3434343434343434 0.8838550247116969 0.010101010101010102 0.0016474464579901153
0 0.9781144781144782 0.8838550247116969 0.04377104377104377 0.008237232289950576
0 0.39730639730639733 0.8830313014827018 0.013468013468013467 0.006589785831960461
0 0.37037037037037035 0.8830313014827018 0.03367003367003367 0.006589785831960461
0 0.3930976430976431 0.8739703459637562 0.008417508417508417 0.004942339373970346
0 0.9797979797979798 0.8731466227347611 0.04040404040404041 0.006589785831960461
0 0.5673400673400674 0.8706754530477759 0.003367003367003367 0.0016474464579901153
0 0.9831649831649831 0.8649093904448105 0.03367003367003367 0.006589785831960461
0 0.2937710437710438 0.8649093904448105 0.14983164983164984 0.006589785831960461
0 0.9654882154882155 0.8542009884678748 0.0016835016835016834 0.0016474464579901153
0 0.984006734006734 0.8533772652388797 0.03198653198653199 0.006589785831960461
0 0.33754208754208753 0.8542009884678748 0.09595959595959595 0.008237232289950576
0 0.21296296296296297 0.8467874794069192 0.021885521885521887 0.0032948929159802307
0 0.2845117845117845 0.8451400329489291 0.006734006734006734 0.0032948929159802307
0 0.30134680134680136 0.8443163097199341 0.016835016835016835 0.004942339373970346
0 0.2516835016835017 0.8451400329489291 0.05218855218855219 0.006589785831960461
0 0.9747474747474747 0.8443163097199341 0.050505050505050504 0.008237232289950576
0 0.2996632996632997 0.8360790774299836 0.003367003367003367 0.0016474464579901153
0 0.2887205387205387 0.8360790774299836 0.0016835016835016834 0.0016474464579901153
0 0.26515151515151514 0.8360790774299836 0.0016835016835016834 0.0016474464579901153
0 0.25 0.8360790774299836 0.018518518518518517 0.004942339373970346
0 0.984006734006734 0.8344316309719935 0.03198653198653199 0.008237232289950576
0 0.2222222222222222 0.828665568369028 0.006734006734006734 0.0032948929159802307
0 0.23316498316498316 0.8270181219110379 0.008417508417508417 0.0032948929159802307
0 0.9856902356902357 0.8261943986820428 0.02861952861952862 0.004942339373970346
0 0.9099326599326599 0.8171334431630972 0.008417508417508417 0.0032948929159802307
0 0.8981481481481481 0.8171334431630972 0.005050505050505051 0.0032948929159802307
0 0.8888888888888888 0.8171334431630972 0.006734006734006734 0.0032948929159802307
0 0.3274410774410774 0.8154859967051071 0.008417508417508417 0.0032948929159802307
0 0.32407407407407407 0.8056013179571664 0.015151515151515152 0.013179571663920923
0 0.3223905723905724 0.7924217462932455 0.015151515151515152 0.006589785831960461
0 0.3181818181818182 0.771004942339374 0.013468013468013467 0.013179571663920923
0 0.31397306397306396 0.7602965403624382 0.0016835016835016834 0.0016474464579901153
0 0.31565656565656564 0.7495881383855024 0.011784511784511785 0.009884678747940691
0 0.8956228956228957 0.7759472817133443 0.037037037037037035 0.06919275123558484
0 0.15151515151515152 0.742998352553542 0.003367003367003367 0.0032948929159802307
0 0.5 0.8649093904448105 1.0 0.257001647446458
0 0.6178451178451179 0.7331136738056013 0.006734006734006734 0.0032948929159802307
0 0.08838383838383838 0.7314662273476112 0.04882154882154882 0.016474464579901153
0 0.9579124579124579 0.771004942339374 0.08417508417508418 0.09884678747940692
0 0.2702020202020202 0.7207578253706755 0.0016835016835016834 0.0016474464579901153
0 0.20454545454545456 0.729818780889621 0.17676767676767677 0.019769357495881382
0 0.4983164983164983 0.7257001647446458 0.2828282828282828 0.014827018121911038
0 0.9772727272727273 0.7158154859967051 0.045454545454545456 0.008237232289950576
0 0.3055555555555556 0.7125205930807249 0.0016835016835016834 0.0016474464579901153
0 0.08585858585858586 0.7116968698517299 0.04040404040404041 0.016474464579901153
0 0.5 0.7067545304777595 0.27946127946127947 0.016474464579901153
0 0.9772727272727273 0.6960461285008237 0.045454545454545456 0.004942339373970346
0 0.09427609427609428 0.6878088962108732 0.010101010101010102 0.004942339373970346
0 0.08754208754208755 0.6919275123558485 0.037037037037037035 0.016474464579901153
0 0.40235690235690236 0.6812191103789127 0.003367003367003367 0.0016474464579901153
0 0.30723905723905726 0.6828665568369028 0.015151515151515152 0.004942339373970346
0 0.5050505050505051 0.6878088962108732 0.265993265993266 0.018121911037891267
0 0.0968013468013468 0.6787479406919276 0.008417508417508417 0.0032948929159802307
0 0.17003367003367004 0.6779242174629324 0.006734006734006734 0.004942339373970346
0 0.21885521885521886 0.7009884678747941 0.19528619528619529 0.051070840197693576
0 0.07491582491582492 0.6787479406919276 0.011784511784511785 0.006589785831960461
0 0.9991582491582491 0.6565074135090609 0.0016835016835016834 0.0016474464579901153
0 0.9882154882154882 0.657331136738056 0.006734006734006734 0.0032948929159802307
0 0.9772727272727273 0.657331136738056 0.008417508417508417 0.0032948929159802307
0 0.5143097643097643 0.657331136738056 0.005050505050505051 0.0032948929159802307
0 0.49747474747474746 0.657331136738056 0.005050505050505051 0.0032948929159802307
0 0.6254208754208754 0.6556836902800659 0.021885521885521887 0.0032948929159802307
0 0.6094276094276094 0.6556836902800659 0.006734006734006734 0.0032948929159802307
0 0.5673400673400674 0.6565074135090609 0.06734006734006734 0.004942339373970346
0 0.23905723905723905 0.6523887973640856 0.003367003367003367 0.0032948929159802307
0 0.28114478114478114 0.6515650741350906 0.026936026936026935 0.004942339373970346
0 0.3468013468013468 0.6507413509060955 0.020202020202020204 0.006589785831960461
0 0.08585858585858586 0.6490939044481054 0.04713804713804714 0.006589785831960461
0 0.35353535353535354 0.6416803953871499 0.020202020202020204 0.008237232289950576
0 0.1026936026936027 0.6268533772652389 0.003367003367003367 0.0016474464579901153
0 0.09006734006734007 0.628500823723229 0.011784511784511785 0.004942339373970346
0 0.10774410774410774 0.6177924217462932 0.006734006734006734 0.0032948929159802307
0 0.09259259259259259 0.6186161449752883 0.010101010101010102 0.008237232289950576
0 0.08417508417508418 0.628500823723229 0.04377104377104377 0.02800658978583196
0 0.8324915824915825 0.5881383855024712 0.005050505050505051 0.0032948929159802307
0 0.7668350168350169 0.5906095551894563 0.11952861952861953 0.008237232289950576
0 0.9991582491582491 0.5502471169686985 0.0016835016835016834 0.0032948929159802307
0 0.9890572390572391 0.5477759472817133 0.005050505050505051 0.0016474464579901153
0 0.9503367003367004 0.5115321252059308 0.008417508417508417 0.008237232289950576
0 0.04208754208754209 0.48517298187808894 0.003367003367003367 0.004942339373970346
0 0.02861952861952862 0.48599670510708404 0.010101010101010102 0.006589785831960461
0 0.6927609427609428 0.4843492586490939 0.008417508417508417 0.016474464579901153
0 0.33164983164983164 0.20098846787479407 0.030303030303030304 0.009884678747940691
0 0.45202020202020204 0.2042833607907743 0.058922558922558925 0.023064250411861616
0 0.5134680134680135 0.12767710049423395 0.016835016835016835 0.011532125205930808
0 0.010942760942760943 0.09060955518945635 0.021885521885521887 0.026359143327841845
0 0.5 0.357495881383855 1.0 0.5930807248764415
0 0.9393939393939394 0.01070840197693575 0.037037037037037035 0.0214168039538715
