0 0.4471057884231537 0.9946236559139785 0.01996007984031936 0.010752688172043012
0 0.3662674650698603 0.9946236559139785 0.017964071856287425 0.010752688172043012
0 0.5528942115768463 0.9915514592933948 0.06387225548902195 0.016897081413210446
0 0.4121756487025948 0.9854070660522274 0.20958083832335328 0.029185867895545316
0 0.6127744510978044 0.9846390168970814 0.04790419161676647 0.030721966205837174
0 0.0029940119760479044 0.9385560675883257 0.005988023952095809 0.0030721966205837174
0 0.010978043912175649 0.923963133640553 0.013972055888223553 0.010752688172043012
0 0.00998003992015968 0.9101382488479263 0.003992015968063872 0.004608294930875576
0 0.8333333333333334 0.8947772657450077 0.005988023952095809 0.004608294930875576
0 0.011976047904191617 0.8932411674347158 0.023952095808383235 0.004608294930875576
0 0.9780439121756487 0.9139784946236559 0.043912175648702596 0.07987711213517665
0 0.8283433133732535 0.8740399385560675 0.007984031936127744 0.015360983102918587
0 0.9640718562874252 0.8294930875576036 0.011976047904191617 0.0030721966205837174
0 0.8502994011976048 0.8287250384024577 0.01996007984031936 0.007680491551459293
0 0.9660678642714571 0.8125960061443932 0.007984031936127744 0.0030721966205837174
0 0.8512974051896207 0.8118279569892473 0.021956087824351298 0.007680491551459293
0 0.8572854291417166 0.8033794162826421 0.005988023952095809 0.0030721966205837174
0 0.8532934131736527 0.793394777265745 0.021956087824351298 0.007680491551459293
0 0.8932135728542914 0.7841781874039938 0.001996007984031936 0.0015360983102918587
0 0.8962075848303394 0.7741935483870968 0.011976047904191617 0.009216589861751152
0 0.8542914171656687 0.7634408602150538 0.01996007984031936 0.030721966205837174
0 0.7574850299401198 0.7442396313364056 0.013972055888223553 0.013824884792626729
0 0.8612774451097804 0.7357910906298003 0.005988023952095809 0.0030721966205837174
0 0.8942115768463074 0.7442396313364056 0.03992015968063872 0.041474654377880185
0 0.8962075848303394 0.7227342549923195 0.003992015968063872 0.004608294930875576
0 0.7015968063872255 0.5829493087557603 0.017964071856287425 0.004608294930875576
0 0.6756487025948104 0.5668202764976958 0.00998003992015968 0.0030721966205837174
0 0.6736526946107785 0.5514592933947773 0.00998003992015968 0.0030721966205837174
0 0.6726546906187625 0.5422427035330261 0.015968063872255488 0.006144393241167435
0 0.6716566866267465 0.5345622119815668 0.013972055888223553 0.006144393241167435
0 0.7045908183632734 0.5253456221198156 0.007984031936127744 0.006144393241167435
0 0.9900199600798403 0.44393241167434716 0.003992015968063872 0.0030721966205837174
0 0.9510978043912176 0.5883256528417818 0.09780439121756487 0.4915514592933948
0 0.8353293413173652 0.3241167434715822 0.013972055888223553 0.0030721966205837174
0 0.872255489021956 0.32642089093702 0.05588822355289421 0.010752688172043012
0 0.7504990019960079 0.3225806451612903 0.007984031936127744 0.0030721966205837174
0 0.8403193612774451 0.3141321044546851 0.003992015968063872 0.0015360983102918587
0 0.8273453093812375 0.3141321044546851 0.005988023952095809 0.0015360983102918587
0 0.7944111776447106 0.3141321044546851 0.003992015968063872 0.0015360983102918587
0 0.06487025948103792 0.3087557603686636 0.005988023952095809 0.0030721966205837174
0 0.04590818363273453 0.29185867895545314 0.011976047904191617 0.0030721966205837174
0 0.9431137724550899 0.2803379416282642 0.017964071856287425 0.004608294930875576
0 0.9580838323353293 0.21658986175115208 0.08383233532934131 0.24270353302611367
0 0.48403193612774453 0.04838709677419355 0.00998003992015968 0.004608294930875576
0 0.5119760479041916 0.047619047619047616 0.021956087824351298 0.009216589861751152
0 0.469061876247505 0.04531490015360983 0.015968063872255488 0.007680491551459293
0 0.5199600798403193 0.03533026113671275 0.005988023952095809 0.0030721966205837174
0 0.5089820359281437 0.03763440860215054 0.011976047904191617 0.007680491551459293
0 0.48902195608782434 0.030721966205837174 0.027944111776447105 0.018433179723502304
0 0.5079840319361277 0.014592933947772658 0.001996007984031936 0.0015360983102918587
0 0.4660678642714571 0.02457757296466974 0.00998003992015968 0.027649769585253458
0 0.48403193612774453 0.010752688172043012 0.013972055888223553 0.006144393241167435
0 0.5578842315369261 0.03225806451612903 0.04590818363273453 0.06451612903225806
0 0.49201596806387227 0.478494623655914 0.936127744510978 0.956989247311828
