0 0.43324607329842935 0.9923371647509579 0.013089005235602094 0.01532567049808429
0 0.32722513089005234 0.9904214559386973 0.02617801047120419 0.019157088122605363
0 0.28272251308900526 0.9885057471264368 0.015706806282722512 0.022988505747126436
0 0.23036649214659685 0.9865900383141762 0.05235602094240838 0.02681992337164751
0 0.9672774869109948 0.8237547892720306 0.06544502617801047 0.01532567049808429
0 0.7460732984293194 0.7988505747126436 0.005235602094240838 0.0038314176245210726
0 0.8219895287958116 0.7969348659003831 0.015706806282722512 0.007662835249042145
0 0.7918848167539267 0.7988505747126436 0.013089005235602094 0.011494252873563218
0 0.7342931937172775 0.7969348659003831 0.013089005235602094 0.007662835249042145
0 0.9672774869109948 0.7988505747126436 0.06544502617801047 0.019157088122605363
0 0.9581151832460733 0.7758620689655172 0.02617801047120419 0.011494252873563218
0 0.8429319371727748 0.7739463601532567 0.015706806282722512 0.007662835249042145
0 0.7198952879581152 0.7758620689655172 0.031413612565445025 0.011494252873563218
0 0.9528795811518325 0.7528735632183908 0.03664921465968586 0.019157088122605363
0 0.7657068062827225 0.7528735632183908 0.049738219895287955 0.019157088122605363
0 0.7054973821989529 0.7490421455938697 0.028795811518324606 0.011494252873563218
0 0.9410994764397905 0.7298850574712644 0.007853403141361256 0.011494252873563218
0 0.8573298429319371 0.7988505747126436 0.112565445026178 0.14942528735632185
0 0.8704188481675392 0.7298850574712644 0.028795811518324606 0.011494252873563218
0 0.8141361256544503 0.7279693486590039 0.02617801047120419 0.01532567049808429
0 0.7473821989528796 0.7279693486590039 0.034031413612565446 0.01532567049808429
0 0.9424083769633508 0.7068965517241379 0.015706806282722512 0.019157088122605363
0 0.7395287958115183 0.7068965517241379 0.04450261780104712 0.019157088122605363
0 0.9397905759162304 0.685823754789272 0.005235602094240838 0.007662835249042145
0 0.8848167539267016 0.6973180076628352 0.05759162303664921 0.038314176245210725
0 0.731675392670157 0.6819923371647509 0.028795811518324606 0.007662835249042145
0 0.9554973821989529 0.6628352490421456 0.010471204188481676 0.007662835249042145
0 0.9397905759162304 0.6628352490421456 0.010471204188481676 0.007662835249042145
0 0.900523560209424 0.6628352490421456 0.02617801047120419 0.01532567049808429
0 0.8272251308900523 0.6839080459770115 0.06282722513089005 0.06513409961685823
0 0.9070680628272252 0.6398467432950191 0.007853403141361256 0.007662835249042145
0 0.8534031413612565 0.6398467432950191 0.03664921465968586 0.01532567049808429
0 0.7997382198952879 0.6360153256704981 0.007853403141361256 0.007662835249042145
0 0.9528795811518325 0.6168582375478927 0.02617801047120419 0.01532567049808429
0 0.8769633507853403 0.6168582375478927 0.06806282722513089 0.01532567049808429
0 0.8089005235602095 0.6149425287356322 0.031413612565445025 0.019157088122605363
0 0.9581151832460733 0.5957854406130269 0.005235602094240838 0.0038314176245210726
0 0.9463350785340314 0.5938697318007663 0.013089005235602094 0.007662835249042145
0 0.8115183246073299 0.5938697318007663 0.02617801047120419 0.007662835249042145
0 0.9528795811518325 0.5727969348659003 0.031413612565445025 0.011494252873563218
0 0.46727748691099474 0.4885057471264368 0.9345549738219895 0.8850574712643678
0 0.9672774869109948 0.3007662835249042 0.06544502617801047 0.5172413793103449
0 0.4790575916230366 0.009578544061302681 0.010471204188481676 0.019157088122605363
0 0.3075916230366492 0.019157088122605363 0.2591623036649215 0.038314176245210725
