0 0.562007874015748 0.9969742813918305 0.03740157480314961 0.006051437216338881
0 0.3641732283464567 0.9901664145234493 0.20078740157480315 0.019667170953101363
0 0.7224409448818898 0.9546142208774584 0.003937007874015748 0.006051437216338881
0 0.390748031496063 0.9425113464447806 0.005905511811023622 0.0030257186081694403
0 0.30708661417322836 0.9417549167927383 0.015748031496062992 0.0045385779122541605
0 0.421259842519685 0.9409984871406959 0.015748031496062992 0.006051437216338881
0 0.25098425196850394 0.9387291981845688 0.005905511811023622 0.0015128593040847202
0 0.2677165354330709 0.9372163388804842 0.01968503937007874 0.007564296520423601
0 0.2440944881889764 0.9334341906202723 0.003937007874015748 0.0030257186081694403
0 0.29429133858267714 0.9341906202723147 0.017716535433070866 0.007564296520423601
0 0.2234251968503937 0.9349470499243571 0.00984251968503937 0.009077155824508321
0 0.11614173228346457 0.9319213313161876 0.003937007874015748 0.0030257186081694403
0 0.1919291338582677 0.93267776096823 0.03740157480314961 0.007564296520423601
0 0.9812992125984252 0.9478063540090772 0.03740157480314961 0.04084720121028744
0 0.14763779527559054 0.93267776096823 0.047244094488188976 0.01059001512859304
0 0.8503937007874016 0.9455370650529501 0.20866141732283464 0.048411497730711045
0 0.8484251968503937 0.916036308623298 0.003937007874015748 0.0015128593040847202
0 0.8946850393700787 0.9024205748865356 0.005905511811023622 0.0015128593040847202
0 0.8533464566929134 0.9039334341906202 0.005905511811023622 0.0045385779122541605
0 0.8966535433070866 0.8948562783661119 0.001968503937007874 0.0015128593040847202
0 0.3690944881889764 0.9296520423600605 0.6751968503937008 0.0832072617246596
0 0.9429133858267716 0.8850226928895613 0.023622047244094488 0.006051437216338881
0 0.03543307086614173 0.8812405446293494 0.003937007874015748 0.0015128593040847202
0 0.8700787401574803 0.8782148260211801 0.003937007874015748 0.0015128593040847202
0 0.9665354330708661 0.8774583963691377 0.003937007874015748 0.0030257186081694403
0 0.7431102362204725 0.8782148260211801 0.013779527559055118 0.0045385779122541605
0 0.03641732283464567 0.8736762481089259 0.00984251968503937 0.0045385779122541605
0 0.781496062992126 0.8721633888048411 0.007874015748031496 0.0045385779122541605
0 0.6515748031496063 0.8714069591527988 0.01968503937007874 0.0030257186081694403
0 0.9616141732283464 0.8668683812405447 0.013779527559055118 0.006051437216338881
0 0.7795275590551181 0.8645990922844176 0.003937007874015748 0.0015128593040847202
0 0.03937007874015748 0.8653555219364599 0.011811023622047244 0.0030257186081694403
0 0.6535433070866141 0.8630862329803328 0.007874015748031496 0.0015128593040847202
0 0.9901574803149606 0.8744326777609682 0.01968503937007874 0.036308623298033284
0 0.045275590551181105 0.8577912254160364 0.023622047244094488 0.0030257186081694403
0 0.03937007874015748 0.8494704992435703 0.003937007874015748 0.0015128593040847202
0 0.9921259842519685 0.8494704992435703 0.015748031496062992 0.007564296520423601
0 0.08070866141732283 0.8441754916792739 0.015748031496062992 0.0030257186081694403
0 0.6328740157480315 0.8479576399394856 0.04921259842519685 0.01664145234493192
0 0.040354330708661415 0.8411497730711044 0.013779527559055118 0.0030257186081694403
0 0.04330708661417323 0.8335854765506808 0.011811023622047244 0.0030257186081694403
0 0.672244094488189 0.8282904689863843 0.001968503937007874 0.0015128593040847202
0 0.47834645669291337 0.8305597579425114 0.027559055118110236 0.006051437216338881
0 0.3927165354330709 0.8252647503782148 0.001968503937007874 0.0015128593040847202
0 0.054133858267716536 0.8252647503782148 0.005905511811023622 0.0015128593040847202
0 0.39763779527559057 0.8169440242057489 0.011811023622047244 0.0030257186081694403
0 0.7263779527559056 0.8456883509833586 0.04330708661417323 0.06959152798789713
0 0.09153543307086615 0.8101361573373677 0.001968503937007874 0.0015128593040847202
0 0.0797244094488189 0.81089258698941 0.013779527559055118 0.0030257186081694403
0 0.038385826771653545 0.8071104387291982 0.017716535433070866 0.0045385779122541605
0 0.9557086614173228 0.8086232980332829 0.013779527559055118 0.01361573373676248
0 0.9665354330708661 0.8018154311649016 0.003937007874015748 0.006051437216338881
0 0.0688976377952756 0.800302571860817 0.011811023622047244 0.0030257186081694403
0 0.04232283464566929 0.7995461422087746 0.017716535433070866 0.0045385779122541605
0 0.6643700787401575 0.7965204236006052 0.005905511811023622 0.0015128593040847202
0 0.9547244094488189 0.7866868381240545 0.003937007874015748 0.0030257186081694403
0 0.03937007874015748 0.7806354009077155 0.01968503937007874 0.006051437216338881
0 0.9468503937007874 0.7851739788199698 0.007874015748031496 0.018154311649016642
0 0.6968503937007874 0.7609682299546142 0.047244094488188976 0.12405446293494705
0 0.9507874015748031 0.6754916792738276 0.003937007874015748 0.0045385779122541605
0 0.9783464566929134 0.7465960665658093 0.04330708661417323 0.17095310136157338
0 0.9281496062992126 0.7594553706505295 0.07677165354330709 0.2027231467473525
0 0.9350393700787402 0.6543116490166414 0.003937007874015748 0.0015128593040847202
0 0.9793307086614174 0.6550680786686838 0.00984251968503937 0.006051437216338881
0 0.9202755905511811 0.6543116490166414 0.017716535433070866 0.0045385779122541605
0 0.8956692913385826 0.6520423600605144 0.007874015748031496 0.0030257186081694403
0 0.655511811023622 0.6739788199697428 0.03543307086614173 0.05597579425113464
0 0.9173228346456693 0.6437216338880484 0.003937007874015748 0.0015128593040847202
0 0.9891732283464567 0.6361573373676248 0.021653543307086614 0.0045385779122541605
0 0.906496062992126 0.6331316187594553 0.02952755905511811 0.0045385779122541605
0 0.6446850393700787 0.6331316187594553 0.025590551181102362 0.01059001512859304
0 0.9891732283464567 0.6255673222390318 0.021653543307086614 0.007564296520423601
0 0.9015748031496063 0.6232980332829047 0.031496062992125984 0.009077155824508321
0 0.6023622047244095 0.6157337367624811 0.007874015748031496 0.0030257186081694403
0 0.9822834645669292 0.6164901664145235 0.03543307086614173 0.007564296520423601
0 0.8986220472440944 0.6142208774583964 0.021653543307086614 0.006051437216338881
0 0.6377952755905512 0.6142208774583964 0.027559055118110236 0.012102874432677761
0 0.5226377952755905 0.6104387291981845 0.09645669291338582 0.01361573373676248
0 0.4360236220472441 0.6074130105900152 0.0688976377952756 0.01059001512859304
0 0.8946850393700787 0.6036308623298033 0.021653543307086614 0.009077155824508321
0 0.6998031496062992 0.5975794251134644 0.00984251968503937 0.0030257186081694403
0 0.8454724409448819 0.74357034795764 0.20275590551181102 0.2980332829046899
0 0.27755905511811024 0.6036308623298033 0.2283464566929134 0.018154311649016642
0 0.5915354330708661 0.594553706505295 0.00984251968503937 0.006051437216338881
0 0.6309055118110236 0.5960665658093798 0.02952755905511811 0.012102874432677761
0 0.889763779527559 0.5869894099848714 0.007874015748031496 0.0030257186081694403
0 0.514763779527559 0.5907715582450832 0.09251968503937008 0.01059001512859304
0 0.31200787401574803 0.586232980332829 0.017716535433070866 0.007564296520423601
0 0.8070866141732284 0.5854765506807866 0.12598425196850394 0.009077155824508321
0 0.3828740157480315 0.5877458396369137 0.10433070866141732 0.01361573373676248
0 0.24015748031496062 0.5832072617246596 0.015748031496062992 0.007564296520423601
0 0.9812992125984252 0.594553706505295 0.03740157480314961 0.03328290468986384
0 0.625 0.5801815431164902 0.025590551181102362 0.007564296520423601
0 0.5354330708661418 0.5763993948562783 0.007874015748031496 0.0030257186081694403
0 0.4950787401574803 0.5763993948562783 0.05708661417322835 0.009077155824508321
0 0.43700787401574803 0.5741301059001512 0.007874015748031496 0.0045385779122541605
0 0.9862204724409449 0.573373676248109 0.027559055118110236 0.006051437216338881
0 0.8877952755905512 0.5711043872919819 0.007874015748031496 0.0045385779122541605
0 0.13681102362204725 0.5703479576399395 0.005905511811023622 0.0030257186081694403
0 0.10728346456692914 0.5695915279878971 0.005905511811023622 0.0015128593040847202
0 0.687007874015748 0.5680786686838124 0.003937007874015748 0.0015128593040847202
0 0.3799212598425197 0.5718608169440242 0.0984251968503937 0.012102874432677761
0 0.23818897637795275 0.5658093797276853 0.01968503937007874 0.006051437216338881
0 0.9803149606299213 0.5650529500756429 0.03937007874015748 0.007564296520423601
0 0.2785433070866142 0.56732223903177 0.04921259842519685 0.012102874432677761
0 0.5246062992125984 0.5627836611195158 0.0531496062992126 0.009077155824508321
0 0.33858267716535434 0.6981845688350984 0.6259842519685039 0.27987897125567324
0 0.10433070866141732 0.5597579425113465 0.007874015748031496 0.0030257186081694403
0 0.46358267716535434 0.5597579425113465 0.00984251968503937 0.006051437216338881
0 0.43503937007874016 0.5590015128593041 0.03937007874015748 0.01059001512859304
0 0.8986220472440944 0.5544629349470499 0.025590551181102362 0.0045385779122541605
0 0.34744094488188976 0.5544629349470499 0.04133858267716536 0.01059001512859304
0 0.27263779527559057 0.5521936459909228 0.09251968503937008 0.012102874432677761
0 0.20275590551181102 0.5499243570347958 0.03543307086614173 0.007564296520423601
0 0.5236220472440944 0.5453857791225416 0.003937007874015748 0.0015128593040847202
0 0.03740157480314961 0.5491679273827534 0.027559055118110236 0.009077155824508321
0 0.8917322834645669 0.5453857791225416 0.007874015748031496 0.0045385779122541605
0 0.4566929133858268 0.5416036308623298 0.007874015748031496 0.006051437216338881
0 0.41732283464566927 0.5385779122541604 0.007874015748031496 0.006051437216338881
0 0.343503937007874 0.537821482602118 0.04133858267716536 0.01059001512859304
0 0.29429133858267714 0.5363086232980333 0.017716535433070866 0.007564296520423601
0 0.07874015748031496 0.5514372163388804 0.11023622047244094 0.04387291981845688
0 0.12992125984251968 0.5302571860816944 0.003937007874015748 0.0045385779122541605
0 0.7244094488188977 0.5226928895612708 0.003937007874015748 0.0015128593040847202
0 0.1919291338582677 0.5279878971255674 0.013779527559055118 0.012102874432677761
0 0.12893700787401574 0.5204236006051437 0.005905511811023622 0.006051437216338881
0 0.2854330708661417 0.5181543116490166 0.023622047244094488 0.0045385779122541605
0 0.44881889763779526 0.5136157337367625 0.003937007874015748 0.0015128593040847202
0 0.09645669291338582 0.516641452344932 0.007874015748031496 0.007564296520423601
0 0.0344488188976378 0.5158850226928896 0.021653543307086614 0.009077155824508321
0 0.3425196850393701 0.516641452344932 0.027559055118110236 0.01664145234493192
0 0.12696850393700787 0.5030257186081695 0.00984251968503937 0.0045385779122541605
0 0.09645669291338582 0.5022692889561271 0.007874015748031496 0.0030257186081694403
0 0.5964566929133859 0.4909228441754917 0.07086614173228346 0.15582450832072617
0 0.9429133858267716 0.44251134644478063 0.1141732283464567 0.2314674735249622
0 0.5905511811023622 0.3472012102874433 0.03543307086614173 0.04387291981845688
0 0.7726377952755905 0.4493192133131619 0.2421259842519685 0.25113464447806355
0 0.2736220472440945 0.4130105900151286 0.5078740157480315 0.19062027231467474
0 0.9921259842519685 0.31694402420574885 0.015748031496062992 0.0045385779122541605
0 0.9488188976377953 0.3161875945537065 0.015748031496062992 0.0030257186081694403
0 0.5807086614173228 0.3146747352496218 0.023622047244094488 0.006051437216338881
0 0.7696850393700787 0.3146747352496218 0.2440944881889764 0.009077155824508321
0 0.34448818897637795 0.31089258698940997 0.23228346456692914 0.01059001512859304
0 0.19488188976377951 0.3093797276853253 0.05511811023622047 0.007564296520423601
0 0.09055118110236221 0.3071104387291982 0.1377952755905512 0.009077155824508321
0 0.984251968503937 0.3040847201210287 0.031496062992125984 0.006051437216338881
0 0.9498031496062992 0.3033282904689864 0.017716535433070866 0.0045385779122541605
0 0.7598425196850394 0.30257186081694404 0.23228346456692914 0.009077155824508321
0 0.5826771653543307 0.29954614220877457 0.007874015748031496 0.0030257186081694403
0 0.5688976377952756 0.2987897125567322 0.011811023622047244 0.0045385779122541605
0 0.2372047244094488 0.2927382753403933 0.43503937007874016 0.01664145234493192
0 0.9645669291338582 0.28895612708018154 0.07086614173228346 0.012102874432677761
0 0.765748031496063 0.2874432677760968 0.2637795275590551 0.012102874432677761
0 0.5728346456692913 0.28517397881996975 0.023622047244094488 0.007564296520423601
0 0.234251968503937 0.27760968229954613 0.42913385826771655 0.01664145234493192
0 0.9744094488188977 0.2692889561270802 0.051181102362204724 0.012102874432677761
0 0.7470472440944882 0.26853252647503784 0.2263779527559055 0.01361573373676248
0 0.390748031496063 0.26248108925869895 0.001968503937007874 0.0015128593040847202
0 0.4340551181102362 0.2632375189107413 0.02952755905511811 0.006051437216338881
0 0.41338582677165353 0.26248108925869895 0.007874015748031496 0.0045385779122541605
0 0.40255905511811024 0.2617246596066566 0.005905511811023622 0.0030257186081694403
0 0.3671259842519685 0.2617246596066566 0.02952755905511811 0.009077155824508321
0 0.3228346456692913 0.2609682299546142 0.047244094488188976 0.007564296520423601
0 0.24606299212598426 0.2594553706505295 0.08661417322834646 0.01059001512859304
0 0.17618110236220472 0.2586989409984871 0.02952755905511811 0.009077155824508321
0 0.08562992125984252 0.2556732223903177 0.13188976377952755 0.012102874432677761
0 0.96751968503937 0.24886535552193645 0.06496062992125984 0.01361573373676248
0 0.7440944881889764 0.24735249621785174 0.22440944881889763 0.01361573373676248
0 0.38188976377952755 0.24205748865355523 0.01968503937007874 0.009077155824508321
0 0.2903543307086614 0.2405446293494705 0.021653543307086614 0.009077155824508321
0 0.06496062992125984 0.23751891074130105 0.08661417322834646 0.006051437216338881
0 0.8937007874015748 0.23071104387291982 0.003937007874015748 0.0015128593040847202
0 0.968503937007874 0.23071104387291982 0.06299212598425197 0.01059001512859304
0 0.5393700787401575 0.22692889561270801 0.011811023622047244 0.0030257186081694403
0 0.5187007874015748 0.22692889561270801 0.00984251968503937 0.0030257186081694403
0 0.49606299212598426 0.22692889561270801 0.01968503937007874 0.0030257186081694403
0 0.7332677165354331 0.2291981845688351 0.23818897637795275 0.01059001512859304
0 0.2470472440944882 0.22239031770045387 0.4507874015748031 0.012102874432677761
0 0.9724409448818898 0.21482602118003025 0.05511811023622047 0.009077155824508321
0 0.4911417322834646 0.21104387291981846 0.20669291338582677 0.007564296520423601
0 0.7263779527559056 0.2118003025718608 0.23228346456692914 0.012102874432677761
0 0.3169291338582677 0.20347957639939485 0.01968503937007874 0.0045385779122541605
0 0.969488188976378 0.1459909228441755 0.0610236220472441 0.11346444780635401
0 0.8809055118110236 0.13993948562783662 0.07283464566929133 0.11346444780635401
0 0.4940944881889764 0.049167927382753406 0.007874015748031496 0.0045385779122541605
0 0.5039370078740157 0.04084720121028744 0.011811023622047244 0.006051437216338881
0 0.5009842519685039 0.024962178517397883 0.025590551181102362 0.01361573373676248
0 0.4763779527559055 0.019667170953101363 0.011811023622047244 0.006051437216338881
0 0.42618110236220474 0.10060514372163389 0.8169291338582677 0.20121028744326777
