0 0.6261538461538462 0.9879807692307693 0.08307692307692308 0.02403846153846154
0 0.4369230769230769 0.9771634615384616 0.28307692307692306 0.04567307692307692
0 0.7153846153846154 0.9747596153846154 0.07076923076923076 0.05048076923076923
0 0.0015384615384615385 0.6069711538461539 0.003076923076923077 0.002403846153846154
0 0.5 0.5204326923076923 1.0 0.8581730769230769
0 0.6123076923076923 0.06370192307692307 0.006153846153846154 0.007211538461538462
0 0.4276923076923077 0.0625 0.018461538461538463 0.03365384615384615
0 0.3923076923076923 0.06009615384615385 0.021538461538461538 0.03365384615384615
0 0.6630769230769231 0.06009615384615385 0.033846153846153845 0.038461538461538464
0 0.4969230769230769 0.055288461538461536 0.021538461538461538 0.03365384615384615
