0 0.6286266924564797 0.9970193740685543 0.0038684719535783366 0.0029806259314456036
0 0.01160541586073501 0.981371087928465 0.02321083172147002 0.010432190760059613
0 0.534816247582205 0.9575260804769001 0.013539651837524178 0.013412816691505217
0 0.5106382978723404 0.9672131147540983 0.061895551257253385 0.041728763040238454
0 0.32978723404255317 0.9605067064083458 0.5473887814313346 0.07898658718330849
0 0.5880077369439072 0.9135618479880775 0.007736943907156673 0.0029806259314456036
0 0.7040618955512572 0.9120715350223547 0.007736943907156673 0.0029806259314456036
0 0.6895551257253385 0.9113263785394933 0.013539651837524178 0.004470938897168405
0 0.5705996131528046 0.9120715350223547 0.015473887814313346 0.005961251862891207
0 0.43423597678916825 0.9098360655737705 0.005802707930367505 0.0014903129657228018
0 0.6634429400386848 0.9098360655737705 0.015473887814313346 0.007451564828614009
0 0.41102514506769827 0.9083457526080477 0.02127659574468085 0.004470938897168405
0 0.9825918762088974 0.9120715350223547 0.03481624758220503 0.014903129657228018
0 0.3771760154738878 0.9068554396423248 0.030947775628626693 0.007451564828614009
0 0.8239845261121856 0.9090909090909091 0.2205029013539652 0.014903129657228018
0 0.34235976789168276 0.9053651266766021 0.03481624758220503 0.007451564828614009
0 0.24468085106382978 0.9031296572280179 0.005802707930367505 0.0029806259314456036
0 0.5029013539651838 0.9076005961251863 0.11218568665377177 0.014903129657228018
0 0.3065764023210832 0.9023845007451565 0.005802707930367505 0.004470938897168405
0 0.28239845261121854 0.9031296572280179 0.01160541586073501 0.005961251862891207
0 0.269825918762089 0.8964232488822653 0.005802707930367505 0.004470938897168405
0 0.3694390715667311 0.886736214605067 0.0038684719535783366 0.0029806259314456036
0 0.9361702127659575 0.8748137108792846 0.007736943907156673 0.0029806259314456036
0 0.7079303675048356 0.860655737704918 0.0038684719535783366 0.0014903129657228018
0 0.6731141199226306 0.856929955290611 0.015473887814313346 0.0029806259314456036
0 0.8849129593810445 0.8524590163934426 0.013539651837524178 0.0029806259314456036
0 0.9864603481624759 0.8666169895678092 0.027079303675048357 0.040238450074515646
0 0.8568665377176016 0.849478390461997 0.03481624758220503 0.005961251862891207
0 0.8346228239845261 0.8472429210134128 0.005802707930367505 0.0014903129657228018
0 0.5299806576402321 0.8479880774962743 0.0038684719535783366 0.0029806259314456036
0 0.8152804642166345 0.8450074515648286 0.009671179883945842 0.0029806259314456036
0 0.7988394584139265 0.8442622950819673 0.0038684719535783366 0.0014903129657228018
0 0.7785299806576402 0.8412816691505216 0.005802707930367505 0.0014903129657228018
0 0.758220502901354 0.8390461997019374 0.007736943907156673 0.0029806259314456036
0 0.9110251450676983 0.8539493293591655 0.10831721470019343 0.03576751117734724
0 0.8220502901353965 0.827123695976155 0.015473887814313346 0.0029806259314456036
0 0.7649903288201161 0.8278688524590164 0.19148936170212766 0.022354694485842028
0 0.6392649903288201 0.8152011922503726 0.013539651837524178 0.0029806259314456036
0 0.6199226305609284 0.8129657228017884 0.013539651837524178 0.004470938897168405
0 0.109284332688588 0.8114754098360656 0.005802707930367505 0.004470938897168405
0 0.7272727272727273 0.8152011922503726 0.16634429400386846 0.020864381520119227
0 0.7891682785299806 0.8047690014903129 0.015473887814313346 0.005961251862891207
0 0.10735009671179883 0.8040238450074516 0.005802707930367505 0.004470938897168405
0 0.6237911025145068 0.8032786885245902 0.03288201160541586 0.005961251862891207
0 0.10831721470019343 0.7958271236959762 0.007736943907156673 0.005961251862891207
0 0.9941972920696325 0.8137108792846498 0.01160541586073501 0.04769001490312966
0 0.10831721470019343 0.7876304023845008 0.007736943907156673 0.004470938897168405
0 0.10735009671179883 0.7794336810730254 0.005802707930367505 0.0029806259314456036
0 0.1102514506769826 0.7704918032786885 0.0038684719535783366 0.0029806259314456036
0 0.15087040618955513 0.7496274217585693 0.0038684719535783366 0.0029806259314456036
0 0.14893617021276595 0.7406855439642325 0.0038684719535783366 0.0029806259314456036
0 0.14796905222437137 0.7317436661698957 0.005802707930367505 0.0029806259314456036
0 0.1470019342359768 0.7041728763040238 0.0038684719535783366 0.01639344262295082
0 0.965183752417795 0.6907600596125186 0.0038684719535783366 0.004470938897168405
0 0.11702127659574468 0.6669150521609538 0.017408123791102514 0.007451564828614009
0 0.08123791102514506 0.6460506706408345 0.0038684719535783366 0.004470938897168405
0 0.08317214700193423 0.6371087928464978 0.0038684719535783366 0.0014903129657228018
0 0.9903288201160542 0.6780923994038748 0.019342359767891684 0.12220566318926974
0 0.9381044487427466 0.7242921013412816 0.10058027079303675 0.22354694485842028
0 0.07930367504835589 0.6147540983606558 0.0038684719535783366 0.004470938897168405
0 0.9932301740812379 0.6095380029806259 0.0019342359767891683 0.0029806259314456036
0 0.1102514506769826 0.6110283159463488 0.01160541586073501 0.005961251862891207
0 0.9129593810444874 0.6065573770491803 0.01160541586073501 0.0029806259314456036
0 0.07930367504835589 0.6065573770491803 0.0038684719535783366 0.0029806259314456036
0 0.11218568665377177 0.5909090909090909 0.015473887814313346 0.007451564828614009
0 0.9352030947775629 0.5879284649776453 0.025145067698259187 0.004470938897168405
0 0.9061895551257253 0.587183308494784 0.017408123791102514 0.0029806259314456036
0 0.9970986460348162 0.5812220566318927 0.005802707930367505 0.005961251862891207
0 0.9158607350096711 0.5782414307004471 0.05222437137330754 0.005961251862891207
0 0.109284332688588 0.5745156482861401 0.005802707930367505 0.0014903129657228018
0 0.9970986460348162 0.5715350223546944 0.005802707930367505 0.007451564828614009
0 0.9187620889748549 0.5700447093889717 0.03868471953578337 0.004470938897168405
0 0.11121856866537717 0.5670640834575261 0.005802707930367505 0.0014903129657228018
0 0.9980657640232108 0.5625931445603577 0.0038684719535783366 0.007451564828614009
0 0.9110251450676983 0.5588673621460507 0.0425531914893617 0.005961251862891207
0 0.9980657640232108 0.5551415797317437 0.0038684719535783366 0.004470938897168405
0 0.07640232108317214 0.5491803278688525 0.013539651837524178 0.004470938897168405
0 0.9042553191489362 0.5417287630402384 0.02127659574468085 0.004470938897168405
0 0.5145067698259188 0.5670640834575261 0.723404255319149 0.05812220566318927
0 0.9061895551257253 0.5357675111773472 0.013539651837524178 0.004470938897168405
0 0.90715667311412 0.5275707898658718 0.015473887814313346 0.0029806259314456036
0 0.7059961315280464 0.5357675111773472 0.3365570599613153 0.019374068554396422
0 0.10831721470019343 0.5305514157973175 0.019342359767891684 0.011922503725782414
0 0.07543520309477757 0.5238450074515648 0.0038684719535783366 0.0014903129657228018
0 0.9922630560928434 0.522354694485842 0.015473887814313346 0.004470938897168405
0 0.90715667311412 0.5201192250372578 0.007736943907156673 0.0029806259314456036
0 0.5135396518375241 0.5402384500745157 0.7253384912959381 0.043219076005961254
0 0.9922630560928434 0.5149031296572281 0.015473887814313346 0.004470938897168405
0 0.9622823984526112 0.5081967213114754 0.07543520309477757 0.011922503725782414
0 0.9090909090909091 0.507451564828614 0.019342359767891684 0.013412816691505217
0 0.109284332688588 0.5022354694485842 0.017408123791102514 0.005961251862891207
0 0.48549323017408125 0.6974664679582713 0.8974854932301741 0.4113263785394933
0 0.05319148936170213 0.47540983606557374 0.0367504835589942 0.029806259314456036
0 0.10541586073500966 0.455290611028316 0.017408123791102514 0.007451564828614009
0 0.09574468085106383 0.4344262295081967 0.0019342359767891683 0.0014903129657228018
0 0.09961315280464217 0.39418777943368105 0.0019342359767891683 0.0014903129657228018
0 0.9526112185686654 0.40014903129657226 0.09477756286266925 0.19821162444113263
0 0.9777562862669246 0.2906110283159464 0.04448742746615087 0.005961251862891207
0 0.5183752417794971 0.4083457526080477 0.7504835589941973 0.2473919523099851
0 0.08413926499032882 0.29582712369597614 0.025145067698259187 0.02533532041728763
0 0.04642166344294004 0.36736214605067063 0.03481624758220503 0.17436661698956782
0 0.9961315280464217 0.2779433681073025 0.007736943907156673 0.004470938897168405
0 0.9690522243713733 0.27719821162444114 0.019342359767891684 0.0029806259314456036
0 0.5174081237911026 0.2816691505216095 0.7485493230174082 0.020864381520119227
0 0.08317214700193423 0.2719821162444113 0.02321083172147002 0.004470938897168405
0 0.041586073500967116 0.27123695976154993 0.013539651837524178 0.0029806259314456036
0 0.925531914893617 0.26229508196721313 0.0019342359767891683 0.0029806259314456036
0 0.9787234042553191 0.2630402384500745 0.0425531914893617 0.010432190760059613
0 0.13056092843326886 0.2578241430700447 0.005802707930367505 0.0029806259314456036
0 0.5145067698259188 0.2660208643815201 0.7504835589941973 0.02533532041728763
0 0.08220502901353965 0.2563338301043219 0.029013539651837523 0.00894187779433681
0 0.04061895551257253 0.2540983606557377 0.019342359767891684 0.007451564828614009
0 0.9816247582205029 0.2436661698956781 0.0367504835589942 0.010432190760059613
0 0.5096711798839458 0.2511177347242921 0.7717601547388782 0.028315946348733235
0 0.08123791102514506 0.2391952309985097 0.030947775628626693 0.010432190760059613
0 0.04061895551257253 0.23770491803278687 0.02321083172147002 0.007451564828614009
0 0.9622823984526112 0.22503725782414308 0.07543520309477757 0.011922503725782414
0 0.5058027079303675 0.23248882265275708 0.7678916827852998 0.026825633383010434
0 0.041586073500967116 0.22131147540983606 0.025145067698259187 0.010432190760059613
0 0.9642166344294004 0.20789865871833085 0.07156673114119923 0.010432190760059613
0 0.5087040618955513 0.21385991058122206 0.769825918762089 0.028315946348733235
0 0.039651837524177946 0.20417287630402384 0.02127659574468085 0.00894187779433681
0 0.9506769825918762 0.19150521609538004 0.025145067698259187 0.004470938897168405
0 0.9825918762088974 0.19150521609538004 0.03481624758220503 0.010432190760059613
0 0.5096711798839458 0.19746646795827125 0.7640232108317214 0.02533532041728763
0 0.04061895551257253 0.18777943368107303 0.02321083172147002 0.00894187779433681
0 0.625725338491296 0.18479880774962743 0.528046421663443 0.014903129657228018
0 0.037717601547388784 0.1751117734724292 0.005802707930367505 0.0014903129657228018
0 0.9622823984526112 0.12518628912071536 0.07543520309477757 0.11028315946348734
0 0.4961315280464217 0.018628912071535022 0.013539651837524178 0.007451564828614009
0 0.4951644100580271 0.004470938897168405 0.019342359767891684 0.00894187779433681
0 0.46421663442940037 0.08867362146050671 0.8820116054158608 0.17734724292101342
