0 0.4653846153846154 0.9927234927234927 0.03230769230769231 0.014553014553014554
0 0.4269230769230769 0.9927234927234927 0.016923076923076923 0.014553014553014554
0 0.5 0.9916839916839917 0.018461538461538463 0.016632016632016633
0 0.6038461538461538 0.9906444906444907 0.016923076923076923 0.018711018711018712
0 0.5723076923076923 0.9906444906444907 0.009230769230769232 0.018711018711018712
0 0.5869230769230769 0.9812889812889813 0.013846153846153847 0.008316008316008316
0 0.6076923076923076 0.9407484407484408 0.03076923076923077 0.014553014553014554
0 0.34076923076923077 0.9293139293139293 0.1523076923076923 0.05405405405405406
0 0.5592307692307692 0.8378378378378378 0.007692307692307693 0.016632016632016633
0 0.14384615384615385 0.7993762993762994 0.0015384615384615385 0.002079002079002079
0 0.8353846153846154 0.7848232848232848 0.015384615384615385 0.006237006237006237
0 0.8184615384615385 0.7837837837837838 0.006153846153846154 0.004158004158004158
0 0.7884615384615384 0.7869022869022869 0.03230769230769231 0.010395010395010396
0 0.6046153846153847 0.7869022869022869 0.012307692307692308 0.010395010395010396
0 0.6938461538461539 0.7733887733887734 0.003076923076923077 0.004158004158004158
0 0.6784615384615384 0.7577962577962578 0.003076923076923077 0.002079002079002079
0 0.693076923076923 0.7588357588357588 0.007692307692307693 0.008316008316008316
0 0.5061538461538462 0.8503118503118503 0.9876923076923076 0.20374220374220375
0 0.39076923076923076 0.7515592515592515 0.009230769230769232 0.006237006237006237
0 0.916923076923077 0.7432432432432432 0.009230769230769232 0.002079002079002079
0 0.87 0.7422037422037422 0.010769230769230769 0.004158004158004158
0 0.3953846153846154 0.7401247401247402 0.018461538461538463 0.008316008316008316
0 0.7553846153846154 0.7318087318087318 0.003076923076923077 0.004158004158004158
0 0.6807692307692308 0.7401247401247402 0.02923076923076923 0.02079002079002079
0 0.76 0.737006237006237 0.12307692307692308 0.018711018711018712
0 0.6446153846153846 0.7307692307692307 0.024615384615384615 0.018711018711018712
0 0.5923076923076923 0.7245322245322245 0.012307692307692308 0.006237006237006237
0 0.553076923076923 0.7307692307692307 0.13076923076923078 0.018711018711018712
0 0.6838461538461539 0.7203742203742204 0.0015384615384615385 0.002079002079002079
0 0.3169230769230769 0.7245322245322245 0.046153846153846156 0.014553014553014554
0 0.21769230769230768 0.7203742203742204 0.004615384615384616 0.006237006237006237
0 0.08846153846153847 0.7214137214137214 0.010769230769230769 0.008316008316008316
0 0.7230769230769231 0.7203742203742204 0.027692307692307693 0.010395010395010396
0 0.2592307692307692 0.7193347193347194 0.038461538461538464 0.008316008316008316
0 0.19615384615384615 0.7203742203742204 0.013846153846153847 0.010395010395010396
0 0.13307692307692306 0.7203742203742204 0.03230769230769231 0.010395010395010396
0 0.5507692307692308 0.7151767151767152 0.024615384615384615 0.004158004158004158
0 0.6015384615384616 0.7141372141372141 0.009230769230769232 0.006237006237006237
0 0.12307692307692308 0.7079002079002079 0.003076923076923077 0.002079002079002079
0 0.23384615384615384 0.7068607068607069 0.003076923076923077 0.004158004158004158
0 0.2076923076923077 0.7099792099792099 0.012307692307692308 0.010395010395010396
0 0.09153846153846154 0.7079002079002079 0.007692307692307693 0.006237006237006237
0 0.3069230769230769 0.7068607068607069 0.004615384615384616 0.008316008316008316
0 0.28615384615384615 0.7068607068607069 0.009230769230769232 0.008316008316008316
0 0.25076923076923074 0.7068607068607069 0.009230769230769232 0.008316008316008316
0 0.7269230769230769 0.6975051975051975 0.0015384615384615385 0.002079002079002079
0 0.8161538461538461 0.6954261954261954 0.0015384615384615385 0.002079002079002079
0 0.7446153846153846 0.6964656964656964 0.003076923076923077 0.004158004158004158
0 0.23384615384615384 0.6975051975051975 0.012307692307692308 0.006237006237006237
0 0.7769230769230769 0.6964656964656964 0.024615384615384615 0.008316008316008316
0 0.08846153846153847 0.6964656964656964 0.007692307692307693 0.008316008316008316
0 0.30230769230769233 0.6954261954261954 0.03538461538461538 0.010395010395010396
0 0.2684615384615385 0.7016632016632016 0.013846153846153847 0.02286902286902287
0 0.25461538461538463 0.6954261954261954 0.004615384615384616 0.010395010395010396
0 0.7069230769230769 0.6871101871101871 0.0015384615384615385 0.002079002079002079
0 0.6361538461538462 0.6891891891891891 0.013846153846153847 0.006237006237006237
0 0.6092307692307692 0.6943866943866944 0.06153846153846154 0.016632016632016633
0 0.8176923076923077 0.685031185031185 0.004615384615384616 0.006237006237006237
0 0.7769230769230769 0.6860706860706861 0.009230769230769232 0.008316008316008316
0 0.7423076923076923 0.6860706860706861 0.013846153846153847 0.008316008316008316
0 0.2592307692307692 0.682952182952183 0.013846153846153847 0.006237006237006237
0 0.21923076923076923 0.682952182952183 0.007692307692307693 0.006237006237006237
0 0.0876923076923077 0.681912681912682 0.003076923076923077 0.004158004158004158
0 0.28615384615384615 0.682952182952183 0.021538461538461538 0.010395010395010396
0 0.7961538461538461 0.6725571725571725 0.004615384615384616 0.002079002079002079
0 0.7838461538461539 0.6715176715176715 0.010769230769230769 0.004158004158004158
0 0.7653846153846153 0.6715176715176715 0.007692307692307693 0.004158004158004158
0 0.08923076923076922 0.6704781704781705 0.003076923076923077 0.006237006237006237
0 0.3069230769230769 0.6683991683991684 0.013846153846153847 0.006237006237006237
0 0.2723076923076923 0.6694386694386695 0.033846153846153845 0.012474012474012475
0 0.6384615384615384 0.6611226611226612 0.003076923076923077 0.004158004158004158
0 0.806923076923077 0.6559251559251559 0.004615384615384616 0.006237006237006237
0 0.28923076923076924 0.6559251559251559 0.006153846153846154 0.006237006237006237
0 0.8492307692307692 0.6548856548856549 0.018461538461538463 0.008316008316008316
0 0.8269230769230769 0.6559251559251559 0.007692307692307693 0.010395010395010396
0 0.8492307692307692 0.6413721413721414 0.003076923076923077 0.002079002079002079
0 0.17461538461538462 0.6413721413721414 0.0015384615384615385 0.002079002079002079
0 0.08846153846153847 0.6434511434511434 0.007692307692307693 0.006237006237006237
0 0.2746153846153846 0.6424116424116424 0.013846153846153847 0.008316008316008316
0 0.8438461538461538 0.6288981288981289 0.0015384615384615385 0.002079002079002079
0 0.8684615384615385 0.6268191268191268 0.0015384615384615385 0.002079002079002079
0 0.9023076923076923 0.6247401247401247 0.0015384615384615385 0.002079002079002079
0 0.26461538461538464 0.6174636174636174 0.027692307692307693 0.008316008316008316
0 0.6276923076923077 0.6101871101871101 0.003076923076923077 0.006237006237006237
0 0.5915384615384616 0.6112266112266113 0.007692307692307693 0.008316008316008316
0 0.73 0.6070686070686071 0.016923076923076923 0.008316008316008316
0 0.9376923076923077 0.6081081081081081 0.004615384615384616 0.014553014553014554
0 0.7669230769230769 0.604989604989605 0.007692307692307693 0.008316008316008316
0 0.8284615384615385 0.6018711018711018 0.010769230769230769 0.006237006237006237
0 0.8630769230769231 0.6018711018711018 0.021538461538461538 0.010395010395010396
0 0.5753846153846154 0.5935550935550935 0.003076923076923077 0.006237006237006237
0 0.10615384615384615 0.6008316008316008 0.06461538461538462 0.033264033264033266
0 0.5646153846153846 0.5904365904365905 0.018461538461538463 0.016632016632016633
0 0.3546153846153846 0.5821205821205822 0.004615384615384616 0.004158004158004158
0 0.06076923076923077 0.5893970893970893 0.05076923076923077 0.02702702702702703
0 0.6007692307692307 0.5862785862785863 0.026153846153846153 0.029106029106029108
0 0.5392307692307692 0.5841995841995842 0.023076923076923078 0.02494802494802495
0 0.5207692307692308 0.5758835758835759 0.004615384615384616 0.008316008316008316
0 0.7938461538461539 0.5717255717255717 0.006153846153846154 0.004158004158004158
0 0.7653846153846153 0.577962577962578 0.04461538461538461 0.029106029106029108
0 0.14076923076923076 0.5706860706860707 0.038461538461538464 0.02286902286902287
0 0.5269230769230769 0.5582120582120582 0.016923076923076923 0.010395010395010396
0 0.3384615384615385 0.5550935550935551 0.003076923076923077 0.004158004158004158
0 0.5446153846153846 0.5550935550935551 0.015384615384615385 0.016632016632016633
0 0.8146153846153846 0.5665280665280665 0.023076923076923078 0.04365904365904366
0 0.6261538461538462 0.5706860706860707 0.012307692307692308 0.056133056133056136
0 0.8538461538461538 0.5446985446985447 0.018461538461538463 0.02079002079002079
0 0.8084615384615385 0.5395010395010394 0.02 0.010395010395010396
0 0.6746153846153846 0.5550935550935551 0.038461538461538464 0.04158004158004158
0 0.6776923076923077 0.527027027027027 0.004615384615384616 0.006237006237006237
0 0.2423076923076923 0.5727650727650727 0.15538461538461537 0.09771309771309772
0 0.9346153846153846 0.5561330561330561 0.13076923076923078 0.09771309771309772
0 0.26076923076923075 0.5176715176715176 0.016923076923076923 0.029106029106029108
0 0.11461538461538462 0.4781704781704782 0.10307692307692308 0.04158004158004158
0 0.031538461538461536 0.5301455301455301 0.02923076923076923 0.1496881496881497
0 0.7938461538461539 0.45426195426195426 0.003076923076923077 0.002079002079002079
0 0.7369230769230769 0.4407484407484408 0.006153846153846154 0.012474012474012475
0 0.5915384615384616 0.45114345114345117 0.026153846153846153 0.033264033264033266
0 0.8115384615384615 0.4386694386694387 0.004615384615384616 0.012474012474012475
0 0.7038461538461539 0.43243243243243246 0.004615384615384616 0.004158004158004158
0 0.21153846153846154 0.42723492723492723 0.0015384615384615385 0.002079002079002079
0 0.7738461538461539 0.43347193347193347 0.04 0.04365904365904366
0 0.8015384615384615 0.4106029106029106 0.003076923076923077 0.006237006237006237
0 0.8176923076923077 0.4126819126819127 0.010769230769230769 0.014553014553014554
0 0.6284615384615385 0.4282744282744283 0.03538461538461538 0.05405405405405406
0 0.4146153846153846 0.3981288981288981 0.004615384615384616 0.002079002079002079
0 0.5776923076923077 0.4501039501039501 0.7861538461538462 0.12681912681912683
0 0.23153846153846153 0.3908523908523909 0.007692307692307693 0.008316008316008316
0 0.1646153846153846 0.38461538461538464 0.006153846153846154 0.008316008316008316
0 0.43923076923076926 0.38565488565488565 0.004615384615384616 0.014553014553014554
0 0.6584615384615384 0.3783783783783784 0.009230769230769232 0.004158004158004158
0 0.9146153846153846 0.37422037422037424 0.0015384615384615385 0.004158004158004158
0 0.8361538461538461 0.39397089397089397 0.03230769230769231 0.04781704781704782
0 0.024615384615384615 0.39501039501039503 0.015384615384615385 0.07068607068607069
0 0.8630769230769231 0.3586278586278586 0.003076923076923077 0.002079002079002079
0 0.5184615384615384 0.3575883575883576 0.003076923076923077 0.004158004158004158
0 0.47846153846153844 0.3627858627858628 0.024615384615384615 0.018711018711018712
0 0.43846153846153846 0.36382536382536385 0.006153846153846154 0.02079002079002079
0 0.2469230769230769 0.3700623700623701 0.02 0.033264033264033266
0 0.6215384615384615 0.3607068607068607 0.006153846153846154 0.02286902286902287
0 0.5953846153846154 0.3627858627858628 0.024615384615384615 0.02702702702702703
0 0.8969230769230769 0.3607068607068607 0.04 0.031185031185031187
0 0.9553846153846154 0.34407484407484407 0.003076923076923077 0.006237006237006237
0 0.4723076923076923 0.3388773388773389 0.006153846153846154 0.004158004158004158
0 0.4776923076923077 0.33575883575883575 0.0015384615384615385 0.002079002079002079
0 0.9784615384615385 0.30457380457380456 0.012307692307692308 0.006237006237006237
0 0.17615384615384616 0.29625779625779625 0.004615384615384616 0.002079002079002079
0 0.20923076923076922 0.29521829521829523 0.009230769230769232 0.004158004158004158
0 0.9815384615384616 0.2910602910602911 0.006153846153846154 0.008316008316008316
0 0.9615384615384616 0.2910602910602911 0.012307692307692308 0.008316008316008316
0 0.6546153846153846 0.28482328482328484 0.013846153846153847 0.004158004158004158
0 0.19615384615384615 0.28378378378378377 0.004615384615384616 0.002079002079002079
0 0.036923076923076927 0.28482328482328484 0.006153846153846154 0.004158004158004158
0 0.25384615384615383 0.2817047817047817 0.003076923076923077 0.002079002079002079
0 0.21153846153846154 0.28274428274428276 0.004615384615384616 0.004158004158004158
0 0.17846153846153845 0.28378378378378377 0.015384615384615385 0.006237006237006237
0 0.9407692307692308 0.2796257796257796 0.0015384615384615385 0.002079002079002079
0 0.9538461538461539 0.2796257796257796 0.003076923076923077 0.006237006237006237
0 0.9769230769230769 0.2785862785862786 0.015384615384615385 0.008316008316008316
0 0.03923076923076923 0.27442827442827444 0.010769230769230769 0.004158004158004158
0 0.07230769230769231 0.2733887733887734 0.012307692307692308 0.006237006237006237
0 0.2630769230769231 0.2713097713097713 0.021538461538461538 0.006237006237006237
0 0.9815384615384616 0.26715176715176714 0.003076923076923077 0.006237006237006237
0 0.8807692307692307 0.2692307692307692 0.02923076923076923 0.010395010395010396
0 0.8461538461538461 0.2681912681912682 0.033846153846153845 0.008316008316008316
0 0.07692307692307693 0.2609147609147609 0.012307692307692308 0.006237006237006237
0 0.9976923076923077 0.25467775467775466 0.004615384615384616 0.002079002079002079
0 0.3523076923076923 0.25675675675675674 0.046153846153846156 0.006237006237006237
0 0.2915384615384615 0.25675675675675674 0.004615384615384616 0.006237006237006237
0 0.24846153846153846 0.2577962577962578 0.016923076923076923 0.008316008316008316
0 0.07615384615384616 0.2494802494802495 0.010769230769230769 0.008316008316008316
0 0.25384615384615383 0.2442827442827443 0.003076923076923077 0.002079002079002079
0 0.2169230769230769 0.25363825363825365 0.04 0.02079002079002079
0 0.42153846153846153 0.24116424116424118 0.009230769230769232 0.004158004158004158
0 0.30923076923076925 0.24324324324324326 0.03076923076923077 0.008316008316008316
0 0.5192307692307693 0.23492723492723494 0.004615384615384616 0.004158004158004158
0 0.12230769230769231 0.23492723492723494 0.004615384615384616 0.004158004158004158
0 0.07538461538461538 0.23596673596673598 0.015384615384615385 0.006237006237006237
0 0.5076923076923077 0.13513513513513514 0.9846153846153847 0.2494802494802495
