0 0.5390946502057613 0.9965397923875432 0.012345679012345678 0.006920415224913495
0 0.35185185185185186 0.9965397923875432 0.01646090534979424 0.006920415224913495
0 0.6121399176954733 0.9844290657439446 0.03909465020576132 0.031141868512110725
0 0.40329218106995884 0.9740484429065744 0.20987654320987653 0.05190311418685121
0 0.5 0.5034602076124568 1.0 0.8685121107266436
0 0.5493827160493827 0.05536332179930796 0.02880658436213992 0.02768166089965398
0 0.573045267489712 0.0328719723183391 0.018518518518518517 0.02422145328719723
0 0.5390946502057613 0.031141868512110725 0.00823045267489712 0.02768166089965398
0 0.4547325102880658 0.025951557093425604 0.0205761316872428 0.05190311418685121
0 0.41460905349794236 0.02768166089965398 0.03909465020576132 0.05536332179930796
0 0.37037037037037035 0.025951557093425604 0.02880658436213992 0.05190311418685121
0 0.35802469135802467 0.0034602076124567475 0.00411522633744856 0.006920415224913495
