0 0.45506692160611856 0.9919354838709677 0.011472275334608031 0.016129032258064516
0 0.4789674952198853 0.9725806451612903 0.028680688336520075 0.054838709677419356
0 0.35946462715105165 0.9725806451612903 0.022944550669216062 0.054838709677419356
0 0.32122370936902483 0.9709677419354839 0.04206500956022945 0.05806451612903226
0 0.27533460803059273 0.9709677419354839 0.022944550669216062 0.05806451612903226
0 0.4722753346080306 0.9403225806451613 0.0038240917782026767 0.0032258064516129032
0 0.45124282982791586 0.967741935483871 0.03441682600382409 0.06451612903225806
0 0.0124282982791587 0.8048387096774193 0.0019120458891013384 0.0032258064516129032
0 0.0076481835564053535 0.785483870967742 0.0038240917782026767 0.0032258064516129032
0 0.9024856596558317 0.0532258064516129 0.0076481835564053535 0.00967741935483871
0 0.5 0.4645161290322581 1.0 0.8580645161290322
0 0.48279158699808794 0.017741935483870968 0.021032504780114723 0.035483870967741936
0 0.4483747609942639 0.017741935483870968 0.036328871892925434 0.035483870967741936
0 0.35372848948374763 0.00967741935483871 0.011472275334608031 0.01935483870967742
0 0.32217973231357555 0.00967741935483871 0.01338432122370937 0.01935483870967742
0 0.2858508604206501 0.00967741935483871 0.01338432122370937 0.01935483870967742
