0 0.4211382113821138 0.9957337883959044 0.00975609756097561 0.008532423208191127
0 0.1983739837398374 0.7337883959044369 0.016260162601626018 0.006825938566552901
0 0.1991869918699187 0.7226962457337884 0.011382113821138212 0.005119453924914676
0 0.1991869918699187 0.71160409556314 0.014634146341463415 0.006825938566552901
0 0.2138211382113821 0.7005119453924915 0.0016260162601626016 0.0017064846416382253
0 0.9504065040650407 0.8071672354948806 0.0991869918699187 0.21843003412969283
0 0.1991869918699187 0.7013651877133106 0.011382113821138212 0.006825938566552901
0 0.21544715447154472 0.6885665529010239 0.004878048780487805 0.005119453924914676
0 0.1991869918699187 0.6851535836177475 0.014634146341463415 0.01877133105802048
0 0.4504065040650406 0.8003412969283277 0.9008130081300812 0.3174061433447099
0 0.9699186991869919 0.6680887372013652 0.056910569105691054 0.05631399317406143
0 0.012195121951219513 0.29180887372013653 0.024390243902439025 0.010238907849829351
0 0.011382113821138212 0.20563139931740615 0.022764227642276424 0.03583617747440273
0 0.9886178861788618 0.17150170648464164 0.022764227642276424 0.16552901023890784
0 0.5 0.33361774744027306 1.0 0.6672354948805461
