0 0.6293333333333333 0.994140625 0.010666666666666666 0.01171875
0 0.45866666666666667 0.990234375 0.021333333333333333 0.01953125
0 0.4266666666666667 0.990234375 0.010666666666666666 0.01953125
0 0.38666666666666666 0.990234375 0.010666666666666666 0.01953125
0 0.344 0.990234375 0.037333333333333336 0.01953125
0 0.6373333333333333 0.9765625 0.005333333333333333 0.0078125
0 0.6013333333333334 0.974609375 0.0026666666666666666 0.00390625
0 0.5706666666666667 0.986328125 0.010666666666666666 0.02734375
0 0.6213333333333333 0.96875 0.005333333333333333 0.0078125
0 0.5 0.4921875 1.0 0.8046875
0 0.6306666666666667 0.056640625 0.024 0.01171875
0 0.6 0.05078125 0.021333333333333333 0.0234375
0 0.6213333333333333 0.01953125 0.010666666666666666 0.015625
0 0.5746666666666667 0.029296875 0.024 0.05859375
0 0.4533333333333333 0.0234375 0.010666666666666666 0.046875
0 0.408 0.025390625 0.016 0.05078125
0 0.3506666666666667 0.025390625 0.056 0.05078125
