0 0.9375 0.9955197132616488 0.010869565217391304 0.008960573476702509
0 0.8668478260869565 0.9937275985663082 0.02717391304347826 0.012544802867383513
0 0.9646739130434783 0.9910394265232975 0.03260869565217391 0.017921146953405017
0 0.9510869565217391 0.9793906810035843 0.005434782608695652 0.0017921146953405018
0 0.12364130434782608 0.9372759856630825 0.24728260869565216 0.017921146953405017
0 0.6698369565217391 0.9148745519713262 0.008152173913043478 0.012544802867383513
0 0.5285326086956522 0.921146953405018 0.49184782608695654 0.07526881720430108
0 0.7527173913043478 0.8530465949820788 0.043478260869565216 0.04659498207885305
0 0.7608695652173914 0.7724014336917563 0.021739130434782608 0.043010752688172046
0 0.7676630434782609 0.7302867383512545 0.019021739130434784 0.012544802867383513
0 0.7690217391304348 0.7060931899641577 0.021739130434782608 0.007168458781362007
0 0.005434782608695652 0.5949820788530465 0.010869565217391304 0.043010752688172046
0 0.7894021739130435 0.5439068100358423 0.07336956521739131 0.15232974910394265
0 0.7989130434782609 0.4336917562724014 0.059782608695652176 0.035842293906810034
0 0.8043478260869565 0.4050179211469534 0.05434782608695652 0.014336917562724014
0 0.8084239130434783 0.38799283154121866 0.051630434782608696 0.008960573476702509
0 0.8084239130434783 0.36379928315412186 0.051630434782608696 0.017921146953405017
0 0.8192934782608695 0.26523297491039427 0.029891304347826088 0.007168458781362007
0 0.8152173913043478 0.2553763440860215 0.005434782608695652 0.0017921146953405018
0 0.8288043478260869 0.22311827956989247 0.005434782608695652 0.0017921146953405018
0 0.8220108695652174 0.23655913978494625 0.029891304347826088 0.03225806451612903
0 0.8247282608695652 0.2078853046594982 0.029891304347826088 0.017921146953405017
0 0.8274456521739131 0.18727598566308243 0.024456521739130436 0.012544802867383513
0 0.6875 0.023297491039426525 0.021739130434782608 0.017921146953405017
0 0.6521739130434783 0.02060931899641577 0.06521739130434782 0.023297491039426525
0 0.626358695652174 0.010752688172043012 0.019021739130434784 0.010752688172043012
0 0.5108695652173914 0.011648745519713262 0.010869565217391304 0.023297491039426525
0 0.46059782608695654 0.011648745519713262 0.051630434782608696 0.023297491039426525
0 0.39945652173913043 0.011648745519713262 0.043478260869565216 0.023297491039426525
0 0.5 0.4390681003584229 1.0 0.8781362007168458
