0 0.3357664233576642 0.994661921708185 0.014598540145985401 0.010676156583629894
0 0.43552311435523117 0.9839857651245552 0.029197080291970802 0.03202846975088968
0 0.6021897810218978 0.9519572953736655 0.0072992700729927005 0.010676156583629894
0 0.35523114355231145 0.9715302491103203 0.043795620437956206 0.05693950177935943
0 0.4720194647201946 0.9697508896797153 0.0340632603406326 0.060498220640569395
0 0.41605839416058393 0.9679715302491103 0.06326034063260341 0.06405693950177936
0 0.648418491484185 0.9412811387900356 0.0267639902676399 0.03202846975088968
0 0.6143552311435523 0.9323843416370107 0.012165450121654502 0.014234875444839857
0 0.6180048661800487 0.9626334519572953 0.08759124087591241 0.07473309608540925
0 0.5048661800486618 0.9412811387900356 0.46472019464720193 0.11743772241992882
0 0.8272506082725061 0.798932384341637 0.08759124087591241 0.05338078291814947
0 0.7773722627737226 0.7758007117437722 0.012165450121654502 0.021352313167259787
0 0.7530413625304136 0.7740213523131673 0.0170316301703163 0.03202846975088968
0 0.7311435523114356 0.7597864768683275 0.0267639902676399 0.03202846975088968
0 0.6399026763990268 0.7348754448398577 0.145985401459854 0.07473309608540925
0 0.7798053527980535 0.7099644128113879 0.046228710462287104 0.03914590747330961
0 0.7469586374695864 0.6921708185053381 0.009732360097323601 0.010676156583629894
0 0.5462287104622872 0.699288256227758 0.012165450121654502 0.02491103202846975
0 0.7287104622871047 0.6921708185053381 0.046228710462287104 0.03914590747330961
0 0.24330900243309003 0.6619217081850534 0.014598540145985401 0.014234875444839857
0 0.2384428223844282 0.6494661921708185 0.004866180048661801 0.0035587188612099642
0 0.4075425790754258 0.5960854092526691 0.031630170316301706 0.017793594306049824
0 0.3381995133819951 0.5729537366548043 0.014598540145985401 0.0071174377224199285
0 0.5 0.4697508896797153 1.0 0.8327402135231317
0 0.6472019464720195 0.0035587188612099642 0.009732360097323601 0.0071174377224199285
0 0.6253041362530414 0.0017793594306049821 0.009732360097323601 0.0035587188612099642
0 0.5912408759124088 0.0035587188612099642 0.043795620437956206 0.0071174377224199285
