0 0.5402597402597402 0.9961977186311787 0.005194805194805195 0.0076045627376425855
0 0.34675324675324676 0.9828897338403042 0.2727272727272727 0.034220532319391636
0 0.6142857142857143 0.9619771863117871 0.0025974025974025974 0.0076045627376425855
0 0.6493506493506493 0.9771863117870723 0.015584415584415584 0.045627376425855515
0 0.5077922077922078 0.8250950570342205 0.023376623376623377 0.0076045627376425855
0 0.577922077922078 0.7623574144486692 0.007792207792207792 0.011406844106463879
0 0.09090909090909091 0.7642585551330798 0.015584415584415584 0.030418250950570342
0 0.5727272727272728 0.7414448669201521 0.01818181818181818 0.015209125475285171
0 0.09090909090909091 0.7300380228136882 0.02077922077922078 0.015209125475285171
0 0.5701298701298702 0.7186311787072244 0.01818181818181818 0.015209125475285171
0 0.5714285714285714 0.6825095057034221 0.01038961038961039 0.011406844106463879
0 0.08961038961038961 0.6768060836501901 0.023376623376623377 0.03802281368821293
0 0.12857142857142856 0.7300380228136882 0.09610389610389611 0.19771863117870722
0 0.2766233766233766 0.6102661596958175 0.007792207792207792 0.011406844106463879
0 0.5714285714285714 0.5988593155893536 0.01038961038961039 0.011406844106463879
0 0.45064935064935063 0.688212927756654 0.1012987012987013 0.20532319391634982
0 0.5701298701298702 0.5779467680608364 0.007792207792207792 0.0076045627376425855
0 0.274025974025974 0.5760456273764258 0.023376623376623377 0.04182509505703422
0 0.7012987012987013 0.15019011406844107 0.02077922077922078 0.034220532319391636
0 0.5 0.49809885931558934 1.0 0.8821292775665399
0 0.5844155844155844 0.058935361216730035 0.005194805194805195 0.0038022813688212928
0 0.6142857142857143 0.055133079847908745 0.012987012987012988 0.011406844106463879
0 0.5883116883116883 0.005703422053231939 0.007792207792207792 0.011406844106463879
0 0.551948051948052 0.015209125475285171 0.012987012987012988 0.030418250950570342
0 0.43636363636363634 0.026615969581749048 0.015584415584415584 0.053231939163498096
0 0.37792207792207794 0.030418250950570342 0.033766233766233764 0.060836501901140684
0 0.32597402597402597 0.03231939163498099 0.03896103896103896 0.06463878326996197
0 0.3064935064935065 0.0038022813688212928 0.005194805194805195 0.0076045627376425855
0 0.38961038961038963 0.053231939163498096 0.2753246753246753 0.10646387832699619
