0 0.6141509433962264 0.9968253968253968 0.005660377358490566 0.006349206349206349
0 0.5622641509433962 0.9968253968253968 0.0037735849056603774 0.006349206349206349
0 0.5830188679245283 0.9936507936507937 0.01509433962264151 0.012698412698412698
0 0.5 0.5206349206349207 1.0 0.8761904761904762
0 0.5575471698113208 0.05873015873015873 0.005660377358490566 0.0031746031746031746
0 0.5915094339622642 0.04285714285714286 0.005660377358490566 0.009523809523809525
0 0.5773584905660377 0.014285714285714285 0.018867924528301886 0.02857142857142857
0 0.5405660377358491 0.03015873015873016 0.016981132075471698 0.06031746031746032
0 0.4537735849056604 0.025396825396825397 0.020754716981132074 0.050793650793650794
0 0.4207547169811321 0.026984126984126985 0.011320754716981131 0.05396825396825397
0 0.37924528301886795 0.02857142857142857 0.04150943396226415 0.05714285714285714
0 0.3632075471698113 0.006349206349206349 0.009433962264150943 0.012698412698412698
