0 0.48128342245989303 0.9921875 0.0213903743315508 0.015625
0 0.4117647058823529 0.9921875 0.026737967914438502 0.015625
0 0.3649732620320856 0.9921875 0.034759358288770054 0.015625
0 0.5935828877005348 0.990234375 0.0106951871657754 0.01953125
0 0.6978609625668449 0.986328125 0.0053475935828877 0.02734375
0 0.7032085561497327 0.951171875 0.0106951871657754 0.01953125
0 0.42914438502673796 0.970703125 0.27540106951871657 0.05859375
0 0.732620320855615 0.96875 0.026737967914438502 0.0625
0 0.16443850267379678 0.6640625 0.00267379679144385 0.0078125
0 0.196524064171123 0.619140625 0.008021390374331552 0.01171875
0 0.26871657754010697 0.603515625 0.013368983957219251 0.01953125
0 0.26871657754010697 0.580078125 0.01871657754010695 0.01953125
0 0.2767379679144385 0.490234375 0.00267379679144385 0.01171875
0 0.2232620320855615 0.47265625 0.02406417112299465 0.015625
0 0.15240641711229946 0.470703125 0.0213903743315508 0.01171875
0 0.2820855614973262 0.4296875 0.013368983957219251 0.0078125
0 0.0374331550802139 0.42578125 0.0053475935828877 0.0078125
0 0.08422459893048129 0.42578125 0.02406417112299465 0.0234375
0 0.18983957219251338 0.42578125 0.12299465240641712 0.03125
0 0.0855614973262032 0.384765625 0.016042780748663103 0.01171875
0 0.004010695187165776 0.388671875 0.008021390374331552 0.01953125
0 0.004010695187165776 0.349609375 0.008021390374331552 0.02734375
0 0.09224598930481283 0.3046875 0.01871657754010695 0.03125
0 0.09358288770053476 0.267578125 0.0053475935828877 0.00390625
0 0.09491978609625669 0.244140625 0.008021390374331552 0.00390625
0 0.0962566844919786 0.216796875 0.0053475935828877 0.00390625
0 0.7098930481283422 0.080078125 0.013368983957219251 0.01953125
0 0.5 0.4921875 1.0 0.859375
0 0.6524064171122995 0.044921875 0.058823529411764705 0.05859375
0 0.31684491978609625 0.015625 0.008021390374331552 0.0078125
0 0.6002673796791443 0.037109375 0.013368983957219251 0.05859375
0 0.7433155080213903 0.04296875 0.0213903743315508 0.0859375
0 0.43983957219251335 0.044921875 0.27540106951871657 0.08984375
0 0.48663101604278075 0.029296875 0.03208556149732621 0.05859375
0 0.4264705882352941 0.029296875 0.034759358288770054 0.05859375
0 0.3729946524064171 0.03125 0.045454545454545456 0.0625
