0 0.5538243626062322 0.9837164750957854 0.0113314447592068 0.009578544061302681
0 0.5779036827195467 0.9655172413793104 0.0028328611898017 0.0038314176245210726
0 0.41359773371104813 0.9770114942528736 0.014164305949008499 0.04597701149425287
0 0.5502832861189801 0.9549808429118773 0.00424929178470255 0.005747126436781609
0 0.48371104815864024 0.9760536398467433 0.015580736543909348 0.04789272030651341
0 0.4490084985835694 0.9760536398467433 0.025495750708215296 0.04789272030651341
0 0.5651558073654391 0.9473180076628352 0.0084985835694051 0.005747126436781609
0 0.41076487252124644 0.9319923371647509 0.0028328611898017 0.0019157088122605363
0 0.6359773371104815 0.9645593869731801 0.0056657223796034 0.07088122605363985
0 0.43201133144475923 0.9319923371647509 0.0339943342776204 0.005747126436781609
0 0.3888101983002833 0.9588122605363985 0.024079320113314446 0.05938697318007663
0 0.6154390934844193 0.9300766283524904 0.00424929178470255 0.005747126436781609
0 0.4943342776203966 0.9636015325670498 0.08498583569405099 0.07279693486590039
0 0.9709631728045326 0.7825670498084292 0.021246458923512748 0.005747126436781609
0 0.9688385269121813 0.7701149425287356 0.0339943342776204 0.007662835249042145
0 0.9688385269121813 0.7567049808429118 0.031161473087818695 0.0038314176245210726
0 0.9695467422096318 0.7432950191570882 0.032577903682719546 0.0038314176245210726
0 0.9383852691218131 0.7432950191570882 0.009915014164305949 0.0038314176245210726
0 0.9695467422096318 0.7308429118773946 0.03541076487252125 0.005747126436781609
0 0.9695467422096318 0.7174329501915708 0.03541076487252125 0.005747126436781609
0 0.9695467422096318 0.7040229885057471 0.029745042492917848 0.005747126436781609
0 0.9964589235127479 0.6906130268199234 0.00424929178470255 0.0019157088122605363
0 0.9355524079320113 0.6666666666666666 0.018413597733711047 0.007662835249042145
0 0.9405099150141643 0.6542145593869731 0.0084985835694051 0.005747126436781609
0 0.9398016997167139 0.6417624521072797 0.009915014164305949 0.007662835249042145
0 0.9695467422096318 0.6599616858237548 0.04107648725212465 0.07088122605363985
0 0.9419263456090652 0.6264367816091954 0.0084985835694051 0.0038314176245210726
0 0.96671388101983 0.3017241379310345 0.00141643059490085 0.0019157088122605363
0 0.05594900849858357 0.022988505747126436 0.007082152974504249 0.007662835249042145
0 0.5 0.4616858237547893 1.0 0.9118773946360154
