0 0.4729020979020979 0.9941002949852508 0.015734265734265736 0.011799410029498525
0 0.49038461538461536 0.9778761061946902 0.015734265734265736 0.014749262536873156
0 0.5026223776223776 0.9528023598820059 0.005244755244755245 0.0058997050147492625
0 0.5174825174825175 0.9218289085545722 0.006993006993006993 0.014749262536873156
0 0.666083916083916 0.9513274336283186 0.32867132867132864 0.09734513274336283
0 0.8173076923076923 0.9026548672566371 0.019230769230769232 0.017699115044247787
0 0.30856643356643354 0.943952802359882 0.2534965034965035 0.11209439528023599
0 0.3068181818181818 0.9174041297935103 0.02972027972027972 0.06489675516224189
0 0.8496503496503497 0.9188790560471977 0.02097902097902098 0.07374631268436578
0 0.5393356643356644 0.9026548672566371 0.012237762237762238 0.04129793510324484
0 0.34527972027972026 0.911504424778761 0.03671328671328671 0.06489675516224189
0 0.3793706293706294 0.9056047197640118 0.02097902097902098 0.058997050147492625
0 0.4798951048951049 0.8952802359882006 0.043706293706293704 0.06784660766961652
0 0.5402097902097902 0.8584070796460177 0.0034965034965034965 0.02359882005899705
0 0.46503496503496505 0.887905604719764 0.04195804195804196 0.08849557522123894
0 0.8540209790209791 0.6917404129793511 0.008741258741258742 0.014749262536873156
0 0.8146853146853147 0.6858407079646017 0.0034965034965034965 0.0029498525073746312
0 0.7027972027972028 0.6740412979351033 0.0034965034965034965 0.008849557522123894
0 0.8321678321678322 0.644542772861357 0.013986013986013986 0.008849557522123894
0 0.7526223776223776 0.644542772861357 0.005244755244755245 0.008849557522123894
0 0.8522727272727273 0.6371681415929203 0.005244755244755245 0.0058997050147492625
0 0.8522727272727273 0.6032448377581121 0.005244755244755245 0.008849557522123894
0 0.8522727272727273 0.5707964601769911 0.005244755244755245 0.008849557522123894
0 0.6398601398601399 0.5368731563421829 0.0034965034965034965 0.0058997050147492625
0 0.8164335664335665 0.6002949852507374 0.07342657342657342 0.1504424778761062
0 0.8304195804195804 0.523598820058997 0.013986013986013986 0.008849557522123894
0 0.8479020979020979 0.5162241887905604 0.01048951048951049 0.0058997050147492625
0 0.7631118881118881 0.44837758112094395 0.012237762237762238 0.0058997050147492625
0 0.7517482517482518 0.44837758112094395 0.0034965034965034965 0.0058997050147492625
0 0.6346153846153846 0.4365781710914454 0.006993006993006993 0.02359882005899705
0 0.7884615384615384 0.4277286135693215 0.02097902097902098 0.011799410029498525
0 0.6337412587412588 0.387905604719764 0.005244755244755245 0.04424778761061947
0 0.6905594405594405 0.38495575221238937 0.01048951048951049 0.12684365781710916
0 0.7403846153846154 0.29646017699115046 0.0017482517482517483 0.0029498525073746312
0 0.7552447552447552 0.35693215339233036 0.013986013986013986 0.16519174041297935
0 0.8041958041958042 0.3112094395280236 0.07342657342657342 0.12094395280235988
0 0.6844405594405595 0.26991150442477874 0.005244755244755245 0.038348082595870206
0 0.7534965034965035 0.25663716814159293 0.01048951048951049 0.02359882005899705
0 0.6835664335664335 0.2359882005899705 0.006993006993006993 0.017699115044247787
0 0.38286713286713286 0.5221238938053098 0.7657342657342657 0.6430678466076696
0 0.7753496503496503 0.06342182890855458 0.0017482517482517483 0.0029498525073746312
0 0.9213286713286714 0.5 0.15734265734265734 1.0
0 0.8103146853146853 0.0471976401179941 0.05419580419580419 0.0943952802359882
0 0.381993006993007 0.11946902654867257 0.763986013986014 0.23893805309734514
