0 0.7516930022573364 0.9982363315696648 0.004514672686230248 0.003527336860670194
0 0.5846501128668171 0.9973544973544973 0.009029345372460496 0.005291005291005291
0 0.5372460496613995 0.9973544973544973 0.009029345372460496 0.005291005291005291
0 0.6896162528216704 0.9964726631393298 0.011286681715575621 0.007054673721340388
0 0.4853273137697517 0.9964726631393298 0.013544018058690745 0.007054673721340388
0 0.8182844243792325 0.9885361552028219 0.011286681715575621 0.02292768959435626
0 0.7866817155756207 0.9779541446208113 0.002257336343115124 0.001763668430335097
0 0.6399548532731377 0.9885361552028219 0.04288939051918736 0.02292768959435626
0 0.9514672686230248 0.9488536155202821 0.029345372460496615 0.003527336860670194
0 0.4887133182844244 0.9426807760141094 0.006772009029345372 0.001763668430335097
0 0.23363431151241534 0.9329805996472663 0.006772009029345372 0.003527336860670194
0 0.029345372460496615 0.9232804232804233 0.05869074492099323 0.005291005291005291
0 0.1580135440180587 0.9223985890652557 0.08577878103837472 0.007054673721340388
0 0.029345372460496615 0.9109347442680776 0.05869074492099323 0.005291005291005291
0 0.31715575620767494 0.900352733686067 0.002257336343115124 0.001763668430335097
0 0.045146726862302484 0.900352733686067 0.009029345372460496 0.001763668430335097
0 0.6444695259593679 0.8985890652557319 0.01580135440180587 0.005291005291005291
0 0.14221218961625282 0.900352733686067 0.05869074492099323 0.008818342151675485
0 0.02708803611738149 0.8897707231040565 0.05417607223476298 0.005291005291005291
0 0.6512415349887133 0.8880070546737213 0.029345372460496615 0.005291005291005291
0 0.863431151241535 0.8862433862433863 0.2054176072234763 0.008818342151675485
0 0.6670428893905191 0.8756613756613757 0.002257336343115124 0.001763668430335097
0 0.6478555304740407 0.8756613756613757 0.004514672686230248 0.001763668430335097
0 0.1433408577878104 0.8783068783068783 0.05191873589164785 0.007054673721340388
0 0.8623024830699775 0.8756613756613757 0.19413092550790068 0.008818342151675485
0 0.2505643340857788 0.8668430335097002 0.004514672686230248 0.001763668430335097
0 0.20090293453724606 0.8668430335097002 0.004514672686230248 0.001763668430335097
0 0.006772009029345372 0.8668430335097002 0.013544018058690745 0.001763668430335097
0 0.7234762979683973 0.8650793650793651 0.006772009029345372 0.001763668430335097
0 0.03160270880361174 0.8668430335097002 0.03160270880361174 0.005291005291005291
0 0.662528216704289 0.8650793650793651 0.033860045146726865 0.005291005291005291
0 0.8645598194130926 0.8650793650793651 0.1986455981941309 0.008818342151675485
0 0.14446952595936793 0.8668430335097002 0.06772009029345373 0.012345679012345678
0 0.7392776523702032 0.8430335097001763 0.011286681715575621 0.003527336860670194
0 0.7054176072234764 0.8430335097001763 0.011286681715575621 0.003527336860670194
0 0.6693002257336343 0.843915343915344 0.033860045146726865 0.005291005291005291
0 0.1433408577878104 0.8492063492063492 0.0654627539503386 0.019400352733686066
0 0.8668171557562077 0.8483245149911817 0.19413092550790068 0.021164021164021163
0 0.6715575620767494 0.8218694885361552 0.033860045146726865 0.007054673721340388
0 0.6862302483069977 0.8121693121693122 0.004514672686230248 0.001763668430335097
0 0.6704288939051919 0.8130511463844797 0.01805869074492099 0.003527336860670194
0 0.03837471783295711 0.8130511463844797 0.009029345372460496 0.003527336860670194
0 0.8702031602708804 0.8227513227513228 0.18284424379232506 0.026455026455026454
0 0.1455981941309255 0.8236331569664903 0.06997742663656885 0.02821869488536155
0 0.5395033860045146 0.8765432098765432 0.8577878103837472 0.13756613756613756
0 0.034988713318284424 0.7980599647266314 0.006772009029345372 0.001763668430335097
0 0.0327313769751693 0.7874779541446209 0.011286681715575621 0.001763668430335097
0 0.7200902934537246 0.7874779541446209 0.10835214446952596 0.005291005291005291
0 0.7437923250564334 0.7768959435626103 0.01580135440180587 0.005291005291005291
0 0.6941309255079007 0.7760141093474426 0.056433408577878104 0.007054673721340388
0 0.7483069977426636 0.7663139329805997 0.01580135440180587 0.005291005291005291
0 0.0327313769751693 0.7654320987654321 0.011286681715575621 0.003527336860670194
0 0.698645598194131 0.7663139329805997 0.056433408577878104 0.008818342151675485
0 0.781038374717833 0.7557319223985891 0.009029345372460496 0.001763668430335097
0 0.6805869074492099 0.7548500881834215 0.006772009029345372 0.003527336860670194
0 0.030474040632054177 0.7548500881834215 0.006772009029345372 0.003527336860670194
0 0.7336343115124153 0.7548500881834215 0.045146726862302484 0.007054673721340388
0 0.7844243792325056 0.746031746031746 0.006772009029345372 0.003527336860670194
0 0.7234762979683973 0.7451499118165785 0.01580135440180587 0.005291005291005291
0 0.7539503386004515 0.7442680776014109 0.01805869074492099 0.007054673721340388
0 0.755079006772009 0.7345679012345679 0.011286681715575621 0.005291005291005291
0 0.7291196388261851 0.7345679012345679 0.01805869074492099 0.005291005291005291
0 0.7584650112866818 0.7239858906525574 0.013544018058690745 0.005291005291005291
0 0.7279909706546276 0.7231040564373897 0.006772009029345372 0.003527336860670194
0 0.028216704288939052 0.7231040564373897 0.006772009029345372 0.003527336860670194
0 0.7629796839729119 0.7125220458553791 0.013544018058690745 0.003527336860670194
0 0.7054176072234764 0.6922398589065256 0.002257336343115124 0.001763668430335097
0 0.3363431151241535 0.6587301587301587 0.004514672686230248 0.005291005291005291
0 0.3623024830699774 0.6596119929453262 0.020316027088036117 0.010582010582010581
0 0.1873589164785553 0.6587301587301587 0.009029345372460496 0.008818342151675485
0 0.38826185101580135 0.6472663139329806 0.009029345372460496 0.007054673721340388
0 0.3611738148984199 0.6481481481481481 0.022573363431151242 0.008818342151675485
0 0.3623024830699774 0.6375661375661376 0.011286681715575621 0.005291005291005291
0 0.7889390519187359 0.599647266313933 0.04288939051918736 0.014109347442680775
0 0.8171557562076749 0.6860670194003528 0.3160270880361174 0.2328042328042328
0 0.9954853273137697 0.5634920634920635 0.009029345372460496 0.008818342151675485
0 0.9966139954853274 0.3306878306878307 0.006772009029345372 0.001763668430335097
0 0.9864559819413092 0.25308641975308643 0.02708803611738149 0.015873015873015872
0 0.5 0.4656084656084656 1.0 0.6772486772486772
0 0.024830699774266364 0.25220458553791886 0.04966139954853273 0.25044091710758376
0 0.989841986455982 0.12786596119929453 0.020316027088036117 0.005291005291005291
0 0.8024830699774267 0.07760141093474426 0.060948081264108354 0.021164021164021163
0 0.5948081264108352 0.07671957671957672 0.2054176072234763 0.019400352733686066
0 0.9785553047404063 0.012345679012345678 0.04288939051918736 0.014109347442680775
0 0.23024830699774265 0.025573192239858905 0.07674943566591422 0.05114638447971781
