0 0.46839080459770116 0.9919614147909968 0.017241379310344827 0.01607717041800643
0 0.4425287356321839 0.9919614147909968 0.007662835249042145 0.01607717041800643
0 0.4128352490421456 0.9919614147909968 0.009578544061302681 0.01607717041800643
0 0.3831417624521073 0.9919614147909968 0.03065134099616858 0.01607717041800643
0 0.5967432950191571 0.9903536977491961 0.013409961685823755 0.01929260450160772
0 0.5526819923371648 0.9903536977491961 0.009578544061302681 0.01929260450160772
0 0.5708812260536399 0.9790996784565916 0.011494252873563218 0.00964630225080386
0 0.5 0.5048231511254019 1.0 0.8553054662379421
0 0.5469348659003831 0.05787781350482315 0.005747126436781609 0.006430868167202572
0 0.5804597701149425 0.04340836012861737 0.0038314176245210726 0.00964630225080386
0 0.5651340996168582 0.012861736334405145 0.019157088122605363 0.02572347266881029
0 0.5306513409961686 0.03054662379421222 0.01532567049808429 0.06109324758842444
0 0.4434865900383142 0.024115755627009645 0.0210727969348659 0.04823151125401929
0 0.4099616858237548 0.02572347266881029 0.011494252873563218 0.05144694533762058
0 0.36877394636015326 0.027331189710610933 0.040229885057471264 0.05466237942122187
0 0.35153256704980845 0.00482315112540193 0.009578544061302681 0.00964630225080386
