0 0.7673130193905817 0.9959349593495935 0.0110803324099723 0.008130081300813009
0 0.7022160664819944 0.9959349593495935 0.002770083102493075 0.008130081300813009
0 0.4930747922437673 0.9878048780487805 0.0221606648199446 0.024390243902439025
0 0.5637119113573407 0.983739837398374 0.024930747922437674 0.032520325203252036
0 0.5318559556786704 0.983739837398374 0.01662049861495845 0.032520325203252036
0 0.5983379501385041 0.9796747967479674 0.027700831024930747 0.04065040650406504
0 0.7354570637119113 0.9776422764227642 0.024930747922437674 0.044715447154471545
0 0.6994459833795014 0.9613821138211383 0.008310249307479225 0.028455284552845527
0 0.8351800554016621 0.9491869918699187 0.002770083102493075 0.012195121951219513
0 0.7631578947368421 0.9471544715447154 0.013850415512465374 0.024390243902439025
0 0.7423822714681441 0.054878048780487805 0.0110803324099723 0.012195121951219513
0 0.6980609418282548 0.052845528455284556 0.027700831024930747 0.016260162601626018
0 0.724376731301939 0.018292682926829267 0.013850415512465374 0.012195121951219513
0 0.5789473684210527 0.014227642276422764 0.01662049861495845 0.028455284552845527
0 0.5110803324099723 0.026422764227642278 0.019390581717451522 0.052845528455284556
0 0.4709141274238227 0.022357723577235773 0.0332409972299169 0.044715447154471545
0 0.5 0.4613821138211382 1.0 0.9227642276422764
