0 0.6819196428571429 0.9982578397212544 0.006696428571428571 0.003484320557491289
0 0.5792410714285714 0.9982578397212544 0.006696428571428571 0.003484320557491289
0 0.5323660714285714 0.9982578397212544 0.006696428571428571 0.003484320557491289
0 0.4799107142857143 0.9973867595818815 0.008928571428571428 0.005226480836236934
0 0.35714285714285715 0.936411149825784 0.017857142857142856 0.0017421602787456446
0 0.9386160714285714 0.9346689895470384 0.006696428571428571 0.0017421602787456446
0 0.9229910714285714 0.9346689895470384 0.011160714285714286 0.0017421602787456446
0 0.47879464285714285 0.9355400696864111 0.14955357142857142 0.006968641114982578
0 0.9017857142857143 0.9242160278745645 0.008928571428571428 0.0017421602787456446
0 0.16517857142857142 0.9250871080139372 0.013392857142857142 0.003484320557491289
0 0.14955357142857142 0.9250871080139372 0.008928571428571428 0.003484320557491289
0 0.12611607142857142 0.9250871080139372 0.024553571428571428 0.003484320557491289
0 0.47879464285714285 0.9250871080139372 0.13616071428571427 0.006968641114982578
0 0.9174107142857143 0.9128919860627178 0.017857142857142856 0.003484320557491289
0 0.8895089285714286 0.9128919860627178 0.029017857142857144 0.003484320557491289
0 0.046875 0.9128919860627178 0.008928571428571428 0.003484320557491289
0 0.4799107142857143 0.9137630662020906 0.14732142857142858 0.008710801393728223
0 0.14285714285714285 0.9128919860627178 0.07142857142857142 0.006968641114982578
0 0.16294642857142858 0.9033101045296167 0.004464285714285714 0.0017421602787456446
0 0.48214285714285715 0.9024390243902439 0.12946428571428573 0.003484320557491289
0 0.4140625 0.9015679442508711 0.002232142857142857 0.0017421602787456446
0 0.14732142857142858 0.9024390243902439 0.008928571428571428 0.003484320557491289
0 0.13058035714285715 0.9024390243902439 0.006696428571428571 0.003484320557491289
0 0.9151785714285714 0.8911149825783972 0.017857142857142856 0.0017421602787456446
0 0.8839285714285714 0.8911149825783972 0.026785714285714284 0.0017421602787456446
0 0.8370535714285714 0.8911149825783972 0.008928571428571428 0.0017421602787456446
0 0.5625 0.8911149825783972 0.008928571428571428 0.0017421602787456446
0 0.47879464285714285 0.8911149825783972 0.14508928571428573 0.008710801393728223
0 0.14174107142857142 0.8911149825783972 0.06919642857142858 0.008710801393728223
0 0.47879464285714285 0.8806620209059234 0.13616071428571427 0.005226480836236934
0 0.15959821428571427 0.8797909407665505 0.006696428571428571 0.003484320557491289
0 0.8214285714285714 0.8702090592334495 0.008928571428571428 0.0017421602787456446
0 0.7845982142857143 0.8702090592334495 0.002232142857142857 0.0017421602787456446
0 0.4765625 0.8693379790940766 0.14508928571428573 0.006968641114982578
0 0.14174107142857142 0.8684668989547039 0.06919642857142858 0.008710801393728223
0 0.47433035714285715 0.8597560975609756 0.13169642857142858 0.005226480836236934
0 0.15178571428571427 0.85801393728223 0.008928571428571428 0.0017421602787456446
0 0.8292410714285714 0.8493031358885017 0.006696428571428571 0.0017421602787456446
0 0.8080357142857143 0.8493031358885017 0.008928571428571428 0.0017421602787456446
0 0.7946428571428571 0.8484320557491289 0.008928571428571428 0.003484320557491289
0 0.7633928571428571 0.8484320557491289 0.03125 0.003484320557491289
0 0.7366071428571429 0.8484320557491289 0.013392857142857142 0.003484320557491289
0 0.7209821428571429 0.8484320557491289 0.008928571428571428 0.003484320557491289
0 0.6975446428571429 0.8484320557491289 0.015625 0.003484320557491289
0 0.6651785714285714 0.8475609756097561 0.004464285714285714 0.0017421602787456446
0 0.6439732142857143 0.8484320557491289 0.024553571428571428 0.003484320557491289
0 0.578125 0.8475609756097561 0.004464285714285714 0.0017421602787456446
0 0.47433035714285715 0.8475609756097561 0.14508928571428573 0.008710801393728223
0 0.14285714285714285 0.8466898954703833 0.06696428571428571 0.006968641114982578
0 0.49330357142857145 0.8371080139372822 0.09375 0.005226480836236934
0 0.43638392857142855 0.8362369337979094 0.011160714285714286 0.003484320557491289
0 0.4185267857142857 0.8353658536585366 0.006696428571428571 0.0017421602787456446
0 0.47098214285714285 0.8266550522648084 0.15178571428571427 0.008710801393728223
0 0.14508928571428573 0.8257839721254355 0.07142857142857142 0.006968641114982578
0 0.46986607142857145 0.8170731707317073 0.15401785714285715 0.006968641114982578
0 0.14732142857142858 0.8162020905923345 0.07142857142857142 0.005226480836236934
0 0.4654017857142857 0.8013937282229965 0.16294642857142858 0.006968641114982578
0 0.14732142857142858 0.8005226480836237 0.08035714285714286 0.005226480836236934
0 0.4609375 0.7909407665505227 0.15848214285714285 0.006968641114982578
0 0.15066964285714285 0.7900696864111498 0.08705357142857142 0.008710801393728223
0 0.15848214285714285 0.7787456445993032 0.07589285714285714 0.003484320557491289
0 0.11495535714285714 0.7787456445993032 0.006696428571428571 0.003484320557491289
0 0.45870535714285715 0.7796167247386759 0.16741071428571427 0.008710801393728223
0 0.45535714285714285 0.7700348432055749 0.16964285714285715 0.006968641114982578
0 0.15290178571428573 0.7682926829268293 0.09151785714285714 0.006968641114982578
0 0.45424107142857145 0.7587108013937283 0.17633928571428573 0.008710801393728223
0 0.15513392857142858 0.7569686411149826 0.09598214285714286 0.005226480836236934
0 0.4486607142857143 0.7491289198606271 0.17410714285714285 0.006968641114982578
0 0.15625 0.7465156794425087 0.09821428571428571 0.005226480836236934
0 0.15625 0.7369337979094077 0.09821428571428571 0.006968641114982578
0 0.4486607142857143 0.7325783972125436 0.18303571428571427 0.01916376306620209
0 0.15736607142857142 0.7264808362369338 0.10491071428571429 0.006968641114982578
0 0.17522321428571427 0.7160278745644599 0.13616071428571427 0.006968641114982578
0 0.32142857142857145 0.710801393728223 0.4330357142857143 0.020905923344947737
0 0.32142857142857145 0.6951219512195121 0.42857142857142855 0.010452961672473868
0 0.31919642857142855 0.6837979094076655 0.42857142857142855 0.008710801393728223
0 0.37611607142857145 0.6742160278745645 0.006696428571428571 0.003484320557491289
0 0.39620535714285715 0.6733449477351916 0.015625 0.005226480836236934
0 0.3404017857142857 0.6733449477351916 0.011160714285714286 0.005226480836236934
0 0.30357142857142855 0.6733449477351916 0.008928571428571428 0.005226480836236934
0 0.25669642857142855 0.6733449477351916 0.022321428571428572 0.005226480836236934
0 0.22098214285714285 0.6733449477351916 0.017857142857142856 0.005226480836236934
0 0.17075892857142858 0.6724738675958188 0.006696428571428571 0.003484320557491289
0 0.46986607142857145 0.6733449477351916 0.12723214285714285 0.008710801393728223
0 0.11830357142857142 0.671602787456446 0.026785714285714284 0.005226480836236934
0 0.36830357142857145 0.6637630662020906 0.017857142857142856 0.003484320557491289
0 0.26004464285714285 0.6628919860627178 0.002232142857142857 0.0017421602787456446
0 0.3125 0.6628919860627178 0.013392857142857142 0.005226480836236934
0 0.28348214285714285 0.6628919860627178 0.008928571428571428 0.005226480836236934
0 0.15290178571428573 0.6611498257839721 0.011160714285714286 0.005226480836236934
0 0.1171875 0.662020905923345 0.024553571428571428 0.006968641114982578
0 0.3939732142857143 0.6524390243902439 0.002232142857142857 0.0017421602787456446
0 0.36830357142857145 0.6524390243902439 0.017857142857142856 0.005226480836236934
0 0.33370535714285715 0.6524390243902439 0.015625 0.005226480836236934
0 0.2533482142857143 0.6524390243902439 0.015625 0.005226480836236934
0 0.21875 0.6524390243902439 0.013392857142857142 0.005226480836236934
0 0.04017857142857143 0.6306620209059234 0.08035714285714286 0.04878048780487805
0 0.10602678571428571 0.6062717770034843 0.011160714285714286 0.013937282229965157
0 0.8370535714285714 0.60801393728223 0.23214285714285715 0.07665505226480836
0 0.03236607142857143 0.5722996515679443 0.06473214285714286 0.05400696864111498
0 0.71875 0.5531358885017421 0.5625 0.08885017421602788
0 0.8962053571428571 0.4886759581881533 0.002232142857142857 0.0017421602787456446
0 0.36607142857142855 0.4886759581881533 0.5357142857142857 0.35714285714285715
0 0.008928571428571428 0.30313588850174217 0.017857142857142856 0.041811846689895474
0 0.0011160714285714285 0.20557491289198607 0.002232142857142857 0.003484320557491289
0 0.025669642857142856 0.21515679442508712 0.04241071428571429 0.05400696864111498
0 0.6138392857142857 0.08623693379790941 0.20089285714285715 0.01916376306620209
0 0.22879464285714285 0.028745644599303136 0.06919642857142858 0.05749128919860627
