0 0.722972972972973 0.9489795918367347 0.02252252252252252 0.00510204081632653
0 0.6621621621621622 0.9438775510204082 0.08108108108108109 0.01020408163265306
0 0.704954954954955 0.9311224489795918 0.04504504504504504 0.01020408163265306
0 0.4560810810810811 0.9209183673469388 0.01126126126126126 0.00510204081632653
0 0.4166666666666667 0.9196428571428571 0.02252252252252252 0.002551020408163265
0 0.4177927927927928 0.9043367346938775 0.0022522522522522522 0.002551020408163265
0 0.31644144144144143 0.9005102040816326 0.006756756756756757 0.00510204081632653
0 0.42567567567567566 0.889030612244898 0.0045045045045045045 0.002551020408163265
0 0.48873873873873874 0.8915816326530612 0.10810810810810811 0.012755102040816327
0 0.37725225225225223 0.8864795918367347 0.006756756756756757 0.002551020408163265
0 0.6092342342342343 0.8813775510204082 0.01126126126126126 0.002551020408163265
0 0.02927927927927928 0.8813775510204082 0.05855855855855856 0.012755102040816327
0 0.5146396396396397 0.8762755102040817 0.16441441441441443 0.012755102040816327
0 0.02927927927927928 0.8660714285714286 0.05855855855855856 0.012755102040816327
0 0.5427927927927928 0.8622448979591837 0.12162162162162163 0.01020408163265306
0 0.2511261261261261 0.8533163265306123 0.0022522522522522522 0.002551020408163265
0 0.22297297297297297 0.8533163265306123 0.02252252252252252 0.002551020408163265
0 0.20045045045045046 0.8533163265306123 0.013513513513513514 0.002551020408163265
0 0.6126126126126126 0.8507653061224489 0.0045045045045045045 0.002551020408163265
0 0.17342342342342343 0.8520408163265306 0.02702702702702703 0.00510204081632653
0 0.13851351351351351 0.8520408163265306 0.038288288288288286 0.00510204081632653
0 0.02927927927927928 0.8507653061224489 0.05855855855855856 0.012755102040816327
0 0.5777027027027027 0.8469387755102041 0.0472972972972973 0.01020408163265306
0 0.27364864864864863 0.8392857142857143 0.015765765765765764 0.00510204081632653
0 0.25900900900900903 0.8380102040816326 0.009009009009009009 0.002551020408163265
0 0.17792792792792791 0.8380102040816326 0.0045045045045045045 0.002551020408163265
0 0.21846846846846846 0.8380102040816326 0.06306306306306306 0.007653061224489796
0 0.16216216216216217 0.8367346938775511 0.009009009009009009 0.00510204081632653
0 0.12274774774774774 0.8367346938775511 0.060810810810810814 0.01020408163265306
0 0.40202702702702703 0.8252551020408163 0.0022522522522522522 0.002551020408163265
0 0.38626126126126126 0.8252551020408163 0.01126126126126126 0.002551020408163265
0 0.36486486486486486 0.8252551020408163 0.02702702702702703 0.007653061224489796
0 0.30405405405405406 0.8227040816326531 0.0045045045045045045 0.002551020408163265
0 0.1858108108108108 0.8214285714285714 0.18243243243243243 0.01020408163265306
0 0.32319819819819817 0.8061224489795918 0.04279279279279279 0.00510204081632653
0 0.19256756756756757 0.8048469387755102 0.19594594594594594 0.007653061224489796
0 0.5101351351351351 0.8954081632653061 0.6914414414414415 0.20918367346938777
0 0.2894144144144144 0.7436224489795918 0.0022522522522522522 0.002551020408163265
0 0.24549549549549549 0.7423469387755102 0.009009009009009009 0.00510204081632653
0 0.16891891891891891 0.7410714285714286 0.13963963963963963 0.007653061224489796
0 0.26013513513513514 0.7270408163265306 0.01126126126126126 0.00510204081632653
0 0.17454954954954954 0.7257653061224489 0.15090090090090091 0.007653061224489796
0 0.32882882882882886 0.7066326530612245 0.02252252252252252 0.01020408163265306
0 0.3614864864864865 0.7040816326530612 0.02027027027027027 0.015306122448979591
0 0.29617117117117114 0.7028061224489796 0.024774774774774775 0.017857142857142856
0 0.21734234234234234 0.6466836734693877 0.0022522522522522522 0.002551020408163265
0 0.1891891891891892 0.6301020408163265 0.18018018018018017 0.1683673469387755
0 0.713963963963964 0.47959183673469385 0.02702702702702703 0.015306122448979591
0 0.6385135135135135 0.45663265306122447 0.006756756756756757 0.00510204081632653
0 0.5867117117117117 0.42346938775510207 0.01126126126126126 0.01020408163265306
0 0.5506756756756757 0.40433673469387754 0.015765765765765764 0.012755102040816327
0 0.036036036036036036 0.6122448979591837 0.07207207207207207 0.45918367346938777
0 0.6846846846846847 0.4094387755102041 0.10810810810810811 0.1096938775510204
0 0.9808558558558559 0.3392857142857143 0.038288288288288286 0.025510204081632654
0 0.5518018018018018 0.3647959183673469 0.09009009009009009 0.09183673469387756
0 0.9774774774774775 0.1568877551020408 0.018018018018018018 0.007653061224489796
0 0.5 0.5573979591836735 1.0 0.8852040816326531
0 0.6745495495495496 0.08418367346938775 0.3130630630630631 0.04591836734693878
0 0.26914414414414417 0.015306122448979591 0.024774774774774775 0.030612244897959183
