0 0.3976190476190476 0.9877622377622378 0.02857142857142857 0.024475524475524476
0 0.6023809523809524 0.9825174825174825 0.014285714285714285 0.03496503496503497
0 0.5988095238095238 0.9493006993006993 0.011904761904761904 0.01048951048951049
0 0.6202380952380953 0.9458041958041958 0.007142857142857143 0.01048951048951049
0 0.43452380952380953 0.9685314685314685 0.030952380952380953 0.06293706293706294
0 0.31547619047619047 0.9685314685314685 0.04523809523809524 0.06293706293706294
0 0.37857142857142856 0.9667832167832168 0.06190476190476191 0.06643356643356643
0 0.544047619047619 0.9632867132867133 0.011904761904761904 0.07342657342657342
0 0.575 0.9265734265734266 0.007142857142857143 0.006993006993006993
0 0.4714285714285714 0.9388111888111889 0.45714285714285713 0.12237762237762238
0 0.5 0.4632867132867133 1.0 0.8356643356643356
0 0.6642857142857143 0.02097902097902098 0.004761904761904762 0.006993006993006993
0 0.6440476190476191 0.019230769230769232 0.011904761904761904 0.017482517482517484
0 0.6595238095238095 0.005244755244755245 0.009523809523809525 0.01048951048951049
0 0.6214285714285714 0.013986013986013986 0.023809523809523808 0.027972027972027972
0 0.5916666666666667 0.013986013986013986 0.016666666666666666 0.027972027972027972
0 0.4797619047619048 0.005244755244755245 0.011904761904761904 0.01048951048951049
0 0.444047619047619 0.006993006993006993 0.011904761904761904 0.013986013986013986
0 0.4035714285714286 0.006993006993006993 0.011904761904761904 0.013986013986013986
0 0.3630952380952381 0.008741258741258742 0.04047619047619048 0.017482517482517484
