0 0.02857142857142857 0.9919354838709677 0.049523809523809526 0.016129032258064516
0 0.5038095238095238 0.9178885630498533 0.009523809523809525 0.002932551319648094
0 0.5257142857142857 0.9156891495601173 0.022857142857142857 0.010263929618768328
0 0.5323809523809524 0.906891495601173 0.013333333333333334 0.004398826979472141
0 0.5114285714285715 0.9010263929618768 0.009523809523809525 0.010263929618768328
0 0.5314285714285715 0.8929618768328446 0.015238095238095238 0.008797653958944282
0 0.4895238095238095 0.9024926686217009 0.01904761904761905 0.030791788856304986
0 0.5009523809523809 0.8885630498533724 0.015238095238095238 0.005865102639296188
0 0.35523809523809524 0.9112903225806451 0.5733333333333334 0.07771260997067449
0 0.9447619047619048 0.8541055718475073 0.007619047619047619 0.004398826979472141
0 0.1219047619047619 0.8321114369501467 0.007619047619047619 0.004398826979472141
0 0.840952380952381 0.7851906158357771 0.0019047619047619048 0.001466275659824047
0 0.9780952380952381 0.8225806451612904 0.03238095238095238 0.08211143695014662
0 0.7961904761904762 0.8181818181818182 0.29714285714285715 0.08504398826979472
0 0.5619047619047619 0.8174486803519062 0.15619047619047619 0.08651026392961877
0 0.08571428571428572 0.7983870967741935 0.05333333333333334 0.07771260997067449
0 0.6904761904761905 0.7595307917888563 0.024761904761904763 0.002932551319648094
0 0.007619047619047619 0.7712609970674487 0.015238095238095238 0.026392961876832845
0 0.9961904761904762 0.751466275659824 0.007619047619047619 0.001466275659824047
0 0.6866666666666666 0.7521994134897361 0.005714285714285714 0.002932551319648094
0 0.5961904761904762 0.749266862170088 0.007619047619047619 0.002932551319648094
0 0.07047619047619047 0.7470674486803519 0.0038095238095238095 0.001466275659824047
0 0.9971428571428571 0.7353372434017595 0.005714285714285714 0.004398826979472141
0 0.07904761904761905 0.7309384164222874 0.009523809523809525 0.004398826979472141
0 0.6723809523809524 0.7280058651026393 0.007619047619047619 0.001466275659824047
0 0.4980952380952381 0.7236070381231672 0.013333333333333334 0.001466275659824047
0 0.0838095238095238 0.7250733137829912 0.007619047619047619 0.004398826979472141
0 0.6761904761904762 0.7118768328445748 0.0038095238095238095 0.001466275659824047
0 0.6619047619047619 0.7118768328445748 0.005714285714285714 0.001466275659824047
0 0.48095238095238096 0.7067448680351907 0.017142857142857144 0.002932551319648094
0 0.09619047619047619 0.7016129032258065 0.013333333333333334 0.004398826979472141
0 0.6961904761904761 0.6957478005865103 0.0019047619047619048 0.001466275659824047
0 0.6723809523809524 0.6957478005865103 0.011428571428571429 0.001466275659824047
0 0.10380952380952381 0.6942815249266863 0.0019047619047619048 0.001466275659824047
0 0.4666666666666667 0.6906158357771262 0.022857142857142857 0.002932551319648094
0 0.10285714285714286 0.6862170087976539 0.015238095238095238 0.002932551319648094
0 0.6695238095238095 0.6803519061583577 0.009523809523809525 0.002932551319648094
0 0.4438095238095238 0.6737536656891495 0.045714285714285714 0.004398826979472141
0 0.36952380952380953 0.6708211143695014 0.0038095238095238095 0.001466275659824047
0 0.35714285714285715 0.6708211143695014 0.013333333333333334 0.001466275659824047
0 0.11619047619047619 0.6722873900293255 0.011428571428571429 0.004398826979472141
0 0.6676190476190477 0.6664222873900293 0.013333333333333334 0.004398826979472141
0 0.44666666666666666 0.6605571847507331 0.009523809523809525 0.001466275659824047
0 0.5828571428571429 0.6480938416422287 0.015238095238095238 0.01466275659824047
0 0.4666666666666667 0.6356304985337243 0.007619047619047619 0.004398826979472141
0 0.004761904761904762 0.6268328445747801 0.009523809523809525 0.013196480938416423
0 0.42952380952380953 0.6136363636363636 0.0019047619047619048 0.001466275659824047
0 0.4419047619047619 0.6092375366568915 0.015238095238095238 0.016129032258064516
0 0.5819047619047619 0.6195014662756598 0.04 0.04252199413489736
0 0.5657142857142857 0.6063049853372434 0.0419047619047619 0.04252199413489736
0 0.43333333333333335 0.5901759530791789 0.02095238095238095 0.01906158357771261
0 0.7590476190476191 0.5645161290322581 0.0019047619047619048 0.002932551319648094
0 0.9704761904761905 0.5645161290322581 0.0019047619047619048 0.005865102639296188
0 0.5057142857142857 0.5711143695014663 0.024761904761904763 0.021994134897360705
0 0.7333333333333333 0.5513196480938416 0.007619047619047619 0.01466275659824047
0 0.6438095238095238 0.5432551319648093 0.0038095238095238095 0.004398826979472141
0 0.9838095238095238 0.6019061583577713 0.03238095238095238 0.13049853372434017
0 0.7266666666666667 0.5359237536656891 0.013333333333333334 0.004398826979472141
0 0.49714285714285716 0.5549853372434017 0.045714285714285714 0.04252199413489736
0 0.64 0.5351906158357771 0.007619047619047619 0.005865102639296188
0 0.47714285714285715 0.5447214076246334 0.02857142857142857 0.024926686217008796
0 0.7266666666666667 0.5967741935483871 0.34095238095238095 0.1348973607038123
0 0.5228571428571429 0.530791788856305 0.009523809523809525 0.005865102639296188
0 0.46095238095238095 0.5351906158357771 0.022857142857142857 0.01466275659824047
0 0.4361904761904762 0.530791788856305 0.015238095238095238 0.008797653958944282
0 0.32761904761904764 0.5403225806451613 0.0380952380952381 0.03372434017595308
0 0.9876190476190476 0.5234604105571847 0.024761904761904763 0.005865102639296188
0 0.8428571428571429 0.5212609970674487 0.07809523809523809 0.007331378299120235
0 0.7847619047619048 0.5205278592375366 0.015238095238095238 0.005865102639296188
0 0.62 0.5168621700879765 0.0019047619047619048 0.001466275659824047
0 0.741904761904762 0.5183284457478006 0.017142857142857144 0.007331378299120235
0 0.2571428571428571 0.5850439882697948 0.4228571428571429 0.14076246334310852
0 0.5695238095238095 0.5161290322580645 0.08761904761904762 0.008797653958944282
0 0.4819047619047619 0.5139296187683284 0.011428571428571429 0.004398826979472141
0 0.45714285714285713 0.5131964809384164 0.007619047619047619 0.002932551319648094
0 0.3038095238095238 0.5102639296187683 0.02857142857142857 0.005865102639296188
0 0.9876190476190476 0.5065982404692082 0.024761904761904763 0.007331378299120235
0 0.7495238095238095 0.5029325513196481 0.024761904761904763 0.005865102639296188
0 0.16285714285714287 0.5058651026392962 0.23047619047619047 0.011730205278592375
0 0.8304761904761905 0.5036656891495601 0.10285714285714286 0.010263929618768328
0 0.5742857142857143 0.5 0.07809523809523809 0.008797653958944282
0 0.4695238095238095 0.4970674486803519 0.013333333333333334 0.002932551319648094
0 0.9904761904761905 0.49193548387096775 0.01904761904761905 0.004398826979472141
0 0.2876190476190476 0.4934017595307918 0.03428571428571429 0.007331378299120235
0 0.7609523809523809 0.48826979472140764 0.005714285714285714 0.002932551319648094
0 0.8333333333333334 0.48900293255131966 0.08952380952380952 0.007331378299120235
0 0.15523809523809523 0.4904692082111437 0.21523809523809523 0.013196480938416423
0 0.5685714285714286 0.4846041055718475 0.06285714285714286 0.007331378299120235
0 0.4219047619047619 0.48167155425219943 0.03238095238095238 0.007331378299120235
0 0.9847619047619047 0.4780058651026393 0.030476190476190476 0.005865102639296188
0 0.2761904761904762 0.4772727272727273 0.022857142857142857 0.004398826979472141
0 0.6923809523809524 0.47287390029325516 0.005714285714285714 0.001466275659824047
0 0.679047619047619 0.47287390029325516 0.005714285714285714 0.001466275659824047
0 0.7933333333333333 0.47580645161290325 0.17333333333333334 0.010263929618768328
0 0.6238095238095238 0.4714076246334311 0.02095238095238095 0.001466275659824047
0 0.14476190476190476 0.4736070381231672 0.19428571428571428 0.011730205278592375
0 0.5580952380952381 0.46920821114369504 0.09523809523809523 0.008797653958944282
0 0.43523809523809526 0.4662756598240469 0.03619047619047619 0.008797653958944282
0 0.4066666666666667 0.4662756598240469 0.017142857142857144 0.008797653958944282
0 0.9809523809523809 0.4633431085043988 0.030476190476190476 0.005865102639296188
0 0.26 0.4626099706744868 0.024761904761904763 0.004398826979472141
0 0.6628571428571428 0.4574780058651026 0.007619047619047619 0.002932551319648094
0 0.7819047619047619 0.4596774193548387 0.19238095238095237 0.010263929618768328
0 0.13428571428571429 0.45821114369501464 0.18095238095238095 0.013196480938416423
0 0.5371428571428571 0.45454545454545453 0.10285714285714286 0.008797653958944282
0 0.4228571428571429 0.4501466275659824 0.0761904761904762 0.008797653958944282
0 0.3523809523809524 0.44868035190615835 0.030476190476190476 0.008797653958944282
0 0.2438095238095238 0.4464809384164223 0.02666666666666667 0.004398826979472141
0 0.9685714285714285 0.4464809384164223 0.04 0.007331378299120235
0 0.6304761904761905 0.4398826979472141 0.007619047619047619 0.002932551319648094
0 0.12380952380952381 0.44281524926686217 0.16 0.011730205278592375
0 0.76 0.44281524926686217 0.2361904761904762 0.01466275659824047
0 0.5247619047619048 0.43841642228739003 0.10476190476190476 0.011730205278592375
0 0.3523809523809524 0.4340175953079179 0.07238095238095238 0.011730205278592375
0 0.42952380952380953 0.43328445747800587 0.07047619047619047 0.013196480938416423
0 0.2257142857142857 0.42961876832844575 0.03238095238095238 0.005865102639296188
0 0.11619047619047619 0.4281524926686217 0.14476190476190476 0.011730205278592375
0 0.8161904761904762 0.4252199413489736 0.11619047619047619 0.011730205278592375
0 0.5161904761904762 0.4208211143695015 0.011428571428571429 0.002932551319648094
0 0.5504761904761905 0.42008797653958946 0.015238095238095238 0.007331378299120235
0 0.4123809523809524 0.4186217008797654 0.009523809523809525 0.004398826979472141
0 0.06 0.41715542521994137 0.017142857142857144 0.004398826979472141
0 0.3076190476190476 0.4149560117302053 0.009523809523809525 0.005865102639296188
0 0.37333333333333335 0.41642228739002934 0.06095238095238095 0.011730205278592375
0 0.3238095238095238 0.4149560117302053 0.01904761904761905 0.008797653958944282
0 0.19523809523809524 0.4120234604105572 0.009523809523809525 0.005865102639296188
0 0.10761904761904761 0.4090909090909091 0.12380952380952381 0.011730205278592375
0 0.6180952380952381 0.3841642228739003 0.0019047619047619048 0.002932551319648094
0 0.96 0.3841642228739003 0.02666666666666667 0.05571847507331378
0 0.29333333333333333 0.3790322580645161 0.09142857142857143 0.045454545454545456
0 0.56 0.3313782991202346 0.0038095238095238095 0.002932551319648094
0 0.13238095238095238 0.32038123167155425 0.0019047619047619048 0.001466275659824047
0 0.10952380952380952 0.3321114369501466 0.024761904761904763 0.024926686217008796
0 0.3914285714285714 0.3189149560117302 0.0019047619047619048 0.001466275659824047
0 0.9923809523809524 0.3152492668621701 0.015238095238095238 0.03812316715542522
0 0.5228571428571429 0.29545454545454547 0.005714285714285714 0.001466275659824047
0 0.7047619047619048 0.3533724340175953 0.3352380952380952 0.12023460410557185
0 0.44761904761904764 0.3533724340175953 0.20952380952380953 0.12609970674486803
0 0.3495238095238095 0.30498533724340177 0.05523809523809524 0.03519061583577713
0 0.16666666666666666 0.29838709677419356 0.03619047619047619 0.024926686217008796
0 0.10952380952380952 0.30058651026392963 0.024761904761904763 0.02932551319648094
0 0.09428571428571429 0.34017595307917886 0.11619047619047619 0.11730205278592376
0 0.8123809523809524 0.28079178885630496 0.09333333333333334 0.007331378299120235
0 0.7409523809523809 0.28005865102639294 0.030476190476190476 0.005865102639296188
0 0.3676190476190476 0.2763929618768328 0.0038095238095238095 0.001466275659824047
0 0.42095238095238097 0.2763929618768328 0.015238095238095238 0.004398826979472141
0 0.37523809523809526 0.2756598240469208 0.007619047619047619 0.002932551319648094
0 0.35333333333333333 0.2749266862170088 0.009523809523809525 0.004398826979472141
0 0.31333333333333335 0.27419354838709675 0.005714285714285714 0.002932551319648094
0 0.16 0.27126099706744866 0.045714285714285714 0.005865102639296188
0 0.054285714285714284 0.26173020527859236 0.0019047619047619048 0.001466275659824047
0 0.7180952380952381 0.2624633431085044 0.011428571428571429 0.005865102639296188
0 0.799047619047619 0.2624633431085044 0.13523809523809524 0.008797653958944282
0 0.35714285714285715 0.25806451612903225 0.14285714285714285 0.008797653958944282
0 0.08761904761904762 0.25513196480938416 0.0038095238095238095 0.002932551319648094
0 0.1580952380952381 0.2587976539589443 0.07238095238095238 0.013196480938416423
0 0.05238095238095238 0.25439882697947214 0.024761904761904763 0.004398826979472141
0 0.040952380952380955 0.2470674486803519 0.005714285714285714 0.001466275659824047
0 0.7047619047619048 0.24560117302052786 0.007619047619047619 0.001466275659824047
0 0.9828571428571429 0.24560117302052786 0.03428571428571429 0.004398826979472141
0 0.7971428571428572 0.24560117302052786 0.15047619047619049 0.007331378299120235
0 0.5028571428571429 0.2434017595307918 0.007619047619047619 0.002932551319648094
0 0.47333333333333333 0.24413489736070382 0.013333333333333334 0.004398826979472141
0 0.3466666666666667 0.2434017595307918 0.14857142857142858 0.005865102639296188
0 0.0838095238095238 0.2404692082111437 0.0038095238095238095 0.002932551319648094
0 0.049523809523809526 0.24120234604105573 0.022857142857142857 0.004398826979472141
0 0.15047619047619049 0.24120234604105573 0.08761904761904762 0.007331378299120235
0 0.6914285714285714 0.23093841642228738 0.011428571428571429 0.001466275659824047
0 0.6695238095238095 0.23093841642228738 0.005714285714285714 0.001466275659824047
0 0.6352380952380953 0.23093841642228738 0.05523809523809524 0.001466275659824047
0 0.5523809523809524 0.23093841642228738 0.0038095238095238095 0.001466275659824047
0 0.9485714285714286 0.23093841642228738 0.10285714285714286 0.007331378299120235
0 0.7923809523809524 0.23093841642228738 0.16380952380952382 0.007331378299120235
0 0.4838095238095238 0.23020527859237536 0.06476190476190476 0.005865102639296188
0 0.33714285714285713 0.23020527859237536 0.1676190476190476 0.008797653958944282
0 0.07333333333333333 0.22653958944281524 0.02095238095238095 0.004398826979472141
0 0.045714285714285714 0.22580645161290322 0.01904761904761905 0.002932551319648094
0 0.9914285714285714 0.21480938416422288 0.017142857142857144 0.001466275659824047
0 0.7390476190476191 0.21480938416422288 0.0038095238095238095 0.001466275659824047
0 0.7971428571428572 0.21480938416422288 0.08952380952380952 0.004398826979472141
0 0.9266666666666666 0.21480938416422288 0.06666666666666667 0.007331378299120235
0 0.47619047619047616 0.21407624633431085 0.06857142857142857 0.005865102639296188
0 0.0380952380952381 0.21041055718475074 0.0038095238095238095 0.001466275659824047
0 0.06 0.21041055718475074 0.013333333333333334 0.004398826979472141
0 0.36095238095238097 0.20454545454545456 0.0019047619047619048 0.001466275659824047
0 0.3485714285714286 0.20454545454545456 0.007619047619047619 0.004398826979472141
0 0.3047619047619048 0.20967741935483872 0.16 0.01466275659824047
0 0.05333333333333334 0.20161290322580644 0.015238095238095238 0.004398826979472141
0 0.9971428571428571 0.1972140762463343 0.005714285714285714 0.001466275659824047
0 0.8485714285714285 0.1972140762463343 0.0019047619047619048 0.001466275659824047
0 0.8361904761904762 0.1972140762463343 0.007619047619047619 0.001466275659824047
0 0.5171428571428571 0.1972140762463343 0.005714285714285714 0.001466275659824047
0 0.5066666666666667 0.19794721407624633 0.011428571428571429 0.002932551319648094
0 0.9038095238095238 0.1972140762463343 0.024761904761904763 0.004398826979472141
0 0.7866666666666666 0.1972140762463343 0.08761904761904762 0.004398826979472141
0 0.9428571428571428 0.1972140762463343 0.03428571428571429 0.007331378299120235
0 0.46190476190476193 0.19648093841642228 0.06285714285714286 0.005865102639296188
0 0.047619047619047616 0.1942815249266862 0.015238095238095238 0.004398826979472141
0 0.22952380952380952 0.21114369501466276 0.2876190476190476 0.04105571847507331
0 0.3742857142857143 0.187683284457478 0.005714285714285714 0.002932551319648094
0 0.2619047619047619 0.18695014662756598 0.005714285714285714 0.001466275659824047
0 0.25142857142857145 0.18695014662756598 0.0038095238095238095 0.001466275659824047
0 0.3171428571428571 0.18695014662756598 0.09333333333333334 0.004398826979472141
0 0.2123809523809524 0.187683284457478 0.02857142857142857 0.005865102639296188
0 0.04 0.18621700879765396 0.007619047619047619 0.002932551319648094
0 0.7714285714285715 0.1810850439882698 0.007619047619047619 0.001466275659824047
0 0.7561904761904762 0.1810850439882698 0.007619047619047619 0.001466275659824047
0 0.7923809523809524 0.1810850439882698 0.02666666666666667 0.004398826979472141
0 0.5380952380952381 0.17961876832844575 0.005714285714285714 0.001466275659824047
0 0.4866666666666667 0.17961876832844575 0.06666666666666667 0.004398826979472141
0 0.43142857142857144 0.17961876832844575 0.024761904761904763 0.004398826979472141
0 0.23333333333333334 0.17888563049853373 0.024761904761904763 0.002932551319648094
0 0.9428571428571428 0.17521994134897362 0.0038095238095238095 0.001466275659824047
0 0.7857142857142857 0.17375366568914957 0.005714285714285714 0.001466275659824047
0 0.5 0.17228739002932553 0.03238095238095238 0.004398826979472141
0 0.47523809523809524 0.17155425219941348 0.009523809523809525 0.002932551319648094
0 0.4361904761904762 0.17082111436950145 0.05333333333333334 0.004398826979472141
0 0.9542857142857143 0.09970674486803519 0.09142857142857143 0.1378299120234604
0 0.4676190476190476 0.09457478005865103 0.878095238095238 0.18914956011730205
