0 0.9924528301886792 0.35873015873015873 0.01509433962264151 0.012698412698412698
0 0.5933962264150944 0.07142857142857142 0.0018867924528301887 0.0031746031746031746
0 0.5632075471698114 0.06825396825396825 0.020754716981132074 0.015873015873015872
0 0.6047169811320755 0.05555555555555555 0.0018867924528301887 0.0031746031746031746
0 0.5 0.5095238095238095 1.0 0.9111111111111111
0 0.5877358490566038 0.044444444444444446 0.016981132075471698 0.01904761904761905
0 0.5839622641509434 0.01904761904761905 0.005660377358490566 0.012698412698412698
0 0.6 0.006349206349206349 0.01509433962264151 0.012698412698412698
0 0.5528301886792453 0.0015873015873015873 0.007547169811320755 0.0031746031746031746
0 0.469811320754717 0.03015873015873016 0.018867924528301886 0.06031746031746032
0 0.4358490566037736 0.031746031746031744 0.011320754716981131 0.06349206349206349
0 0.39528301886792455 0.031746031746031744 0.03962264150943396 0.06349206349206349
0 0.38207547169811323 0.007936507936507936 0.016981132075471698 0.015873015873015872
