0 0.5361990950226244 0.9735294117647059 0.06334841628959276 0.052941176470588235
0 0.4253393665158371 0.9720588235294118 0.02262443438914027 0.05588235294117647
0 0.5995475113122172 0.9632352941176471 0.04524886877828054 0.07352941176470588
0 0.9434389140271493 0.6205882352941177 0.11312217194570136 0.052941176470588235
0 0.7070135746606335 0.5882352941176471 0.01583710407239819 0.0058823529411764705
0 0.9490950226244343 0.5794117647058824 0.10180995475113122 0.023529411764705882
0 0.6561085972850679 0.5661764705882353 0.00904977375565611 0.008823529411764706
0 0.6414027149321267 0.5647058823529412 0.011312217194570135 0.0058823529411764705
0 0.9513574660633484 0.55 0.09728506787330317 0.01764705882352941
0 0.6447963800904978 0.5426470588235294 0.00904977375565611 0.0029411764705882353
0 0.6300904977375565 0.5426470588235294 0.0022624434389140274 0.0029411764705882353
0 0.6583710407239819 0.5411764705882353 0.00904977375565611 0.0058823529411764705
0 0.004524886877828055 0.5470588235294118 0.00904977375565611 0.03529411764705882
0 0.9570135746606335 0.5235294117647059 0.08597285067873303 0.01764705882352941
0 0.6187782805429864 0.5161764705882353 0.011312217194570135 0.008823529411764706
0 0.9592760180995475 0.4985294117647059 0.08144796380090498 0.020588235294117647
0 0.7138009049773756 0.4808823529411765 0.0022624434389140274 0.0029411764705882353
0 0.0022624434389140274 0.32794117647058824 0.004524886877828055 0.020588235294117647
0 0.31334841628959276 0.3985294117647059 0.21040723981900453 0.22647058823529412
0 0.581447963800905 0.18088235294117647 0.03167420814479638 0.014705882352941176
0 0.9038461538461539 0.11323529411764706 0.011312217194570135 0.0029411764705882353
0 0.5769230769230769 0.09558823529411764 0.03619909502262444 0.008823529411764706
0 0.9513574660633484 0.0838235294117647 0.0022624434389140274 0.0029411764705882353
0 0.8914027149321267 0.09558823529411764 0.09502262443438914 0.026470588235294117
0 0.8416289592760181 0.075 0.02262443438914027 0.008823529411764706
0 0.9751131221719457 0.07941176470588235 0.03619909502262444 0.041176470588235294
0 0.5 0.5191176470588236 1.0 0.961764705882353
0 0.5452488687782805 0.023529411764705882 0.02262443438914027 0.01764705882352941
0 0.5113122171945701 0.016176470588235296 0.03619909502262444 0.03235294117647059
0 0.41289592760180993 0.010294117647058823 0.011312217194570135 0.020588235294117647
0 0.36312217194570134 0.008823529411764706 0.038461538461538464 0.01764705882352941
0 0.3235294117647059 0.0058823529411764705 0.00904977375565611 0.011764705882352941
