0 0.5348314606741573 0.9590643274853801 0.0044943820224719105 0.005847953216374269
0 0.5157303370786517 0.9327485380116959 0.04719101123595506 0.05847953216374269
0 0.4943820224719101 0.9254385964912281 0.02696629213483146 0.05555555555555555
0 0.9943820224719101 0.8216374269005848 0.011235955056179775 0.03508771929824561
0 0.946067415730337 0.8318713450292398 0.07191011235955057 0.05555555555555555
0 0.9617977528089887 0.7470760233918129 0.0044943820224719105 0.0029239766081871343
0 0.9617977528089887 0.7236842105263158 0.02247191011235955 0.02046783625730994
0 0.9561797752808989 0.6900584795321637 0.015730337078651686 0.005847953216374269
0 0.8325842696629213 0.6900584795321637 0.006741573033707865 0.005847953216374269
0 0.9561797752808989 0.6652046783625731 0.006741573033707865 0.0029239766081871343
0 0.9370786516853933 0.6652046783625731 0.008988764044943821 0.0029239766081871343
0 0.8134831460674158 0.6652046783625731 0.0044943820224719105 0.0029239766081871343
0 0.4797752808988764 0.6608187134502924 0.006741573033707865 0.005847953216374269
0 0.4 0.6461988304093568 0.0044943820224719105 0.005847953216374269
0 0.45955056179775283 0.7923976608187134 0.8471910112359551 0.4152046783625731
0 0.7696629213483146 0.5847953216374269 0.024719101123595506 0.011695906432748537
0 0.401123595505618 0.5818713450292398 0.006741573033707865 0.005847953216374269
0 0.9235955056179775 0.5921052631578947 0.10337078651685393 0.03216374269005848
0 0.6640449438202247 0.5877192982456141 0.1146067415730337 0.023391812865497075
0 0.9213483146067416 0.5555555555555556 0.01348314606741573 0.005847953216374269
0 0.8921348314606742 0.5555555555555556 0.035955056179775284 0.005847953216374269
0 0.5449438202247191 0.554093567251462 0.015730337078651686 0.0029239766081871343
0 0.9539325842696629 0.5555555555555556 0.038202247191011236 0.011695906432748537
0 0.749438202247191 0.5555555555555556 0.038202247191011236 0.017543859649122806
0 0.6651685393258427 0.5584795321637427 0.11235955056179775 0.023391812865497075
0 0.46179775280898877 0.5248538011695907 0.029213483146067417 0.0029239766081871343
0 0.996629213483146 0.5233918128654971 0.006741573033707865 0.005847953216374269
0 0.8404494382022472 0.5263157894736842 0.02696629213483146 0.011695906432748537
0 0.8056179775280898 0.5263157894736842 0.024719101123595506 0.011695906432748537
0 0.5404494382022472 0.5248538011695907 0.033707865168539325 0.008771929824561403
0 0.4910112359550562 0.5233918128654971 0.015730337078651686 0.005847953216374269
0 0.9292134831460674 0.5248538011695907 0.09213483146067415 0.014619883040935672
0 0.698876404494382 0.5263157894736842 0.15280898876404495 0.017543859649122806
0 0.8617977528089887 0.5 0.04719101123595506 0.005847953216374269
0 0.7764044943820225 0.5 0.020224719101123594 0.005847953216374269
0 0.6651685393258427 0.49853801169590645 0.008988764044943821 0.0029239766081871343
0 0.9359550561797753 0.49853801169590645 0.07415730337078652 0.014619883040935672
0 0.5674157303370787 0.49853801169590645 0.051685393258426963 0.014619883040935672
0 0.702247191011236 0.48391812865497075 0.011235955056179775 0.008771929824561403
0 0.5696629213483146 0.4824561403508772 0.020224719101123594 0.005847953216374269
0 0.9932584269662922 0.47076023391812866 0.01348314606741573 0.005847953216374269
0 0.9078651685393259 0.47076023391812866 0.1303370786516854 0.017543859649122806
0 0.5707865168539326 0.4692982456140351 0.04044943820224719 0.014619883040935672
0 0.9943820224719101 0.4415204678362573 0.011235955056179775 0.005847953216374269
0 0.9202247191011236 0.4415204678362573 0.10112359550561797 0.011695906432748537
0 0.40224719101123596 0.4371345029239766 0.0044943820224719105 0.0029239766081871343
0 0.6730337078651686 0.4269005847953216 0.0022471910112359553 0.005847953216374269
0 0.5741573033707865 0.41228070175438597 0.006741573033707865 0.005847953216374269
0 0.952808988764045 0.4093567251461988 0.03146067415730337 0.011695906432748537
0 0.7966292134831461 0.39473684210526316 0.020224719101123594 0.005847953216374269
0 0.7741573033707865 0.3932748538011696 0.0022471910112359553 0.0029239766081871343
0 0.8449438202247191 0.3333333333333333 0.07640449438202247 0.10526315789473684
0 0.6865168539325842 0.28362573099415206 0.006741573033707865 0.017543859649122806
0 0.6752808988764045 0.27631578947368424 0.006741573033707865 0.008771929824561403
0 0.9921348314606742 0.31432748538011696 0.015730337078651686 0.09649122807017543
0 0.5337078651685393 0.25877192982456143 0.006741573033707865 0.0029239766081871343
0 0.9235955056179775 0.3172514619883041 0.09438202247191012 0.14327485380116958
0 0.6101123595505618 0.23976608187134502 0.011235955056179775 0.005847953216374269
0 0.9573033707865168 0.23391812865497075 0.01348314606741573 0.005847953216374269
0 0.9370786516853933 0.23538011695906433 0.017977528089887642 0.008771929824561403
0 0.6382022471910113 0.23830409356725146 0.01348314606741573 0.014619883040935672
0 0.6314606741573033 0.21198830409356725 0.0044943820224719105 0.0029239766081871343
0 0.8853932584269663 0.20760233918128654 0.0044943820224719105 0.005847953216374269
0 0.8505617977528089 0.20760233918128654 0.011235955056179775 0.005847953216374269
0 0.596629213483146 0.2149122807017544 0.051685393258426963 0.02046783625730994
0 0.9303370786516854 0.2149122807017544 0.06741573033707865 0.02631578947368421
0 0.7202247191011236 0.25292397660818716 0.051685393258426963 0.11403508771929824
0 0.7595505617977528 0.18567251461988304 0.008988764044943821 0.0029239766081871343
0 0.6146067415730337 0.18859649122807018 0.006741573033707865 0.008771929824561403
0 0.9516853932584269 0.18128654970760233 0.015730337078651686 0.005847953216374269
0 0.6202247191011236 0.16666666666666666 0.04943820224719101 0.011695906432748537
0 0.9157303370786517 0.12426900584795321 0.051685393258426963 0.008771929824561403
0 0.9550561797752809 0.12719298245614036 0.01348314606741573 0.02046783625730994
0 0.4764044943820225 0.11257309941520467 0.01348314606741573 0.0029239766081871343
0 0.49775280898876406 0.29385964912280704 0.9280898876404494 0.5877192982456141
