0 0.5921052631578947 0.9982935153583617 0.0020242914979757085 0.0034129692832764505
0 0.5141700404858299 0.9982935153583617 0.004048582995951417 0.0034129692832764505
0 0.47469635627530365 0.9982935153583617 0.01417004048582996 0.0034129692832764505
0 0.42611336032388664 0.9982935153583617 0.01417004048582996 0.0034129692832764505
0 0.6882591093117408 0.9761092150170648 0.04048582995951417 0.04778156996587031
0 0.4777327935222672 0.9761092150170648 0.20647773279352227 0.04778156996587031
0 0.5 0.5068259385665529 1.0 0.8361774744027304
0 0.5860323886639676 0.04436860068259386 0.01417004048582996 0.013651877133105802
0 0.6234817813765182 0.01877133105802048 0.008097165991902834 0.010238907849829351
0 0.604251012145749 0.01877133105802048 0.01417004048582996 0.023890784982935155
0 0.582995951417004 0.015358361774744027 0.008097165991902834 0.017064846416382253
0 0.5728744939271255 0.005119453924914676 0.004048582995951417 0.010238907849829351
0 0.4908906882591093 0.015358361774744027 0.006072874493927126 0.030716723549488054
0 0.46356275303643724 0.015358361774744027 0.008097165991902834 0.030716723549488054
0 0.4352226720647773 0.015358361774744027 0.008097165991902834 0.030716723549488054
0 0.4008097165991903 0.015358361774744027 0.016194331983805668 0.030716723549488054
