0 0.5026881720430108 0.9984939759036144 0.005376344086021506 0.0030120481927710845
0 0.4883512544802867 0.9984939759036144 0.0017921146953405018 0.0030120481927710845
0 0.5340501792114696 0.9969879518072289 0.03942652329749104 0.006024096385542169
0 0.6639784946236559 0.9924698795180723 0.03763440860215054 0.015060240963855422
0 0.004480286738351254 0.9653614457831325 0.008960573476702509 0.015060240963855422
0 0.0017921146953405018 0.9006024096385542 0.0035842293906810036 0.0963855421686747
0 0.6048387096774194 0.05120481927710843 0.005376344086021506 0.006024096385542169
0 0.5600358422939068 0.043674698795180725 0.005376344086021506 0.015060240963855422
0 0.6129032258064516 0.04216867469879518 0.010752688172043012 0.024096385542168676
0 0.5779569892473119 0.03162650602409638 0.026881720430107527 0.045180722891566265
0 0.5985663082437276 0.012048192771084338 0.021505376344086023 0.024096385542168676
0 0.5618279569892473 0.010542168674698794 0.008960573476702509 0.02108433734939759
0 0.47939068100358423 0.01957831325301205 0.008960573476702509 0.0391566265060241
0 0.4390681003584229 0.02108433734939759 0.043010752688172046 0.04216867469879518
0 0.3942652329749104 0.01957831325301205 0.02867383512544803 0.0391566265060241
0 0.5 0.35240963855421686 1.0 0.7048192771084337
