0 0.6547344110854504 0.9981981981981982 0.0023094688221709007 0.0036036036036036037
0 0.3302540415704388 0.9945945945945946 0.009237875288683603 0.010810810810810811
0 0.648960739030023 0.990990990990991 0.009237875288683603 0.007207207207207207
0 0.6362586605080831 0.9918918918918919 0.011547344110854504 0.009009009009009009
0 0.7274826789838337 0.9855855855855856 0.05542725173210162 0.02882882882882883
0 0.6224018475750578 0.972072072072072 0.0023094688221709007 0.0018018018018018018
0 0.605080831408776 0.972072072072072 0.004618937644341801 0.0018018018018018018
0 0.45496535796766746 0.9756756756756757 0.27713625866050806 0.01981981981981982
0 0.836027713625866 0.8756756756756757 0.013856812933025405 0.010810810810810811
0 0.8048498845265589 0.8711711711711712 0.0023094688221709007 0.0018018018018018018
0 0.7782909930715936 0.8702702702702703 0.013856812933025405 0.007207207207207207
0 0.733256351039261 0.8693693693693694 0.03926096997690531 0.009009009009009009
0 0.8475750577367206 0.8594594594594595 0.009237875288683603 0.0036036036036036037
0 0.874133949191686 0.8585585585585586 0.006928406466512702 0.005405405405405406
0 0.9260969976905312 0.7963963963963964 0.03695150115473441 0.0036036036036036037
0 0.6778290993071594 0.7315315315315315 0.011547344110854504 0.007207207207207207
0 0.7875288683602771 0.6252252252252253 0.02771362586605081 0.007207207207207207
0 0.9480369515011547 0.6333333333333333 0.10392609699769054 0.06306306306306306
0 0.9503464203233256 0.5963963963963964 0.09930715935334873 0.018018018018018018
0 0.7205542725173211 0.554954954954955 0.08775981524249422 0.010810810810810811
0 0.8879907621247113 0.5459459459459459 0.053117782909930716 0.010810810810810811
0 0.8337182448036952 0.5441441441441441 0.03233256351039261 0.007207207207207207
0 0.7494226327944573 0.5405405405405406 0.011547344110854504 0.0036036036036036037
0 0.8891454965357968 0.5297297297297298 0.046189376443418015 0.010810810810810811
0 0.8060046189376443 0.5252252252252252 0.004618937644341801 0.0018018018018018018
0 0.8348729792147807 0.5261261261261261 0.03002309468822171 0.007207207207207207
0 0.8048498845265589 0.4837837837837838 0.006928406466512702 0.01981981981981982
0 0.7702078521939953 0.48018018018018016 0.020785219399538105 0.016216216216216217
0 0.8418013856812933 0.481981981981982 0.03464203233256351 0.023423423423423424
0 0.9676674364896074 0.4711711711711712 0.009237875288683603 0.005405405405405406
0 0.9076212471131639 0.48018018018018016 0.07390300230946882 0.05225225225225225
0 0.5 0.4810810810810811 1.0 0.9621621621621622
