0 0.7652370203160271 0.9841549295774648 0.04966139954853273 0.03169014084507042
0 0.49774266365688485 0.9691901408450704 0.2686230248306998 0.01936619718309859
0 0.9977426636568849 0.8705985915492958 0.004514672686230248 0.0017605633802816902
0 0.8544018058690744 0.8661971830985915 0.04288939051918736 0.007042253521126761
0 0.8148984198645598 0.8661971830985915 0.013544018058690745 0.007042253521126761
0 0.7708803611738149 0.8661971830985915 0.033860045146726865 0.007042253521126761
0 0.9977426636568849 0.846830985915493 0.004514672686230248 0.0035211267605633804
0 0.9559819413092551 0.8459507042253521 0.006772009029345372 0.00528169014084507
0 0.8115124153498872 0.8441901408450704 0.002257336343115124 0.0017605633802816902
0 0.9040632054176072 0.8450704225352113 0.006772009029345372 0.007042253521126761
0 0.7268623024830699 0.8318661971830986 0.004514672686230248 0.0017605633802816902
0 0.708803611738149 0.8327464788732394 0.004514672686230248 0.0035211267605633804
0 0.9548532731376975 0.823943661971831 0.004514672686230248 0.0035211267605633804
0 0.8747178329571106 0.823943661971831 0.006772009029345372 0.0035211267605633804
0 0.016930022573363433 0.8697183098591549 0.033860045146726865 0.1267605633802817
0 0.7674943566591422 0.7825704225352113 0.004514672686230248 0.0017605633802816902
0 0.7200902934537246 0.772887323943662 0.009029345372460496 0.0035211267605633804
0 0.8126410835214447 0.7623239436619719 0.009029345372460496 0.0035211267605633804
0 0.7212189616252822 0.7508802816901409 0.002257336343115124 0.0017605633802816902
0 0.8115124153498872 0.7508802816901409 0.011286681715575621 0.00528169014084507
0 0.006772009029345372 0.7764084507042254 0.013544018058690745 0.056338028169014086
0 0.004514672686230248 0.7359154929577465 0.009029345372460496 0.01056338028169014
0 0.7223476297968398 0.7341549295774648 0.01805869074492099 0.017605633802816902
0 0.002257336343115124 0.7165492957746479 0.004514672686230248 0.007042253521126761
0 0.002257336343115124 0.6963028169014085 0.004514672686230248 0.00528169014084507
0 0.8611738148984198 0.5950704225352113 0.011286681715575621 0.0035211267605633804
0 0.8205417607223476 0.5933098591549296 0.006772009029345372 0.0035211267605633804
0 0.7528216704288939 0.5563380281690141 0.0654627539503386 0.01056338028169014
0 0.9198645598194131 0.5466549295774648 0.04740406320541761 0.01232394366197183
0 0.8408577878103838 0.5413732394366197 0.011286681715575621 0.00528169014084507
0 0.7866817155756207 0.5413732394366197 0.08803611738148984 0.01584507042253521
0 0.917607223476298 0.5290492957746479 0.04740406320541761 0.01232394366197183
0 0.8498871331828443 0.5264084507042254 0.0835214446952596 0.014084507042253521
0 0.781038374717833 0.5246478873239436 0.04966139954853273 0.01056338028169014
0 0.9943566591422122 0.4744718309859155 0.011286681715575621 0.00528169014084507
0 0.7381489841986456 0.48151408450704225 0.03160270880361174 0.01936619718309859
0 0.7347629796839729 0.4639084507042254 0.01580135440180587 0.008802816901408451
0 0.8645598194130926 0.4823943661971831 0.21670428893905191 0.04929577464788732
0 0.4142212189616253 0.39172535211267606 0.006772009029345372 0.008802816901408451
0 0.7460496613995485 0.0977112676056338 0.002257336343115124 0.0017605633802816902
0 0.7347629796839729 0.09859154929577464 0.006772009029345372 0.0035211267605633804
0 0.7765237020316027 0.0977112676056338 0.009029345372460496 0.00528169014084507
0 0.7054176072234764 0.09595070422535211 0.002257336343115124 0.0017605633802816902
0 0.7595936794582393 0.0977112676056338 0.006772009029345372 0.008802816901408451
0 0.42325056433408575 0.06778169014084508 0.006772009029345372 0.0017605633802816902
0 0.40293453724604966 0.06778169014084508 0.01580135440180587 0.0017605633802816902
0 0.27200902934537247 0.06426056338028169 0.002257336343115124 0.0017605633802816902
0 0.5 0.5088028169014085 1.0 0.9014084507042254
0 0.022573363431151242 0.01232394366197183 0.045146726862302484 0.007042253521126761
0 0.9920993227990971 0.008802816901408451 0.01580135440180587 0.017605633802816902
