0 0.5411764705882353 0.9913494809688581 0.02823529411764706 0.01730103806228374
0 0.5105882352941177 0.9809688581314879 0.004705882352941176 0.0034602076124567475
0 0.5305882352941177 0.9775086505190311 0.002352941176470588 0.0034602076124567475
0 0.5611764705882353 0.9792387543252595 0.007058823529411765 0.01384083044982699
0 0.34705882352941175 0.986159169550173 0.03058823529411765 0.02768166089965398
0 0.38235294117647056 0.9705882352941176 0.03058823529411765 0.058823529411764705
0 0.2647058823529412 0.9705882352941176 0.04470588235294118 0.058823529411764705
0 0.3270588235294118 0.9688581314878892 0.0611764705882353 0.06228373702422145
0 0.5564705882352942 0.9325259515570934 0.002352941176470588 0.0034602076124567475
0 0.49058823529411766 0.9653979238754326 0.011764705882352941 0.06920415224913495
0 0.5447058823529412 0.8944636678200693 0.011764705882352941 0.0034602076124567475
0 0.5258823529411765 0.8944636678200693 0.011764705882352941 0.0034602076124567475
0 0.5094117647058823 0.8961937716262975 0.011764705882352941 0.006920415224913495
0 0.34 0.9463667820069204 0.30823529411764705 0.10726643598615918
0 0.5670588235294117 0.8927335640138409 0.009411764705882352 0.006920415224913495
0 0.6105882352941177 0.9429065743944637 0.06352941176470588 0.11418685121107267
0 0.5 0.47750865051903113 1.0 0.8235294117647058
0 0.548235294117647 0.012110726643598616 0.03764705882352941 0.02422145328719723
0 0.5152941176470588 0.012110726643598616 0.009411764705882352 0.02422145328719723
0 0.40352941176470586 0.005190311418685121 0.011764705882352941 0.010380622837370242
0 0.3729411764705882 0.006920415224913495 0.011764705882352941 0.01384083044982699
0 0.33294117647058824 0.006920415224913495 0.011764705882352941 0.01384083044982699
0 0.29294117647058826 0.006920415224913495 0.04 0.01384083044982699
