0 0.5478806907378336 0.996822033898305 0.006279434850863423 0.006355932203389831
0 0.5133437990580848 0.9936440677966102 0.0031397174254317113 0.00423728813559322
0 0.4466248037676609 0.9957627118644068 0.01098901098901099 0.00847457627118644
0 0.40188383045525905 0.9947033898305084 0.009419152276295133 0.01059322033898305
0 0.37598116169544743 0.9947033898305084 0.01098901098901099 0.01059322033898305
0 0.5290423861852434 0.9872881355932204 0.009419152276295133 0.00847457627118644
0 0.4803767660910518 0.9809322033898306 0.0031397174254317113 0.00423728813559322
0 0.47959183673469385 0.9671610169491526 0.004709576138147566 0.006355932203389831
0 0.029827315541601257 0.784957627118644 0.0031397174254317113 0.00211864406779661
0 0.9599686028257457 0.7828389830508474 0.03296703296703297 0.006355932203389831
0 0.9560439560439561 0.7680084745762712 0.0282574568288854 0.006355932203389831
0 0.008634222919937205 0.7595338983050848 0.004709576138147566 0.00211864406779661
0 0.9591836734693877 0.7563559322033898 0.03453689167974882 0.00847457627118644
0 0.007849293563579277 0.7457627118644068 0.015698587127158554 0.00423728813559322
0 0.01098901098901099 0.7330508474576272 0.009419152276295133 0.00423728813559322
0 0.9937205651491365 0.698093220338983 0.012558869701726845 0.014830508474576272
0 0.9937205651491365 0.6684322033898306 0.012558869701726845 0.006355932203389831
0 0.9937205651491365 0.6588983050847458 0.012558869701726845 0.00847457627118644
0 0.9937205651491365 0.6440677966101694 0.012558869701726845 0.00423728813559322
0 0.9803767660910518 0.1906779661016949 0.007849293563579277 0.00423728813559322
0 0.9811616954474097 0.1673728813559322 0.012558869701726845 0.00423728813559322
0 0.9560439560439561 0.1483050847457627 0.012558869701726845 0.00423728813559322
0 0.5604395604395604 0.048728813559322036 0.006279434850863423 0.00423728813559322
0 0.5368916797488226 0.04978813559322034 0.009419152276295133 0.006355932203389831
0 0.5 0.4915254237288136 1.0 0.8940677966101694
0 0.5266875981161695 0.03072033898305085 0.0141287284144427 0.019067796610169493
0 0.5502354788069074 0.02754237288135593 0.02040816326530612 0.0211864406779661
0 0.6004709576138147 0.03283898305084746 0.03296703296703297 0.06567796610169492
0 0.5227629513343799 0.005296610169491525 0.006279434850863423 0.01059322033898305
0 0.45447409733124017 0.0211864406779661 0.01726844583987441 0.0423728813559322
0 0.4215070643642072 0.022245762711864406 0.03610675039246468 0.04449152542372881
0 0.3814756671899529 0.022245762711864406 0.015698587127158554 0.04449152542372881
0 0.42778649921507067 0.034957627118644065 0.17111459968602827 0.06991525423728813
