0 0.9645892351274787 0.9845679012345679 0.0708215297450425 0.030864197530864196
0 0.48158640226628896 0.8348765432098766 0.0056657223796034 0.0030864197530864196
0 0.46175637393767704 0.8317901234567902 0.0113314447592068 0.027777777777777776
0 0.32152974504249293 0.8070987654320988 0.0084985835694051 0.009259259259259259
0 0.4801699716713881 0.9012345679012346 0.8753541076487252 0.19753086419753085
0 0.4603399433427762 0.7993827160493827 0.0028328611898017 0.006172839506172839
0 0.9504249291784702 0.7808641975308642 0.0028328611898017 0.006172839506172839
0 0.9844192634560907 0.7885802469135802 0.031161473087818695 0.027777777777777776
0 0.358356940509915 0.7947530864197531 0.019830028328611898 0.040123456790123455
0 0.29178470254957506 0.7839506172839507 0.0169971671388102 0.037037037037037035
0 0.254957507082153 0.7762345679012346 0.0169971671388102 0.040123456790123455
0 0.9504249291784702 0.75 0.019830028328611898 0.037037037037037035
0 0.8796033994334278 0.7530864197530864 0.0821529745042493 0.06172839506172839
0 0.669971671388102 0.7314814814814815 0.0821529745042493 0.06172839506172839
0 0.05524079320113314 0.6404320987654321 0.0084985835694051 0.009259259259259259
0 0.509915014164306 0.44753086419753085 0.0056657223796034 0.006172839506172839
0 0.5481586402266289 0.3734567901234568 0.0708215297450425 0.08024691358024691
0 0.07507082152974505 0.35802469135802467 0.042492917847025496 0.06790123456790123
0 0.9617563739376771 0.42901234567901236 0.0764872521246459 0.21604938271604937
0 0.9320113314447592 0.32407407407407407 0.0113314447592068 0.006172839506172839
0 0.8002832861189801 0.41203703703703703 0.22946175637393768 0.20679012345679013
0 0.9773371104815864 0.2993827160493827 0.0453257790368272 0.018518518518518517
0 0.93342776203966 0.29475308641975306 0.019830028328611898 0.009259259259259259
0 0.8470254957507082 0.2916666666666667 0.12464589235127478 0.021604938271604937
0 0.6416430594900849 0.279320987654321 0.13314447592067988 0.021604938271604937
0 0.9858356940509915 0.26697530864197533 0.028328611898016998 0.015432098765432098
0 0.8257790368271954 0.25925925925925924 0.16147308781869688 0.024691358024691357
0 0.6444759206798867 0.24691358024691357 0.18413597733711048 0.024691358024691357
0 0.8739376770538244 0.2345679012345679 0.053824362606232294 0.006172839506172839
0 0.8257790368271954 0.22993827160493827 0.0084985835694051 0.0030864197530864196
0 0.6515580736543909 0.22067901234567902 0.1529745042492918 0.009259259259259259
0 0.9858356940509915 0.21450617283950618 0.028328611898016998 0.015432098765432098
0 0.9305949008498584 0.21141975308641975 0.014164305949008499 0.009259259259259259
0 0.8456090651558074 0.20833333333333334 0.1274787535410765 0.021604938271604937
0 0.6628895184135978 0.19444444444444445 0.22096317280453256 0.024691358024691357
0 0.9886685552407932 0.18209876543209877 0.0226628895184136 0.012345679012345678
0 0.8555240793201133 0.1743827160493827 0.10198300283286119 0.021604938271604937
0 0.6572237960339944 0.16512345679012347 0.19263456090651557 0.027777777777777776
0 0.9872521246458924 0.14660493827160495 0.025495750708215296 0.015432098765432098
0 0.8583569405099151 0.1404320987654321 0.0906515580736544 0.021604938271604937
0 0.6543909348441926 0.13117283950617284 0.13031161473087818 0.021604938271604937
0 0.9886685552407932 0.11265432098765432 0.0226628895184136 0.015432098765432098
0 0.7648725212464589 0.10339506172839506 0.039660056657223795 0.009259259259259259
0 0.7039660056657224 0.10030864197530864 0.06515580736543909 0.009259259259259259
0 0.6558073654390935 0.09722222222222222 0.0028328611898017 0.0030864197530864196
0 0.9405099150141643 0.07716049382716049 0.0056657223796034 0.012345679012345678
0 0.9858356940509915 0.06172839506172839 0.028328611898016998 0.06790123456790123
0 0.7606232294617564 0.05864197530864197 0.28611898016997167 0.11728395061728394
