0 0.5104438642297651 0.975095785440613 0.028720626631853787 0.04980842911877394
0 0.16057441253263707 0.9693486590038314 0.2689295039164491 0.06130268199233716
0 0.4699738903394256 0.9386973180076629 0.005221932114882507 0.007662835249042145
0 0.5013054830287206 0.9233716475095786 0.031331592689295036 0.03065134099616858
0 0.4856396866840731 0.896551724137931 0.010443864229765013 0.01532567049808429
0 0.587467362924282 0.9425287356321839 0.02610966057441253 0.11494252873563218
0 0.47127937336814624 0.9386973180076629 0.06005221932114883 0.10727969348659004
0 0.5574412532637075 0.9386973180076629 0.028720626631853787 0.12260536398467432
0 0.30156657963446476 0.8946360153256705 0.2793733681462141 0.210727969348659
0 0.283289817232376 0.6839080459770115 0.007832898172323759 0.0038314176245210726
0 0.007832898172323759 0.3793103448275862 0.015665796344647518 0.01532567049808429
0 0.006527415143603133 0.3563218390804598 0.013054830287206266 0.01532567049808429
0 0.21018276762402088 0.3218390804597701 0.1174934725848564 0.022988505747126436
0 0.007832898172323759 0.3275862068965517 0.015665796344647518 0.034482758620689655
0 0.009138381201044387 0.29693486590038315 0.018276762402088774 0.019157088122605363
0 0.006527415143603133 0.27586206896551724 0.013054830287206266 0.01532567049808429
0 0.8537859007832899 0.26436781609195403 0.005221932114882507 0.007662835249042145
0 0.835509138381201 0.2624521072796935 0.005221932114882507 0.0038314176245210726
0 0.8224543080939948 0.26436781609195403 0.010443864229765013 0.007662835249042145
0 0.8798955613577023 0.2624521072796935 0.02610966057441253 0.02681992337164751
0 0.9595300261096605 0.5613026819923371 0.08093994778067885 0.632183908045977
0 0.006527415143603133 0.2471264367816092 0.013054830287206266 0.02681992337164751
0 0.2898172323759791 0.19157088122605365 0.010443864229765013 0.01532567049808429
0 0.11488250652741515 0.21455938697318008 0.015665796344647518 0.06130268199233716
0 0.08485639686684072 0.21839080459770116 0.02349869451697128 0.06896551724137931
0 0.20887728459530025 0.14559386973180077 0.010443864229765013 0.01532567049808429
0 0.29112271540469975 0.14942528735632185 0.02349869451697128 0.038314176245210725
0 0.1671018276762402 0.1360153256704981 0.005221932114882507 0.011494252873563218
0 0.9569190600522193 0.1781609195402299 0.08616187989556136 0.12643678160919541
0 0.2297650130548303 0.1360153256704981 0.010443864229765013 0.0421455938697318
0 0.30156657963446476 0.11302681992337164 0.0026109660574412533 0.0038314176245210726
0 0.20887728459530025 0.1111111111111111 0.005221932114882507 0.022988505747126436
0 0.22845953002610966 0.07662835249042145 0.007832898172323759 0.022988505747126436
0 0.4621409921671018 0.4616858237547893 0.8720626631853786 0.8390804597701149
0 0.2885117493472585 0.06896551724137931 0.02349869451697128 0.06896551724137931
0 0.2597911227154047 0.09386973180076628 0.013054830287206266 0.11877394636015326
0 0.22845953002610966 0.0421455938697318 0.007832898172323759 0.01532567049808429
0 0.16449086161879894 0.05555555555555555 0.005221932114882507 0.04980842911877394
0 0.5234986945169713 0.02490421455938697 0.013054830287206266 0.011494252873563218
0 0.07049608355091384 0.2260536398467433 0.1409921671018277 0.42911877394636017
0 0.5913838120104439 0.028735632183908046 0.02349869451697128 0.05747126436781609
0 0.5613577023498695 0.02681992337164751 0.015665796344647518 0.05363984674329502
0 0.48172323759791125 0.01532567049808429 0.07049608355091384 0.03065134099616858
0 0.3093994778067885 0.0210727969348659 0.2584856396866841 0.0421455938697318
