0 0.4788918205804749 0.9845559845559846 0.018469656992084433 0.03088803088803089
0 0.35883905013192613 0.9845559845559846 0.05804749340369393 0.03088803088803089
0 0.3021108179419525 0.9845559845559846 0.018469656992084433 0.03088803088803089
0 0.2598944591029024 0.9845559845559846 0.03430079155672823 0.03088803088803089
0 0.5158311345646438 0.9826254826254827 0.05013192612137203 0.03474903474903475
0 0.5 0.525096525096525 1.0 0.8185328185328186
0 0.5277044854881267 0.023166023166023165 0.047493403693931395 0.04633204633204633
0 0.5079155672823219 0.04633204633204633 0.0870712401055409 0.09266409266409266
0 0.3733509234828496 0.03667953667953668 0.03430079155672823 0.07335907335907337
0 0.32981530343007914 0.04054054054054054 0.021108179419525065 0.08108108108108109
0 0.32189973614775724 0.05019305019305019 0.25857519788918204 0.10038610038610038
