0 0.5396039603960396 0.9745454545454545 0.009900990099009901 0.014545454545454545
0 0.5272277227722773 0.9472727272727273 0.009900990099009901 0.01090909090909091
0 0.5012376237623762 0.9709090909090909 0.022277227722772276 0.05818181818181818
0 0.3886138613861386 0.9709090909090909 0.0297029702970297 0.05818181818181818
0 0.5433168316831684 0.9472727272727273 0.012376237623762377 0.01818181818181818
0 0.3378712871287129 0.9690909090909091 0.05198019801980198 0.06181818181818182
0 0.2747524752475248 0.9672727272727273 0.0297029702970297 0.06545454545454546
0 0.0012376237623762376 0.29454545454545455 0.0024752475247524753 0.007272727272727273
0 0.0024752475247524753 0.27636363636363637 0.0049504950495049506 0.007272727272727273
0 0.5 0.47454545454545455 1.0 0.84
0 0.5185643564356436 0.02181818181818182 0.017326732673267328 0.014545454545454545
0 0.5556930693069307 0.012727272727272728 0.022277227722772276 0.025454545454545455
0 0.5284653465346535 0.0036363636363636364 0.007425742574257425 0.007272727272727273
0 0.49257425742574257 0.01090909090909091 0.01485148514851485 0.02181818181818182
0 0.38613861386138615 0.0036363636363636364 0.009900990099009901 0.007272727272727273
0 0.34405940594059403 0.005454545454545455 0.01485148514851485 0.01090909090909091
0 0.29455445544554454 0.005454545454545455 0.01485148514851485 0.01090909090909091
