0 0.8623188405797102 0.9797843665768194 0.006211180124223602 0.013477088948787063
0 0.8540372670807453 0.9582210242587601 0.002070393374741201 0.0026954177897574125
0 0.006211180124223602 0.9730458221024259 0.012422360248447204 0.05390835579514825
0 0.84472049689441 0.9433962264150944 0.008281573498964804 0.01078167115902965
0 0.8850931677018633 0.9258760107816711 0.002070393374741201 0.0026954177897574125
0 0.2515527950310559 0.9474393530997305 0.41200828157349895 0.10512129380053908
0 0.6635610766045549 0.944743935309973 0.06418219461697723 0.1105121293800539
0 0.4979296066252588 0.9150943396226415 0.06418219461697723 0.0673854447439353
0 0.39337474120082816 0.8975741239892183 0.020703933747412008 0.0431266846361186
0 0.3530020703933747 0.8935309973045822 0.039337474120082816 0.04582210242587601
0 0.3105590062111801 0.8867924528301887 0.020703933747412008 0.0431266846361186
0 0.18530020703933747 0.7911051212938005 0.018633540372670808 0.008086253369272238
0 0.8892339544513458 0.8598382749326146 0.14699792960662525 0.15633423180592992
0 0.94824016563147 0.77088948787062 0.004140786749482402 0.005390835579514825
0 0.9544513457556936 0.7547169811320755 0.004140786749482402 0.005390835579514825
0 0.010351966873706004 0.738544474393531 0.020703933747412008 0.01078167115902965
0 0.9596273291925466 0.6954177897574124 0.002070393374741201 0.005390835579514825
0 0.984472049689441 0.7897574123989218 0.031055900621118012 0.20485175202156333
0 0.09627329192546584 0.6886792452830188 0.018633540372670808 0.008086253369272238
0 0.07142857142857142 0.6859838274932615 0.014492753623188406 0.008086253369272238
0 0.004140786749482402 0.683288409703504 0.008281573498964804 0.02425876010781671
0 0.984472049689441 0.6738544474393531 0.031055900621118012 0.016172506738544475
0 0.10869565217391304 0.6725067385444744 0.031055900621118012 0.02425876010781671
0 0.030020703933747412 0.6536388140161725 0.002070393374741201 0.0026954177897574125
0 0.09316770186335403 0.6482479784366577 0.004140786749482402 0.0026954177897574125
0 0.005175983436853002 0.6509433962264151 0.010351966873706004 0.008086253369272238
0 0.9834368530020704 0.6469002695417789 0.033126293995859216 0.0215633423180593
0 0.07763975155279502 0.6320754716981132 0.006211180124223602 0.0026954177897574125
0 0.9958592132505176 0.6185983827493261 0.008281573498964804 0.008086253369272238
0 0.5093167701863354 0.7911051212938005 0.38095238095238093 0.39622641509433965
0 0.6366459627329193 0.5754716981132075 0.002070393374741201 0.0026954177897574125
0 0.567287784679089 0.578167115902965 0.008281573498964804 0.008086253369272238
0 0.6149068322981367 0.5768194070080862 0.028985507246376812 0.0215633423180593
0 0.5797101449275363 0.5741239892183289 0.028985507246376812 0.0215633423180593
0 0.9906832298136646 0.5727762803234502 0.018633540372670808 0.04582210242587601
0 0.08902691511387163 0.6617250673854448 0.14906832298136646 0.261455525606469
0 0.7474120082815735 0.4797843665768194 0.004140786749482402 0.005390835579514825
0 0.5124223602484472 0.4582210242587601 0.006211180124223602 0.005390835579514825
0 0.7463768115942029 0.45148247978436656 0.002070393374741201 0.0026954177897574125
0 0.5403726708074534 0.4784366576819407 0.033126293995859216 0.0673854447439353
0 0.6873706004140787 0.444743935309973 0.004140786749482402 0.005390835579514825
0 0.515527950310559 0.44339622641509435 0.012422360248447204 0.008086253369272238
0 0.5227743271221532 0.431266846361186 0.006211180124223602 0.005390835579514825
0 0.2815734989648033 0.4326145552560647 0.012422360248447204 0.008086253369272238
0 0.4668737060041408 0.42318059299191374 0.006211180124223602 0.01078167115902965
0 0.5631469979296067 0.41778975741239893 0.008281573498964804 0.005390835579514825
0 0.5403726708074534 0.4002695417789757 0.008281573498964804 0.008086253369272238
0 0.2981366459627329 0.3921832884097035 0.004140786749482402 0.0026954177897574125
0 0.005175983436853002 0.3557951482479784 0.006211180124223602 0.005390835579514825
0 0.9824016563146998 0.3921832884097035 0.035196687370600416 0.3045822102425876
0 0.9824016563146998 0.13611859838274934 0.035196687370600416 0.013477088948787063
0 0.9720496894409938 0.10107816711590296 0.014492753623188406 0.008086253369272238
0 0.9720496894409938 0.07547169811320754 0.006211180124223602 0.005390835579514825
0 0.9813664596273292 0.09703504043126684 0.037267080745341616 0.05929919137466307
0 0.5062111801242236 0.0026954177897574125 0.018633540372670808 0.005390835579514825
0 0.5 0.2816711590296496 1.0 0.5633423180592992
