0 0.3807471264367816 0.9984375 0.008620689655172414 0.003125
0 0.7097701149425287 0.071875 0.005747126436781609 0.00625
0 0.7442528735632183 0.06875 0.011494252873563218 0.01875
0 0.5 0.4953125 1.0 0.871875
0 0.6752873563218391 0.0625 0.011494252873563218 0.0125
0 0.6379310344827587 0.0375 0.08620689655172414 0.075
0 0.492816091954023 0.0265625 0.031609195402298854 0.053125
0 0.4396551724137931 0.028125 0.05747126436781609 0.05625
0 0.3793103448275862 0.028125 0.04597701149425287 0.05625
0 0.3649425287356322 0.0046875 0.011494252873563218 0.009375
