0 0.375 0.9923371647509579 0.020833333333333332 0.01532567049808429
0 0.54296875 0.9904214559386973 0.013020833333333334 0.019157088122605363
0 0.5130208333333334 0.9846743295019157 0.010416666666666666 0.01532567049808429
0 0.4817708333333333 0.9885057471264368 0.015625 0.022988505747126436
0 0.3190104166666667 0.9885057471264368 0.044270833333333336 0.022988505747126436
0 0.2604166666666667 0.9885057471264368 0.026041666666666668 0.022988505747126436
0 0.5950520833333334 0.9865900383141762 0.0078125 0.02681992337164751
0 0.6302083333333334 0.9770114942528736 0.015625 0.04597701149425287
0 0.59765625 0.9559386973180076 0.0078125 0.011494252873563218
0 0.32421875 0.9636015325670498 0.2838541666666667 0.07279693486590039
0 0.9973958333333334 0.23946360153256704 0.005208333333333333 0.0038314176245210726
0 0.0078125 0.24329501915708812 0.015625 0.011494252873563218
0 0.9947916666666666 0.17049808429118773 0.010416666666666666 0.09578544061302682
0 0.4895833333333333 0.5 0.9791666666666666 0.8314176245210728
0 0.5182291666666666 0.0038314176245210726 0.020833333333333332 0.007662835249042145
0 0.4908854166666667 0.022988505747126436 0.0859375 0.04597701149425287
0 0.3463541666666667 0.009578544061302681 0.015625 0.019157088122605363
0 0.296875 0.007662835249042145 0.052083333333333336 0.01532567049808429
0 0.23307291666666666 0.005747126436781609 0.013020833333333334 0.011494252873563218
0 0.3815104166666667 0.038314176245210725 0.4609375 0.07662835249042145
