0 0.6912181303116147 0.9984567901234568 0.0056657223796034 0.0030864197530864196
0 0.6175637393767706 0.9969135802469136 0.0113314447592068 0.006172839506172839
0 0.45609065155807366 0.9969135802469136 0.0226628895184136 0.006172839506172839
0 0.660056657223796 0.9953703703703703 0.0339943342776204 0.009259259259259259
0 0.3937677053824363 0.9953703703703703 0.028328611898016998 0.009259259259259259
0 0.7252124645892352 0.06635802469135803 0.0113314447592068 0.015432098765432098
0 0.7606232294617564 0.05709876543209876 0.019830028328611898 0.033950617283950615
0 0.5 0.48919753086419754 1.0 0.904320987654321
0 0.7634560906515581 0.006172839506172839 0.0028328611898017 0.012345679012345678
0 0.6558073654390935 0.035493827160493825 0.08781869688385269 0.07098765432098765
0 0.5113314447592068 0.026234567901234566 0.031161473087818695 0.05246913580246913
0 0.45892351274787535 0.027777777777777776 0.056657223796033995 0.05555555555555555
0 0.39943342776203966 0.027777777777777776 0.0453257790368272 0.05555555555555555
0 0.38526912181303113 0.0030864197530864196 0.0113314447592068 0.006172839506172839
