0 0.562992125984252 0.9942307692307693 0.013123359580052493 0.011538461538461539
0 0.5170603674540682 0.9942307692307693 0.015748031496062992 0.011538461538461539
0 0.47112860892388453 0.9942307692307693 0.01837270341207349 0.011538461538461539
0 0.7401574803149606 0.9923076923076923 0.010498687664041995 0.015384615384615385
0 0.6745406824146981 0.9923076923076923 0.015748031496062992 0.015384615384615385
0 0.7060367454068242 0.9865384615384616 0.010498687664041995 0.011538461538461539
0 0.7217847769028871 0.9884615384615385 0.015748031496062992 0.023076923076923078
0 0.01706036745406824 0.8942307692307693 0.03412073490813648 0.011538461538461539
0 0.9973753280839895 0.6423076923076924 0.005249343832020997 0.007692307692307693
0 0.9960629921259843 0.3038461538461538 0.007874015748031496 0.007692307692307693
0 0.027559055118110236 0.5230769230769231 0.05511811023622047 0.7230769230769231
0 0.536745406824147 0.5230769230769231 0.916010498687664 0.7769230769230769
0 0.7926509186351706 0.1076923076923077 0.02099737532808399 0.023076923076923078
0 0.7414698162729659 0.10192307692307692 0.04461942257217848 0.026923076923076925
0 0.7782152230971129 0.07692307692307693 0.023622047244094488 0.023076923076923078
0 0.7519685039370079 0.07115384615384615 0.01837270341207349 0.026923076923076925
0 0.800524934383202 0.046153846153846156 0.005249343832020997 0.007692307692307693
0 0.615485564304462 0.05384615384615385 0.028871391076115485 0.07692307692307693
0 0.7270341207349081 0.046153846153846156 0.02099737532808399 0.06923076923076923
0 0.7729658792650919 0.032692307692307694 0.04461942257217848 0.05
0 0.5275590551181102 0.05 0.09448818897637795 0.08461538461538462
0 0.847769028871391 0.07115384615384615 0.05249343832020997 0.1423076923076923
0 0.5669291338582677 0.06538461538461539 0.27296587926509186 0.13076923076923078
