0 0.49770642201834864 0.9946332737030411 0.022935779816513763 0.01073345259391771
0 0.6077981651376146 0.9937388193202147 0.009174311926605505 0.012522361359570662
0 0.44954128440366975 0.9937388193202147 0.009174311926605505 0.012522361359570662
0 0.38646788990825687 0.9937388193202147 0.034403669724770644 0.012522361359570662
0 0.7477064220183486 0.9901610017889088 0.013761467889908258 0.01967799642218247
0 0.33371559633027525 0.9901610017889088 0.02981651376146789 0.01967799642218247
0 0.5561926605504587 0.9892665474060823 0.052752293577981654 0.02146690518783542
0 0.7282110091743119 0.9704830053667263 0.04357798165137615 0.008944543828264758
0 0.45298165137614677 0.9704830053667263 0.26376146788990823 0.008944543828264758
0 0.125 0.8819320214669052 0.006880733944954129 0.0035778175313059034
0 0.1926605504587156 0.8059033989266547 0.009174311926605505 0.0017889087656529517
0 0.16857798165137614 0.8050089445438283 0.016055045871559634 0.007155635062611807
0 0.13073394495412843 0.8050089445438283 0.022935779816513763 0.01073345259391771
0 0.2408256880733945 0.8023255813953488 0.01834862385321101 0.016100178890876567
0 0.15940366972477063 0.7862254025044723 0.0022935779816513763 0.0017889087656529517
0 0.09747706422018348 0.7871198568872988 0.011467889908256881 0.0035778175313059034
0 0.24885321100917432 0.7862254025044723 0.006880733944954129 0.005366726296958855
0 0.1353211009174312 0.7871198568872988 0.01834862385321101 0.007155635062611807
0 0.12729357798165136 0.776386404293381 0.020642201834862386 0.0035778175313059034
0 0.09288990825688073 0.776386404293381 0.011467889908256881 0.0035778175313059034
0 0.25 0.774597495527728 0.009174311926605505 0.007155635062611807
0 0.1915137614678899 0.7647584973166368 0.011467889908256881 0.005366726296958855
0 0.08944954128440367 0.7647584973166368 0.013761467889908258 0.005366726296958855
0 0.24770642201834864 0.7647584973166368 0.01834862385321101 0.008944543828264758
0 0.16169724770642202 0.7227191413237924 0.011467889908256881 0.0035778175313059034
0 0.16857798165137614 0.7128801431127012 0.006880733944954129 0.0017889087656529517
0 0.17087155963302753 0.7012522361359571 0.006880733944954129 0.0035778175313059034
0 0.14220183486238533 0.6994633273703041 0.03669724770642202 0.007155635062611807
0 0.14678899082568808 0.6905187835420393 0.03211009174311927 0.007155635062611807
0 0.1651376146788991 0.6341681574239714 0.0045871559633027525 0.0017889087656529517
0 0.24426605504587157 0.6189624329159212 0.006880733944954129 0.01073345259391771
0 0.5011467889908257 0.7576028622540251 0.9977064220183486 0.3667262969588551
0 0.5 0.4203935599284436 1.0 0.7441860465116279
0 0.12958715596330275 0.01967799642218247 0.0022935779816513763 0.0035778175313059034
0 0.9529816513761468 0.007155635062611807 0.09403669724770643 0.014311270125223614
0 0.03211009174311927 0.0026833631484794273 0.06422018348623854 0.005366726296958855
