0 0.4493927125506073 0.9988344988344988 0.004048582995951417 0.002331002331002331
0 0.5303643724696356 0.9965034965034965 0.008097165991902834 0.006993006993006993
0 0.4908906882591093 0.9965034965034965 0.022267206477732792 0.006993006993006993
0 0.6133603238866396 0.9953379953379954 0.008097165991902834 0.009324009324009324
0 0.6295546558704453 0.9883449883449883 0.012145748987854251 0.009324009324009324
0 0.038461538461538464 0.8717948717948718 0.03643724696356275 0.009324009324009324
0 0.06376518218623482 0.8648018648018648 0.09109311740890688 0.07459207459207459
0 0.04554655870445344 0.831002331002331 0.022267206477732792 0.006993006993006993
0 0.0465587044534413 0.803030303030303 0.016194331983805668 0.006993006993006993
0 0.039473684210526314 0.7855477855477856 0.030364372469635626 0.018648018648018648
0 0.08299595141700405 0.7972027972027972 0.04048582995951417 0.046620046620046623
0 0.354251012145749 0.754079254079254 0.004048582995951417 0.002331002331002331
0 0.3006072874493927 0.752913752913753 0.006072874493927126 0.004662004662004662
0 0.3248987854251012 0.752913752913753 0.03441295546558704 0.009324009324009324
0 0.2216599190283401 0.7494172494172494 0.010121457489878543 0.011655011655011656
0 0.395748987854251 0.7400932400932401 0.010121457489878543 0.006993006993006993
0 0.37955465587044535 0.7389277389277389 0.006072874493927126 0.004662004662004662
0 0.3623481781376518 0.7400932400932401 0.008097165991902834 0.006993006993006993
0 0.34615384615384615 0.7377622377622378 0.008097165991902834 0.002331002331002331
0 0.3805668016194332 0.7261072261072261 0.004048582995951417 0.006993006993006993
0 0.3582995951417004 0.7249417249417249 0.004048582995951417 0.004662004662004662
0 0.22773279352226722 0.7261072261072261 0.010121457489878543 0.006993006993006993
0 0.18724696356275303 0.7261072261072261 0.006072874493927126 0.006993006993006993
0 0.21356275303643724 0.7202797202797203 0.0020242914979757085 0.004662004662004662
0 0.305668016194332 0.7086247086247086 0.008097165991902834 0.009324009324009324
0 0.32186234817813764 0.7074592074592074 0.008097165991902834 0.011655011655011656
0 0.23178137651821862 0.6853146853146853 0.030364372469635626 0.03263403263403263
0 0.8734817813765182 0.46503496503496505 0.0020242914979757085 0.002331002331002331
0 0.8856275303643725 0.4370629370629371 0.010121457489878543 0.006993006993006993
0 0.832995951417004 0.4020979020979021 0.0020242914979757085 0.002331002331002331
0 0.8208502024291497 0.4020979020979021 0.0020242914979757085 0.002331002331002331
0 0.8896761133603239 0.40093240093240096 0.006072874493927126 0.004662004662004662
0 0.8461538461538461 0.4020979020979021 0.016194331983805668 0.006993006993006993
0 0.8755060728744939 0.4020979020979021 0.01417004048582996 0.011655011655011656
0 0.7945344129554656 0.3787878787878788 0.09109311740890688 0.030303030303030304
0 0.7844129554655871 0.3531468531468531 0.006072874493927126 0.006993006993006993
0 0.5030364372469636 0.4766899766899767 0.9939271255060729 0.9207459207459208
