0 0.6646017699115044 0.9377470355731226 0.012389380530973451 0.005928853754940711
0 0.45309734513274336 0.9179841897233202 0.0035398230088495575 0.005928853754940711
0 0.2575221238938053 0.9041501976284585 0.005309734513274336 0.005928853754940711
0 0.2867256637168142 0.8992094861660079 0.010619469026548672 0.007905138339920948
0 0.2734513274336283 0.900197628458498 0.005309734513274336 0.01383399209486166
0 0.44424778761061945 0.8814229249011858 0.007079646017699115 0.007905138339920948
0 0.2575221238938053 0.8745059288537549 0.0017699115044247787 0.001976284584980237
0 0.2752212389380531 0.8695652173913043 0.0017699115044247787 0.003952569169960474
0 0.2672566371681416 0.8646245059288538 0.0035398230088495575 0.001976284584980237
0 0.25398230088495577 0.8547430830039525 0.0017699115044247787 0.001976284584980237
0 0.9106194690265487 0.7796442687747036 0.02654867256637168 0.01383399209486166
0 0.9699115044247788 0.782608695652174 0.021238938053097345 0.05533596837944664
0 0.5398230088495575 0.49604743083003955 0.17345132743362832 0.18181818181818182
0 0.5 0.6729249011857708 1.0 0.6541501976284585
0 0.3088495575221239 0.2490118577075099 0.09026548672566372 0.007905138339920948
0 0.1424778761061947 0.2845849802371542 0.23893805309734514 0.11857707509881422
0 0.5 0.36264822134387353 1.0 0.6383399209486166
0 0.5707964601769911 0.041501976284584984 0.02654867256637168 0.02766798418972332
0 0.4690265486725664 0.036561264822134384 0.01415929203539823 0.025691699604743084
0 0.4336283185840708 0.03557312252964427 0.03185840707964602 0.02766798418972332
0 0.39823008849557523 0.03557312252964427 0.01415929203539823 0.02766798418972332
0 0.5415929203539823 0.037549407114624504 0.017699115044247787 0.03557312252964427
0 0.5530973451327433 0.020750988142292492 0.008849557522123894 0.005928853754940711
