0 0.5433467741935484 0.9931972789115646 0.006048387096774193 0.013605442176870748
0 0.5100806451612904 0.9795918367346939 0.056451612903225805 0.04081632653061224
0 0.36794354838709675 0.9761904761904762 0.046370967741935484 0.047619047619047616
0 0.31955645161290325 0.9761904761904762 0.02620967741935484 0.047619047619047616
0 0.4334677419354839 0.9540816326530612 0.3346774193548387 0.09183673469387756
0 0.8689516129032258 0.826530612244898 0.004032258064516129 0.006802721088435374
0 0.9929435483870968 0.7976190476190477 0.014112903225806451 0.1870748299319728
0 0.6058467741935484 0.685374149659864 0.0020161290322580645 0.003401360544217687
0 0.01310483870967742 0.6581632653061225 0.0020161290322580645 0.003401360544217687
0 0.5997983870967742 0.5187074829931972 0.0020161290322580645 0.003401360544217687
0 0.5433467741935484 0.4897959183673469 0.06653225806451613 0.05442176870748299
0 0.6129032258064516 0.467687074829932 0.020161290322580645 0.030612244897959183
0 0.4879032258064516 0.4557823129251701 0.008064516129032258 0.013605442176870748
0 0.5504032258064516 0.4557823129251701 0.016129032258064516 0.02040816326530612
0 0.5725806451612904 0.4370748299319728 0.024193548387096774 0.03741496598639456
0 0.49899193548387094 0.4200680272108844 0.010080645161290322 0.01020408163265306
0 0.5504032258064516 0.42517006802721086 0.016129032258064516 0.034013605442176874
0 0.5282258064516129 0.4064625850340136 0.020161290322580645 0.030612244897959183
0 0.9899193548387096 0.37244897959183676 0.020161290322580645 0.6428571428571429
0 0.4899193548387097 0.4642857142857143 0.9798387096774194 0.8673469387755102
0 0.5050403225806451 0.025510204081632654 0.014112903225806451 0.030612244897959183
0 0.4727822580645161 0.02040816326530612 0.05443548387096774 0.04081632653061224
0 0.3709677419354839 0.01020408163265306 0.012096774193548387 0.02040816326530612
0 0.34576612903225806 0.01020408163265306 0.014112903225806451 0.02040816326530612
0 0.3165322580645161 0.008503401360544218 0.012096774193548387 0.017006802721088437
0 0.2913306451612903 0.006802721088435374 0.010080645161290322 0.013605442176870748
