0 0.5590361445783133 0.9787985865724381 0.004819277108433735 0.007067137809187279
0 0.5349397590361445 0.9876325088339223 0.02891566265060241 0.024734982332155476
0 0.3433734939759036 0.9876325088339223 0.02650602409638554 0.024734982332155476
0 0.5132530120481927 0.9575971731448764 0.004819277108433735 0.007067137809187279
0 0.4843373493975904 0.9770318021201413 0.014457831325301205 0.045936395759717315
0 0.3783132530120482 0.9734982332155477 0.02891566265060241 0.053003533568904596
0 0.3228915662650602 0.9699646643109541 0.05783132530120482 0.06007067137809187
0 0.26024096385542167 0.9681978798586572 0.02891566265060241 0.0636042402826855
0 0.6072289156626506 0.9628975265017667 0.05301204819277108 0.07420494699646643
0 0.327710843373494 0.9434628975265018 0.2746987951807229 0.11307420494699646
0 0.927710843373494 0.8356890459363958 0.00963855421686747 0.0176678445229682
0 0.9265060240963855 0.8109540636042403 0.007228915662650603 0.01060070671378092
0 0.5060240963855421 0.8109540636042403 0.014457831325301205 0.01060070671378092
0 0.04939759036144578 0.8074204946996466 0.02650602409638554 0.0176678445229682
0 0.9240963855421687 0.726148409893993 0.012048192771084338 0.01060070671378092
0 0.8879518072289156 0.6837455830388692 0.0024096385542168677 0.0035335689045936395
0 0.7951807228915663 0.6236749116607774 0.004819277108433735 0.0035335689045936395
0 0.9771084337349397 0.7120141342756183 0.04578313253012048 0.3568904593639576
0 0.980722891566265 0.4787985865724382 0.03855421686746988 0.10247349823321555
0 0.6686746987951807 0.49646643109540634 0.11325301204819277 0.14487632508833923
0 0.9939759036144579 0.392226148409894 0.012048192771084338 0.007067137809187279
0 0.708433734939759 0.4028268551236749 0.03855421686746988 0.028268551236749116
0 0.9867469879518073 0.35335689045936397 0.02650602409638554 0.007067137809187279
0 0.9867469879518073 0.31448763250883394 0.02650602409638554 0.007067137809187279
0 0.9855421686746988 0.2756183745583039 0.02891566265060241 0.014134275618374558
0 0.9819277108433735 0.23851590106007067 0.03614457831325301 0.0176678445229682
0 0.983132530120482 0.20318021201413428 0.033734939759036145 0.0176678445229682
0 0.983132530120482 0.16607773851590105 0.033734939759036145 0.014134275618374558
0 0.980722891566265 0.13074204946996468 0.03855421686746988 0.04240282685512368
0 0.4891566265060241 0.4734982332155477 0.9012048192771084 0.8480565371024735
0 0.5385542168674698 0.0017667844522968198 0.0024096385542168677 0.0035335689045936395
0 0.4963855421686747 0.0035335689045936395 0.01927710843373494 0.007067137809187279
