0 0.46392785571142287 0.9915824915824916 0.050100200400801605 0.016835016835016835
0 0.32665330661322645 0.98989898989899 0.04008016032064128 0.020202020202020204
0 0.27955911823647295 0.98989898989899 0.022044088176352707 0.020202020202020204
0 0.3927855711422846 0.968013468013468 0.3246492985971944 0.06397306397306397
0 0.8296593186372746 0.4511784511784512 0.02004008016032064 0.06060606060606061
0 0.8186372745490982 0.31986531986531985 0.03006012024048096 0.10774410774410774
0 0.8597194388777555 0.26936026936026936 0.02004008016032064 0.05387205387205387
0 0.966933867735471 0.49158249158249157 0.06613226452905811 0.8484848484848485
0 0.46693386773547096 0.4882154882154882 0.9338677354709419 0.8754208754208754
0 0.4729458917835671 0.030303030303030304 0.01603206412825651 0.03367003367003367
0 0.44288577154308617 0.021885521885521887 0.056112224448897796 0.04377104377104377
0 0.342685370741483 0.013468013468013467 0.012024048096192385 0.026936026936026935
0 0.31763527054108215 0.013468013468013467 0.014028056112224449 0.026936026936026935
0 0.29158316633266534 0.011784511784511785 0.014028056112224449 0.02356902356902357
0 0.2665330661322645 0.010101010101010102 0.012024048096192385 0.020202020202020204
