0 0.610337972166998 0.9793577981651376 0.07952286282306163 0.0045871559633027525
0 0.562624254473161 0.9793577981651376 0.007952286282306162 0.0045871559633027525
0 0.10238568588469185 0.944954128440367 0.04572564612326044 0.0045871559633027525
0 0.29025844930417494 0.9174311926605505 0.007952286282306162 0.0045871559633027525
0 0.09940357852882704 0.9185779816513762 0.027833001988071572 0.006880733944954129
0 0.2962226640159046 0.9048165137614679 0.007952286282306162 0.006880733944954129
0 0.30119284294234594 0.8944954128440367 0.013916500994035786 0.009174311926605505
0 0.10437375745526839 0.8922018348623854 0.02584493041749503 0.009174311926605505
0 0.3697813121272366 0.8669724770642202 0.011928429423459244 0.0045871559633027525
0 0.5834990059642147 0.8646788990825688 0.013916500994035786 0.0045871559633027525
0 0.3081510934393638 0.8669724770642202 0.027833001988071572 0.009174311926605505
0 0.11332007952286283 0.8658256880733946 0.027833001988071572 0.011467889908256881
0 0.882703777335984 0.8577981651376146 0.011928429423459244 0.0045871559633027525
0 0.8300198807157058 0.8589449541284404 0.073558648111332 0.006880733944954129
0 0.3717693836978131 0.8394495412844036 0.003976143141153081 0.0045871559633027525
0 0.5904572564612326 0.8360091743119266 0.003976143141153081 0.0022935779816513763
0 0.13618290258449303 0.8371559633027523 0.009940357852882704 0.0045871559633027525
0 0.9095427435387674 0.8291284403669725 0.005964214711729622 0.0022935779816513763
0 0.9015904572564613 0.8291284403669725 0.0019880715705765406 0.0022935779816513763
0 0.9244532803180915 0.8279816513761468 0.003976143141153081 0.0045871559633027525
0 0.9493041749502982 0.7993119266055045 0.005964214711729622 0.0022935779816513763
0 0.9314115308151093 0.7993119266055045 0.005964214711729622 0.0022935779816513763
0 0.3866799204771372 0.7809633027522935 0.033797216699801194 0.006880733944954129
0 0.09045725646123261 0.7706422018348624 0.02186878727634195 0.009174311926605505
0 0.3379721669980119 0.7637614678899083 0.003976143141153081 0.0045871559633027525
0 0.1709741550695825 0.6364678899082569 0.04771371769383698 0.011467889908256881
0 0.04771371769383698 0.6307339449541285 0.003976143141153081 0.0045871559633027525
0 0.0019880715705765406 0.6032110091743119 0.003976143141153081 0.01834862385321101
0 0.9900596421471173 0.6353211009174312 0.019880715705765408 0.25688073394495414
0 0.12624254473161034 0.5068807339449541 0.02584493041749503 0.0045871559633027525
0 0.10238568588469185 0.5057339449541285 0.005964214711729622 0.0022935779816513763
0 0.09045725646123261 0.5068807339449541 0.009940357852882704 0.0045871559633027525
0 0.07157057654075547 0.5057339449541285 0.003976143141153081 0.0022935779816513763
0 0.14612326043737575 0.5057339449541285 0.009940357852882704 0.006880733944954129
0 0.41749502982107356 0.5022935779816514 0.003976143141153081 0.0045871559633027525
0 0.5248508946322068 0.4988532110091743 0.019880715705765408 0.011467889908256881
0 0.147117296222664 0.49426605504587157 0.007952286282306162 0.0022935779816513763
0 0.12823061630218688 0.49311926605504586 0.02584493041749503 0.0045871559633027525
0 0.09145129224652088 0.49311926605504586 0.027833001988071572 0.0045871559633027525
0 0.04970178926441352 0.49311926605504586 0.019880715705765408 0.0045871559633027525
0 0.4125248508946322 0.48853211009174313 0.017892644135188866 0.0045871559633027525
0 0.38767395626242546 0.48853211009174313 0.007952286282306162 0.0045871559633027525
0 0.9960238568588469 0.4896788990825688 0.007952286282306162 0.011467889908256881
0 0.4860834990059642 0.4873853211009174 0.02186878727634195 0.006880733944954129
0 0.5427435387673957 0.48509174311926606 0.07157057654075547 0.011467889908256881
0 0.07654075546719682 0.4793577981651376 0.013916500994035786 0.0045871559633027525
0 0.9980119284294234 0.47591743119266056 0.003976143141153081 0.0022935779816513763
0 0.3101391650099404 0.47591743119266056 0.003976143141153081 0.0022935779816513763
0 0.2982107355864811 0.47591743119266056 0.011928429423459244 0.0022935779816513763
0 0.09343936381709742 0.47706422018348627 0.007952286282306162 0.0045871559633027525
0 0.34493041749502984 0.4736238532110092 0.009940357852882704 0.0022935779816513763
0 0.48111332007952284 0.4724770642201835 0.007952286282306162 0.0045871559633027525
0 0.37475149105367794 0.4736238532110092 0.041749502982107355 0.006880733944954129
0 0.41749502982107356 0.4724770642201835 0.03180914512922465 0.009174311926605505
0 0.562624254473161 0.4690366972477064 0.03578528827037773 0.006880733944954129
0 0.5139165009940357 0.4701834862385321 0.041749502982107355 0.013761467889908258
0 0.36182902584493043 0.463302752293578 0.055666003976143144 0.0045871559633027525
0 0.32007952286282304 0.463302752293578 0.007952286282306162 0.0045871559633027525
0 0.28926441351888665 0.463302752293578 0.041749502982107355 0.0045871559633027525
0 0.1481113320079523 0.4690366972477064 0.220675944333996 0.016055045871559634
0 0.4125248508946322 0.46215596330275227 0.013916500994035786 0.006880733944954129
0 0.9960238568588469 0.463302752293578 0.007952286282306162 0.013761467889908258
0 0.48807157057654077 0.6536697247706422 0.9761431411530815 0.3944954128440367
0 0.7395626242544732 0.4461009174311927 0.007952286282306162 0.0022935779816513763
0 0.7087475149105368 0.4461009174311927 0.02584493041749503 0.0022935779816513763
0 0.525844930417495 0.44724770642201833 0.005964214711729622 0.0045871559633027525
0 0.22266401590457258 0.4506880733944954 0.3101391650099404 0.011467889908256881
0 0.6481113320079522 0.4461009174311927 0.07952286282306163 0.006880733944954129
0 0.904572564612326 0.44380733944954126 0.1272365805168986 0.006880733944954129
0 0.415506958250497 0.43004587155963303 0.011928429423459244 0.006880733944954129
0 0.28727634194831014 0.43004587155963303 0.20874751491053678 0.011467889908256881
0 0.3687872763419483 0.41857798165137616 0.013916500994035786 0.0022935779816513763
0 0.3548707753479125 0.41857798165137616 0.0019880715705765406 0.0022935779816513763
0 0.3429423459244533 0.41857798165137616 0.005964214711729622 0.0022935779816513763
0 0.19383697813121273 0.4197247706422018 0.017892644135188866 0.0045871559633027525
0 0.17594433399602386 0.4197247706422018 0.009940357852882704 0.0045871559633027525
0 0.10437375745526839 0.41857798165137616 0.0019880715705765406 0.0022935779816513763
0 0.9960238568588469 0.4208715596330275 0.007952286282306162 0.011467889908256881
0 0.5705765407554672 0.4231651376146789 0.027833001988071572 0.016055045871559634
0 0.41451292246520877 0.41743119266055045 0.009940357852882704 0.0045871559633027525
0 0.11530815109343936 0.4243119266055046 0.1272365805168986 0.01834862385321101
0 0.07455268389662027 0.41857798165137616 0.009940357852882704 0.006880733944954129
0 0.9652087475149106 0.4105504587155963 0.0019880715705765406 0.0045871559633027525
0 0.47912524850894633 0.4048165137614679 0.007952286282306162 0.006880733944954129
0 0.4085487077534791 0.4048165137614679 0.02584493041749503 0.006880733944954129
0 0.08449304174950298 0.4048165137614679 0.02584493041749503 0.006880733944954129
0 0.5616302186878728 0.4036697247706422 0.041749502982107355 0.009174311926605505
0 0.9970178926441352 0.3956422018348624 0.005964214711729622 0.011467889908256881
0 0.5695825049701789 0.39105504587155965 0.0019880715705765406 0.0022935779816513763
0 0.37773359840954274 0.39105504587155965 0.003976143141153081 0.0022935779816513763
0 0.220675944333996 0.39105504587155965 0.007952286282306162 0.0022935779816513763
0 0.40656063618290256 0.39105504587155965 0.02186878727634195 0.006880733944954129
0 0.36083499005964215 0.38990825688073394 0.013916500994035786 0.0045871559633027525
0 0.32703777335984097 0.38990825688073394 0.041749502982107355 0.0045871559633027525
0 0.2952286282306163 0.38990825688073394 0.009940357852882704 0.0045871559633027525
0 0.2524850894632207 0.38990825688073394 0.019880715705765408 0.0045871559633027525
0 0.23658051689860835 0.38990825688073394 0.007952286282306162 0.0045871559633027525
0 0.09145129224652088 0.38990825688073394 0.007952286282306162 0.0045871559633027525
0 0.5129224652087475 0.4105504587155963 0.0636182902584493 0.05045871559633028
0 0.16500994035785288 0.38990825688073394 0.09940357852882704 0.009174311926605505
0 0.9990059642147118 0.38188073394495414 0.0019880715705765406 0.0022935779816513763
0 0.49304174950298213 0.37729357798165136 0.003976143141153081 0.0022935779816513763
0 0.39363817097415504 0.37729357798165136 0.003976143141153081 0.0022935779816513763
0 0.06759443339960239 0.37729357798165136 0.003976143141153081 0.0022935779816513763
0 0.5675944333996024 0.375 0.02982107355864811 0.006880733944954129
0 0.4125248508946322 0.37729357798165136 0.02584493041749503 0.011467889908256881
0 0.5188866799204771 0.3761467889908257 0.03180914512922465 0.013761467889908258
0 0.9980119284294234 0.3669724770642202 0.003976143141153081 0.009174311926605505
0 0.3359840954274354 0.3623853211009174 0.027833001988071572 0.0045871559633027525
0 0.09244532803180915 0.3623853211009174 0.017892644135188866 0.0045871559633027525
0 0.5725646123260437 0.36009174311926606 0.015904572564612324 0.0045871559633027525
0 0.5536779324055666 0.36009174311926606 0.013916500994035786 0.0045871559633027525
0 0.49502982107355864 0.36123853211009177 0.02385685884691849 0.006880733944954129
0 0.4085487077534791 0.36123853211009177 0.02186878727634195 0.006880733944954129
0 0.21272365805168986 0.3704128440366973 0.2783300198807157 0.02522935779816514
0 0.5238568588469185 0.36009174311926606 0.017892644135188866 0.009174311926605505
0 0.5656063618290258 0.3451834862385321 0.02982107355864811 0.006880733944954129
0 0.23161033797216699 0.3474770642201835 0.2286282306163022 0.011467889908256881
0 0.9990059642147118 0.3394495412844037 0.0019880715705765406 0.0045871559633027525
0 0.07952286282306163 0.3360091743119266 0.003976143141153081 0.0022935779816513763
0 0.426441351888668 0.34059633027522934 0.13717693836978131 0.02522935779816514
0 0.9990059642147118 0.32454128440366975 0.0019880715705765406 0.006880733944954129
0 0.9970178926441352 0.2763761467889908 0.005964214711729622 0.08027522935779817
0 0.49403578528827036 0.25573394495412843 0.9880715705765407 0.3555045871559633
0 0.39363817097415504 0.01834862385321101 0.003976143141153081 0.009174311926605505
0 0.3648111332007952 0.01261467889908257 0.0019880715705765406 0.011467889908256881
