0 0.601980198019802 0.9991319444444444 0.0039603960396039604 0.001736111111111111
0 0.5594059405940595 0.9982638888888888 0.005940594059405941 0.003472222222222222
0 0.4485148514851485 0.9921875 0.19207920792079208 0.015625
0 0.6316831683168317 0.9913194444444444 0.007920792079207921 0.017361111111111112
0 0.6554455445544555 0.9904513888888888 0.011881188118811881 0.019097222222222224
0 0.9930693069306931 0.9114583333333334 0.013861386138613862 0.09375
0 0.996039603960396 0.8090277777777778 0.007920792079207921 0.09375
0 0.0019801980198019802 0.6571180555555556 0.0039603960396039604 0.005208333333333333
0 0.999009900990099 0.6015625 0.0019801980198019802 0.001736111111111111
0 0.06534653465346535 0.3541666666666667 0.07128712871287128 0.003472222222222222
0 0.01485148514851485 0.3541666666666667 0.009900990099009901 0.003472222222222222
0 0.053465346534653464 0.3428819444444444 0.007920792079207921 0.001736111111111111
0 0.016831683168316833 0.34375 0.033663366336633666 0.003472222222222222
0 0.5 0.4913194444444444 1.0 0.3159722222222222
0 0.06831683168316832 0.3324652777777778 0.0019801980198019802 0.001736111111111111
0 0.3821782178217822 0.3237847222222222 0.0039603960396039604 0.001736111111111111
0 0.04554455445544554 0.3237847222222222 0.007920792079207921 0.001736111111111111
0 0.032673267326732675 0.3237847222222222 0.009900990099009901 0.001736111111111111
0 0.02178217821782178 0.3237847222222222 0.0039603960396039604 0.001736111111111111
0 0.00891089108910891 0.3246527777777778 0.01782178217821782 0.003472222222222222
0 0.11386138613861387 0.3220486111111111 0.0019801980198019802 0.001736111111111111
0 0.10198019801980197 0.3220486111111111 0.009900990099009901 0.001736111111111111
0 0.07722772277227723 0.3229166666666667 0.011881188118811881 0.003472222222222222
0 0.29306930693069305 0.3168402777777778 0.027722772277227723 0.001736111111111111
0 0.2722772277227723 0.3168402777777778 0.005940594059405941 0.001736111111111111
0 0.3465346534653465 0.3151041666666667 0.0039603960396039604 0.001736111111111111
0 0.3217821782178218 0.3159722222222222 0.013861386138613862 0.003472222222222222
0 0.7445544554455445 0.3012152777777778 0.031683168316831684 0.001736111111111111
0 0.05742574257425743 0.2890625 0.011881188118811881 0.001736111111111111
0 0.041584158415841586 0.2890625 0.007920792079207921 0.001736111111111111
0 0.013861386138613862 0.2899305555555556 0.027722772277227723 0.003472222222222222
0 0.7445544554455445 0.2821180555555556 0.007920792079207921 0.001736111111111111
0 0.7702970297029703 0.28125 0.023762376237623763 0.003472222222222222
0 0.07623762376237624 0.2786458333333333 0.013861386138613862 0.001736111111111111
0 0.2514851485148515 0.2734375 0.019801980198019802 0.001736111111111111
0 0.22673267326732674 0.2734375 0.0019801980198019802 0.001736111111111111
0 0.1485148514851485 0.2760416666666667 0.12277227722772277 0.006944444444444444
0 0.3227722772277228 0.2717013888888889 0.007920792079207921 0.001736111111111111
0 0.30297029702970296 0.2717013888888889 0.007920792079207921 0.001736111111111111
0 0.2851485148514851 0.2717013888888889 0.011881188118811881 0.001736111111111111
0 0.3613861386138614 0.2690972222222222 0.013861386138613862 0.003472222222222222
0 0.5326732673267327 0.2621527777777778 0.32475247524752476 0.013888888888888888
0 0.14356435643564355 0.2552083333333333 0.005940594059405941 0.003472222222222222
0 0.4207920792079208 0.24739583333333334 0.005940594059405941 0.001736111111111111
0 0.4069306930693069 0.24739583333333334 0.0019801980198019802 0.001736111111111111
0 0.45841584158415843 0.2456597222222222 0.005940594059405941 0.001736111111111111
0 0.4396039603960396 0.2456597222222222 0.0039603960396039604 0.001736111111111111
0 0.4277227722772277 0.2456597222222222 0.0039603960396039604 0.001736111111111111
0 0.5069306930693069 0.2439236111111111 0.07920792079207921 0.005208333333333333
0 0.6227722772277228 0.23958333333333334 0.12475247524752475 0.006944444444444444
0 0.7128712871287128 0.23524305555555555 0.0039603960396039604 0.001736111111111111
0 0.12178217821782178 0.23524305555555555 0.0019801980198019802 0.001736111111111111
0 0.11188118811881188 0.23524305555555555 0.005940594059405941 0.001736111111111111
0 0.7772277227722773 0.23350694444444445 0.005940594059405941 0.001736111111111111
0 0.7643564356435644 0.23350694444444445 0.0039603960396039604 0.001736111111111111
0 0.14752475247524752 0.234375 0.01782178217821782 0.003472222222222222
0 0.19603960396039605 0.23177083333333334 0.0039603960396039604 0.001736111111111111
0 0.42178217821782177 0.22569444444444445 0.08316831683168317 0.006944444444444444
0 0.600990099009901 0.21961805555555555 0.26732673267326734 0.012152777777777778
0 0.7772277227722773 0.2126736111111111 0.005940594059405941 0.001736111111111111
0 0.7435643564356436 0.21354166666666666 0.009900990099009901 0.003472222222222222
0 0.8465346534653465 0.2092013888888889 0.0019801980198019802 0.001736111111111111
0 0.4297029702970297 0.2013888888888889 0.8435643564356435 0.034722222222222224
0 0.4415841584158416 0.1111111111111111 0.8712871287128713 0.19444444444444445
0 0.41287128712871285 0.016493055555555556 0.009900990099009901 0.008680555555555556
0 0.6089108910891089 0.010416666666666666 0.009900990099009901 0.006944444444444444
0 0.5762376237623762 0.001736111111111111 0.0039603960396039604 0.003472222222222222
0 0.5 0.006944444444444444 0.005940594059405941 0.013888888888888888
0 0.4504950495049505 0.0078125 0.009900990099009901 0.015625
0 0.4306930693069307 0.003472222222222222 0.005940594059405941 0.006944444444444444
