0 0.7338709677419355 0.974308300395257 0.005376344086021506 0.011857707509881422
0 0.4327956989247312 0.9762845849802372 0.03225806451612903 0.04743083003952569
0 0.48655913978494625 0.974308300395257 0.043010752688172046 0.05138339920948617
0 0.5470430107526881 0.9703557312252964 0.02956989247311828 0.05928853754940711
0 0.7083333333333334 0.9683794466403162 0.03494623655913978 0.06324110671936758
0 0.7325268817204301 0.9387351778656127 0.008064516129032258 0.011857707509881422
0 0.657258064516129 0.9545454545454546 0.01881720430107527 0.06719367588932806
0 0.6868279569892473 0.9229249011857708 0.008064516129032258 0.011857707509881422
0 0.4986559139784946 0.9446640316205533 0.2768817204301075 0.11067193675889328
0 0.7634408602150538 0.9367588932806324 0.016129032258064516 0.12648221343873517
0 0.7970430107526881 0.9347826086956522 0.03494623655913978 0.13043478260869565
0 0.024193548387096774 0.8458498023715415 0.04838709677419355 0.09486166007905138
0 0.0228494623655914 0.17588932806324112 0.0456989247311828 0.1067193675889328
0 0.6935483870967742 0.003952569169960474 0.016129032258064516 0.007905138339920948
0 0.47580645161290325 0.003952569169960474 0.005376344086021506 0.007905138339920948
0 0.5201612903225806 0.44664031620553357 0.9166666666666666 0.8932806324110671
