0 0.29396325459317585 0.9980769230769231 0.010498687664041995 0.0038461538461538464
0 0.35170603674540685 0.9961538461538462 0.010498687664041995 0.007692307692307693
0 0.39763779527559057 0.9942307692307693 0.013123359580052493 0.011538461538461539
0 0.5406824146981627 0.9788461538461538 0.005249343832020997 0.0038461538461538464
0 0.5118110236220472 0.9884615384615385 0.015748031496062992 0.023076923076923078
0 0.49606299212598426 0.47692307692307695 0.9921259842519685 0.8538461538461538
0 0.5931758530183727 0.03653846153846154 0.010498687664041995 0.011538461538461539
0 0.6614173228346457 0.028846153846153848 0.02099737532808399 0.057692307692307696
0 0.631233595800525 0.028846153846153848 0.01837270341207349 0.057692307692307696
0 0.5813648293963255 0.009615384615384616 0.03412073490813648 0.019230769230769232
0 0.5433070866141733 0.0019230769230769232 0.005249343832020997 0.0038461538461538464
0 0.536745406824147 0.021153846153846155 0.049868766404199474 0.04230769230769231
0 0.4068241469816273 0.013461538461538462 0.015748031496062992 0.026923076923076925
0 0.36089238845144356 0.03076923076923077 0.28083989501312334 0.06153846153846154
