0 0.5877616747181964 0.9978448275862069 0.01288244766505636 0.004310344827586207
0 0.06521739130434782 0.9777298850574713 0.001610305958132045 0.0014367816091954023
0 0.499194847020934 0.9870689655172413 0.2834138486312399 0.02586206896551724
0 0.01610305958132045 0.9576149425287356 0.00322061191626409 0.004310344827586207
0 0.7761674718196457 0.8168103448275862 0.00322061191626409 0.0014367816091954023
0 0.7632850241545893 0.8160919540229885 0.00644122383252818 0.0028735632183908046
0 0.998389694041868 0.6091954022988506 0.00322061191626409 0.0028735632183908046
0 0.9830917874396136 0.5998563218390804 0.011272141706924315 0.004310344827586207
0 0.00322061191626409 0.6020114942528736 0.00644122383252818 0.011494252873563218
0 0.9975845410628019 0.5912356321839081 0.004830917874396135 0.004310344827586207
0 0.8494363929146538 0.6472701149425287 0.30112721417069244 0.639367816091954
0 0.008051529790660225 0.3132183908045977 0.00644122383252818 0.0028735632183908046
0 0.00966183574879227 0.3045977011494253 0.01288244766505636 0.0028735632183908046
0 0.005636070853462158 0.2959770114942529 0.011272141706924315 0.0028735632183908046
0 0.007246376811594203 0.28735632183908044 0.014492753623188406 0.0028735632183908046
0 0.92914653784219 0.22557471264367815 0.01932367149758454 0.005747126436781609
0 0.573268921095008 0.05603448275862069 0.01932367149758454 0.011494252873563218
0 0.5426731078904992 0.05603448275862069 0.02576489533011272 0.011494252873563218
0 0.5676328502415459 0.03735632183908046 0.014492753623188406 0.017241379310344827
0 0.5644122383252818 0.02586206896551724 0.001610305958132045 0.0028735632183908046
0 0.5394524959742351 0.033045977011494254 0.01610305958132045 0.028735632183908046
0 0.5491143317230274 0.01939655172413793 0.01288244766505636 0.007183908045977011
0 0.9975845410628019 0.017959770114942528 0.004830917874396135 0.035919540229885055
0 0.5 0.5 1.0 1.0
