0 0.571319018404908 0.9886128364389234 0.004601226993865031 0.006211180124223602
0 0.47392638036809814 0.9865424430641822 0.015337423312883436 0.026915113871635612
0 0.4401840490797546 0.9865424430641822 0.03067484662576687 0.026915113871635612
0 0.40107361963190186 0.9865424430641822 0.013803680981595092 0.026915113871635612
0 0.5406441717791411 0.9710144927536232 0.0015337423312883436 0.004140786749482402
0 0.5567484662576687 0.9637681159420289 0.006134969325153374 0.006211180124223602
0 0.6947852760736196 0.7784679089026915 0.009202453987730062 0.008281573498964804
0 0.04371165644171779 0.7629399585921325 0.0015337423312883436 0.002070393374741201
0 0.4946319018404908 0.7432712215320911 0.007668711656441718 0.008281573498964804
0 0.7001533742331288 0.7587991718426501 0.07208588957055215 0.047619047619047616
0 0.9401840490797546 0.7215320910973085 0.009202453987730062 0.002070393374741201
0 0.6886503067484663 0.7163561076604554 0.018404907975460124 0.008281573498964804
0 0.6679447852760736 0.7039337474120083 0.010736196319018405 0.004140786749482402
0 0.5651840490797546 0.7060041407867494 0.023006134969325152 0.008281573498964804
0 0.7262269938650306 0.7028985507246377 0.010736196319018405 0.006211180124223602
0 0.6886503067484663 0.7028985507246377 0.02147239263803681 0.010351966873706004
0 0.5007668711656442 0.6915113871635611 0.004601226993865031 0.004140786749482402
0 0.6042944785276073 0.6925465838509317 0.006134969325153374 0.010351966873706004
0 0.7269938650306749 0.6884057971014492 0.012269938650306749 0.010351966873706004
0 0.9394171779141104 0.6821946169772257 0.010736196319018405 0.002070393374741201
0 0.6042944785276073 0.6780538302277432 0.006134969325153374 0.010351966873706004
0 0.6909509202453987 0.6811594202898551 0.023006134969325152 0.024844720496894408
0 0.5705521472392638 0.6666666666666666 0.009202453987730062 0.008281573498964804
0 0.5115030674846626 0.6656314699792961 0.007668711656441718 0.006211180124223602
0 0.531441717791411 0.6532091097308489 0.010736196319018405 0.006211180124223602
0 0.6978527607361963 0.6490683229813664 0.003067484662576687 0.002070393374741201
0 0.6395705521472392 0.650103519668737 0.006134969325153374 0.004140786749482402
0 0.5191717791411042 0.6387163561076604 0.0015337423312883436 0.002070393374741201
0 0.9210122699386503 0.6304347826086957 0.0015337423312883436 0.002070393374741201
0 0.6303680981595092 0.6242236024844721 0.03680981595092025 0.006211180124223602
0 0.6725460122699386 0.6221532091097308 0.03834355828220859 0.006211180124223602
0 0.9271472392638037 0.6180124223602484 0.007668711656441718 0.006211180124223602
0 0.5728527607361963 0.6097308488612836 0.0015337423312883436 0.006211180124223602
0 0.5736196319018405 0.6014492753623188 0.003067484662576687 0.006211180124223602
0 0.5812883435582822 0.38405797101449274 0.003067484662576687 0.006211180124223602
0 0.6418711656441718 0.35196687370600416 0.004601226993865031 0.004140786749482402
0 0.6326687116564417 0.35196687370600416 0.004601226993865031 0.004140786749482402
0 0.6510736196319018 0.35093167701863354 0.004601226993865031 0.006211180124223602
0 0.7208588957055214 0.34886128364389235 0.024539877300613498 0.006211180124223602
0 0.6687116564417178 0.4865424430641822 0.15337423312883436 0.2857142857142857
0 0.6019938650306749 0.3281573498964803 0.007668711656441718 0.010351966873706004
0 0.43941717791411045 0.33126293995859213 0.2285276073619632 0.020703933747412008
0 0.683282208588957 0.3281573498964803 0.06595092024539877 0.022774327122153208
0 0.6602760736196319 0.3136645962732919 0.0015337423312883436 0.002070393374741201
0 0.2860429447852761 0.3146997929606625 0.5107361963190185 0.033126293995859216
0 0.7093558282208589 0.3002070393374741 0.010736196319018405 0.008281573498964804
0 0.6019938650306749 0.3033126293995859 0.007668711656441718 0.014492753623188406
0 0.6019938650306749 0.2784679089026915 0.007668711656441718 0.014492753623188406
0 0.5391104294478528 0.2743271221532091 0.004601226993865031 0.006211180124223602
0 0.5076687116564417 0.2805383022774327 0.03987730061349693 0.022774327122153208
0 0.6694785276073619 0.2867494824016563 0.032208588957055216 0.047619047619047616
0 0.6978527607361963 0.2691511387163561 0.03067484662576687 0.024844720496894408
0 0.6434049079754601 0.2505175983436853 0.019938650306748466 0.004140786749482402
0 0.7323619631901841 0.2474120082815735 0.0015337423312883436 0.002070393374741201
0 0.6019938650306749 0.2515527950310559 0.010736196319018405 0.014492753623188406
0 0.5460122699386503 0.2536231884057971 0.03067484662576687 0.018633540372670808
0 0.7070552147239264 0.23395445134575568 0.012269938650306749 0.004140786749482402
0 0.4892638036809816 0.2287784679089027 0.003067484662576687 0.002070393374741201
0 0.5544478527607362 0.2246376811594203 0.007668711656441718 0.006211180124223602
0 0.602760736196319 0.22567287784679088 0.009202453987730062 0.012422360248447204
0 0.5130368098159509 0.2267080745341615 0.019938650306748466 0.018633540372670808
0 0.7162576687116564 0.19875776397515527 0.02147239263803681 0.008281573498964804
0 0.6019938650306749 0.20082815734989648 0.010736196319018405 0.012422360248447204
0 0.575920245398773 0.18012422360248448 0.013803680981595092 0.004140786749482402
0 0.6871165644171779 0.17598343685300208 0.006134969325153374 0.008281573498964804
0 0.5345092024539877 0.16563146997929606 0.004601226993865031 0.008281573498964804
0 0.7078220858895705 0.15527950310559005 0.04447852760736196 0.053830227743271224
0 0.49309815950920244 0.47619047619047616 0.9861963190184049 0.8944099378881988
0 0.5544478527607362 0.009316770186335404 0.0015337423312883436 0.002070393374741201
0 0.602760736196319 0.0010351966873706005 0.003067484662576687 0.002070393374741201
0 0.5276073619631901 0.006211180124223602 0.015337423312883436 0.012422360248447204
0 0.4486196319018405 0.0010351966873706005 0.0015337423312883436 0.002070393374741201
0 0.4133435582822086 0.002070393374741201 0.023006134969325152 0.004140786749482402
0 0.3811349693251534 0.002070393374741201 0.004601226993865031 0.004140786749482402
0 0.42024539877300615 0.013457556935817806 0.16257668711656442 0.026915113871635612
