0 0.6153846153846154 0.996822033898305 0.0031397174254317113 0.006355932203389831
0 0.4364207221350079 0.9872881355932204 0.009419152276295133 0.025423728813559324
0 0.5070643642072213 0.9851694915254238 0.012558869701726845 0.029661016949152543
0 0.48194662480376765 0.9851694915254238 0.012558869701726845 0.029661016949152543
0 0.46232339089481944 0.9851694915254238 0.007849293563579277 0.029661016949152543
0 0.8728414442700158 0.8135593220338984 0.006279434850863423 0.00847457627118644
0 0.7197802197802198 0.801906779661017 0.004709576138147566 0.006355932203389831
0 0.7252747252747253 0.7923728813559322 0.0031397174254317113 0.00423728813559322
0 0.8649921507064364 0.7838983050847458 0.006279434850863423 0.00423728813559322
0 0.7480376766091051 0.777542372881356 0.01098901098901099 0.00423728813559322
0 0.7260596546310832 0.7764830508474576 0.0141287284144427 0.006355932203389831
0 0.8712715855572999 0.7701271186440678 0.012558869701726845 0.006355932203389831
0 0.934850863422292 0.7680084745762712 0.01098901098901099 0.006355932203389831
0 0.7048665620094191 0.7658898305084746 0.0031397174254317113 0.00211864406779661
0 0.716640502354788 0.7658898305084746 0.007849293563579277 0.006355932203389831
0 0.9010989010989011 0.7563559322033898 0.0031397174254317113 0.00423728813559322
0 0.9340659340659341 0.7563559322033898 0.009419152276295133 0.00847457627118644
0 0.9167974882260597 0.7563559322033898 0.02197802197802198 0.012711864406779662
0 0.9222919937205651 0.7436440677966102 0.004709576138147566 0.00423728813559322
0 0.9356357927786499 0.7425847457627118 0.006279434850863423 0.006355932203389831
0 0.8799058084772371 0.7319915254237288 0.0015698587127158557 0.00211864406779661
0 0.9152276295133438 0.7319915254237288 0.04709576138147567 0.01059322033898305
0 0.6930926216640503 0.7298728813559322 0.007849293563579277 0.006355932203389831
0 0.7943485086342229 0.725635593220339 0.0031397174254317113 0.00211864406779661
0 0.8021978021978022 0.7330508474576272 0.10675039246467818 0.0211864406779661
0 0.7574568288854003 0.7161016949152542 0.007849293563579277 0.00423728813559322
0 0.6946624803767661 0.690677966101695 0.004709576138147566 0.00423728813559322
0 0.6970172684458399 0.6779661016949152 0.006279434850863423 0.00847457627118644
0 0.695447409733124 0.652542372881356 0.006279434850863423 0.00847457627118644
0 0.6962323390894819 0.5932203389830508 0.01098901098901099 0.0211864406779661
0 0.8116169544740973 0.5826271186440678 0.012558869701726845 0.025423728813559324
0 0.8328100470957613 0.559322033898305 0.0015698587127158557 0.00423728813559322
0 0.6970172684458399 0.5328389830508474 0.012558869701726845 0.06991525423728813
0 0.8202511773940345 0.5158898305084746 0.026687598116169546 0.07415254237288135
0 0.7001569858712716 0.4830508474576271 0.009419152276295133 0.012711864406779662
0 0.8304552590266876 0.4682203389830508 0.0031397174254317113 0.00847457627118644
0 0.7291993720565149 0.4629237288135593 0.004709576138147566 0.006355932203389831
0 0.6993720565149136 0.4597457627118644 0.004709576138147566 0.0211864406779661
0 0.945839874411303 0.4353813559322034 0.02040816326530612 0.006355932203389831
0 0.7009419152276295 0.4004237288135593 0.004709576138147566 0.0211864406779661
0 0.7017268445839875 0.3728813559322034 0.006279434850863423 0.00847457627118644
0 0.8343799058084772 0.3718220338983051 0.004709576138147566 0.023305084745762712
0 0.9505494505494505 0.4766949152542373 0.0989010989010989 0.2584745762711864
0 0.7448979591836735 0.3230932203389831 0.004709576138147566 0.00211864406779661
0 0.5 0.6260593220338984 1.0 0.6080508474576272
0 0.6059654631083202 0.3283898305084746 0.1695447409733124 0.0211864406779661
0 0.9843014128728415 0.3177966101694915 0.0031397174254317113 0.00423728813559322
0 0.7394034536891679 0.2997881355932203 0.0031397174254317113 0.00211864406779661
0 0.28414442700156983 0.3135593220338983 0.48665620094191525 0.03389830508474576
0 0.8359497645211931 0.2955508474576271 0.0015698587127158557 0.00211864406779661
0 0.6153846153846154 0.3029661016949153 0.15070643642072212 0.0211864406779661
0 0.8367346938775511 0.2711864406779661 0.0031397174254317113 0.00423728813559322
0 0.3673469387755102 0.2860169491525424 0.6467817896389325 0.038135593220338986
0 0.8383045525902669 0.2457627118644068 0.0031397174254317113 0.00423728813559322
0 0.36813186813186816 0.2605932203389831 0.6483516483516484 0.038135593220338986
0 0.0565149136577708 0.2319915254237288 0.0031397174254317113 0.00211864406779661
0 0.7048665620094191 0.17478813559322035 0.0031397174254317113 0.00211864406779661
0 0.9874411302982732 0.1684322033898305 0.006279434850863423 0.006355932203389831
0 0.7464678178963893 0.15677966101694915 0.0141287284144427 0.01694915254237288
0 0.9419152276295133 0.149364406779661 0.009419152276295133 0.01059322033898305
0 0.9513343799058085 0.1271186440677966 0.006279434850863423 0.00847457627118644
0 0.9065934065934066 0.13665254237288135 0.0141287284144427 0.036016949152542374
0 0.7480376766091051 0.125 0.0141287284144427 0.025423728813559324
0 0.7629513343799058 0.09745762711864407 0.02511773940345369 0.012711864406779662
0 0.5047095761381476 0.1461864406779661 0.9905808477237049 0.21610169491525424
0 0.5745682888540031 0.007415254237288136 0.009419152276295133 0.006355932203389831
