0 0.02666666666666667 0.9971014492753624 0.017777777777777778 0.005797101449275362
0 0.9866666666666667 0.9956521739130435 0.02666666666666667 0.008695652173913044
0 0.5544444444444444 0.9072463768115943 0.006666666666666667 0.011594202898550725
0 0.5966666666666667 0.8971014492753623 0.011111111111111112 0.020289855072463767
0 0.5566666666666666 0.881159420289855 0.011111111111111112 0.034782608695652174
0 0.5733333333333334 0.8608695652173913 0.008888888888888889 0.005797101449275362
0 0.9866666666666667 0.8594202898550725 0.02666666666666667 0.02608695652173913
0 0.5155555555555555 0.9130434782608695 0.8222222222222222 0.17391304347826086
0 0.03222222222222222 0.7347826086956522 0.03333333333333333 0.008695652173913044
0 0.035555555555555556 0.7057971014492753 0.02666666666666667 0.002898550724637681
0 0.5044444444444445 0.6826086956521739 0.013333333333333334 0.008695652173913044
0 0.5522222222222222 0.6797101449275362 0.028888888888888888 0.008695652173913044
0 0.45111111111111113 0.6565217391304348 0.017777777777777778 0.014492753623188406
0 0.9933333333333333 0.6333333333333333 0.013333333333333334 0.04927536231884058
0 0.06 0.6072463768115942 0.017777777777777778 0.002898550724637681
0 0.04 0.6072463768115942 0.017777777777777778 0.002898550724637681
0 0.9955555555555555 0.5985507246376811 0.008888888888888889 0.008695652173913044
0 0.6711111111111111 0.5971014492753624 0.017777777777777778 0.017391304347826087
0 0.4766666666666667 0.5739130434782609 0.02 0.005797101449275362
0 0.49777777777777776 0.5739130434782609 0.017777777777777778 0.011594202898550725
0 0.4222222222222222 0.6057971014492753 0.08 0.07536231884057971
0 0.49666666666666665 0.5463768115942029 0.015555555555555555 0.008695652173913044
0 0.4811111111111111 0.527536231884058 0.006666666666666667 0.005797101449275362
0 0.49666666666666665 0.5260869565217391 0.02 0.008695652173913044
0 0.42 0.5434782608695652 0.1288888888888889 0.043478260869565216
0 0.034444444444444444 0.5144927536231884 0.0022222222222222222 0.002898550724637681
0 0.6977777777777778 0.5115942028985507 0.022222222222222223 0.014492753623188406
0 0.42444444444444446 0.5 0.16 0.020289855072463767
0 0.4022222222222222 0.47246376811594204 0.02666666666666667 0.005797101449275362
0 0.3711111111111111 0.47391304347826085 0.02666666666666667 0.008695652173913044
0 0.49666666666666665 0.4681159420289855 0.0022222222222222222 0.002898550724637681
0 0.44666666666666666 0.46956521739130436 0.044444444444444446 0.005797101449275362
0 0.38555555555555554 0.4449275362318841 0.0022222222222222222 0.002898550724637681
0 0.49 0.4420289855072464 0.011111111111111112 0.002898550724637681
0 0.44222222222222224 0.4434782608695652 0.035555555555555556 0.005797101449275362
0 0.4311111111111111 0.41884057971014493 0.0044444444444444444 0.002898550724637681
0 0.4533333333333333 0.41739130434782606 0.008888888888888889 0.005797101449275362
0 0.33 0.39855072463768115 0.04666666666666667 0.008695652173913044
0 0.9911111111111112 0.41884057971014493 0.017777777777777778 0.06086956521739131
0 0.57 0.3855072463768116 0.03333333333333333 0.005797101449275362
0 0.4022222222222222 0.38115942028985506 0.013333333333333334 0.008695652173913044
0 0.08 0.3536231884057971 0.013333333333333334 0.005797101449275362
0 0.2966666666666667 0.34202898550724636 0.015555555555555555 0.005797101449275362
0 0.23 0.19710144927536233 0.028888888888888888 0.011594202898550725
0 0.23222222222222222 0.18405797101449275 0.006666666666666667 0.002898550724637681
0 0.2588888888888889 0.1826086956521739 0.011111111111111112 0.005797101449275362
0 0.99 0.2144927536231884 0.02 0.08115942028985507
0 0.35444444444444445 0.16231884057971013 0.015555555555555555 0.005797101449275362
0 0.27666666666666667 0.15507246376811595 0.006666666666666667 0.002898550724637681
0 0.22333333333333333 0.16376811594202897 0.15777777777777777 0.02608695652173913
0 0.20333333333333334 0.14347826086956522 0.03333333333333333 0.008695652173913044
0 0.30666666666666664 0.1391304347826087 0.017777777777777778 0.005797101449275362
0 0.0022222222222222222 0.07681159420289856 0.0044444444444444444 0.002898550724637681
0 0.4255555555555556 0.07246376811594203 0.011111111111111112 0.005797101449275362
0 0.051111111111111114 0.07246376811594203 0.022222222222222223 0.005797101449275362
0 0.1922222222222222 0.06666666666666667 0.015555555555555555 0.005797101449275362
0 0.47 0.4246376811594203 0.94 0.8492753623188406
