0 0.5025839793281653 0.9848484848484849 0.023255813953488372 0.022727272727272728
0 0.458656330749354 0.9753787878787878 0.01808785529715762 0.04924242424242424
0 0.34108527131782945 0.9734848484848485 0.025839793281653745 0.05303030303030303
0 0.2971576227390181 0.9715909090909091 0.015503875968992248 0.056818181818181816
0 0.23901808785529716 0.9696969696969697 0.03359173126614987 0.06060606060606061
0 0.6950904392764858 0.8314393939393939 0.0103359173126615 0.01893939393939394
0 0.6731266149870802 0.7935606060606061 0.002583979328165375 0.003787878787878788
0 0.4715762273901809 0.8087121212121212 0.012919896640826873 0.03409090909090909
0 0.5710594315245479 0.8314393939393939 0.21188630490956073 0.10227272727272728
0 0.6317829457364341 0.7727272727272727 0.007751937984496124 0.007575757575757576
0 0.8152454780361758 0.7291666666666666 0.012919896640826873 0.011363636363636364
0 0.4108527131782946 0.7272727272727273 0.00516795865633075 0.007575757575757576
0 0.5103359173126615 0.7253787878787878 0.007751937984496124 0.011363636363636364
0 0.44315245478036175 0.7272727272727273 0.05426356589147287 0.015151515151515152
0 0.7816537467700259 0.7064393939393939 0.023255813953488372 0.011363636363636364
0 0.813953488372093 0.6875 0.015503875968992248 0.011363636363636364
0 0.5025839793281653 0.6799242424242424 0.012919896640826873 0.011363636363636364
0 0.43281653746770027 0.6761363636363636 0.012919896640826873 0.011363636363636364
0 0.8281653746770026 0.6666666666666666 0.007751937984496124 0.007575757575757576
0 0.7803617571059431 0.6666666666666666 0.00516795865633075 0.007575757575757576
0 0.7635658914728682 0.6647727272727273 0.007751937984496124 0.003787878787878788
0 0.8062015503875969 0.6458333333333334 0.031007751937984496 0.01893939393939394
0 0.6395348837209303 0.5265151515151515 0.002583979328165375 0.007575757575757576
0 0.9224806201550387 0.4166666666666667 0.00516795865633075 0.007575757575757576
0 0.9302325581395349 0.6363636363636364 0.13953488372093023 0.45454545454545453
0 0.9702842377260982 0.3143939393939394 0.059431524547803614 0.16666666666666666
0 0.9715762273901809 0.13825757575757575 0.056847545219638244 0.17045454545454544
0 0.46770025839793283 0.4564393939393939 0.9354005167958657 0.8371212121212122
0 0.5788113695090439 0.028409090909090908 0.00516795865633075 0.01893939393939394
0 0.6124031007751938 0.020833333333333332 0.015503875968992248 0.041666666666666664
0 0.5322997416020672 0.007575757575757576 0.0103359173126615 0.015151515151515152
0 0.5077519379844961 0.007575757575757576 0.01808785529715762 0.015151515151515152
0 0.3268733850129199 0.015151515151515152 0.2558139534883721 0.030303030303030304
