0 0.6305882352941177 0.9990842490842491 0.004705882352941176 0.0018315018315018315
0 0.56 0.9798534798534798 0.09411764705882353 0.01098901098901099
0 0.7541176470588236 0.9853479853479854 0.04470588235294118 0.029304029304029304
0 0.648235294117647 0.945054945054945 0.007058823529411765 0.003663003663003663
0 0.6329411764705882 0.9441391941391941 0.004705882352941176 0.0018315018315018315
0 0.6152941176470588 0.9441391941391941 0.007058823529411765 0.0018315018315018315
0 0.42470588235294116 0.9413919413919414 0.04470588235294118 0.003663003663003663
0 0.6423529411764706 0.9358974358974359 0.009411764705882352 0.003663003663003663
0 0.94 0.9331501831501832 0.04941176470588235 0.016483516483516484
0 0.45647058823529413 0.9194139194139194 0.009411764705882352 0.003663003663003663
0 0.36 0.9184981684981685 0.08 0.009157509157509158
0 0.012941176470588235 0.9139194139194139 0.02588235294117647 0.007326007326007326
0 0.34 0.9065934065934066 0.04 0.007326007326007326
0 0.02235294117647059 0.9029304029304029 0.007058823529411765 0.003663003663003663
0 0.5635294117647058 0.8983516483516484 0.01647058823529412 0.005494505494505495
0 0.32588235294117646 0.8946886446886447 0.01647058823529412 0.005494505494505495
0 0.024705882352941175 0.8901098901098901 0.007058823529411765 0.007326007326007326
0 0.5776470588235294 0.8873626373626373 0.011764705882352941 0.005494505494505495
0 0.5564705882352942 0.8873626373626373 0.01647058823529412 0.005494505494505495
0 0.3176470588235294 0.8846153846153846 0.009411764705882352 0.003663003663003663
0 0.5694117647058824 0.8754578754578755 0.009411764705882352 0.003663003663003663
0 0.5517647058823529 0.8745421245421245 0.01647058823529412 0.009157509157509158
0 0.024705882352941175 0.8672161172161172 0.007058823529411765 0.005494505494505495
0 0.5529411764705883 0.8653846153846154 0.03294117647058824 0.009157509157509158
0 0.024705882352941175 0.8562271062271062 0.002352941176470588 0.0018315018315018315
0 0.0611764705882353 0.8571428571428571 0.009411764705882352 0.007326007326007326
0 0.5458823529411765 0.8534798534798534 0.03294117647058824 0.007326007326007326
0 0.9870588235294118 0.8598901098901099 0.02588235294117647 0.031135531135531136
0 0.07882352941176471 0.8461538461538461 0.007058823529411765 0.003663003663003663
0 0.06352941176470588 0.8470695970695971 0.01411764705882353 0.009157509157509158
0 0.024705882352941175 0.8452380952380952 0.007058823529411765 0.005494505494505495
0 0.5341176470588235 0.8424908424908425 0.023529411764705882 0.003663003663003663
0 0.7376470588235294 0.8937728937728938 0.2752941176470588 0.10989010989010989
0 0.991764705882353 0.8379120879120879 0.007058823529411765 0.0018315018315018315
0 0.4211764705882353 0.8910256410256411 0.1976470588235294 0.10805860805860806
0 0.7670588235294118 0.8342490842490843 0.009411764705882352 0.0018315018315018315
0 0.0611764705882353 0.8351648351648352 0.004705882352941176 0.003663003663003663
0 0.7164705882352941 0.8324175824175825 0.021176470588235293 0.0018315018315018315
0 0.6811764705882353 0.8324175824175825 0.007058823529411765 0.0018315018315018315
0 0.6058823529411764 0.8305860805860806 0.007058823529411765 0.0018315018315018315
0 0.6258823529411764 0.8296703296703297 0.023529411764705882 0.003663003663003663
0 0.18 0.8727106227106227 0.25176470588235295 0.1227106227106227
0 0.6058823529411764 0.8086080586080586 0.002352941176470588 0.0018315018315018315
0 0.9635294117647059 0.7967032967032966 0.07294117647058823 0.01098901098901099
0 0.6564705882352941 0.7902930402930403 0.18823529411764706 0.016483516483516484
0 0.508235294117647 0.7857142857142857 0.02823529411764706 0.007326007326007326
0 0.9682352941176471 0.782967032967033 0.06352941176470588 0.005494505494505495
0 0.3847058823529412 0.782967032967033 0.04470588235294118 0.009157509157509158
0 0.6964705882352941 0.7756410256410257 0.07058823529411765 0.005494505494505495
0 0.26823529411764707 0.7866300366300366 0.08470588235294117 0.04945054945054945
0 0.9894117647058823 0.31135531135531136 0.021176470588235293 0.01098901098901099
0 0.02 0.4908424908424908 0.04 0.46886446886446886
0 0.6976470588235294 0.17399267399267399 0.007058823529411765 0.003663003663003663
0 0.011764705882352941 0.2206959706959707 0.023529411764705882 0.1043956043956044
0 0.002352941176470588 0.16483516483516483 0.004705882352941176 0.007326007326007326
0 0.0035294117647058825 0.1346153846153846 0.007058823529411765 0.005494505494505495
0 0.5 0.4175824175824176 1.0 0.7875457875457875
