0 0.8442857142857143 0.7834890965732088 0.008571428571428572 0.003115264797507788
0 0.7328571428571429 0.7523364485981309 0.008571428571428572 0.003115264797507788
0 0.7057142857142857 0.7523364485981309 0.005714285714285714 0.003115264797507788
0 0.68 0.7523364485981309 0.005714285714285714 0.003115264797507788
0 0.8614285714285714 0.7538940809968847 0.07714285714285714 0.012461059190031152
0 0.79 0.7398753894080997 0.002857142857142857 0.003115264797507788
0 0.7242857142857143 0.7414330218068536 0.02 0.006230529595015576
0 0.87 0.721183800623053 0.008571428571428572 0.003115264797507788
0 0.7514285714285714 0.7227414330218068 0.017142857142857144 0.006230529595015576
0 0.89 0.7180685358255452 0.002857142857142857 0.003115264797507788
0 0.7942857142857143 0.7040498442367601 0.011428571428571429 0.006230529595015576
0 0.8771428571428571 0.7040498442367601 0.03428571428571429 0.012461059190031152
0 0.7157142857142857 0.6978193146417445 0.08857142857142856 0.024922118380062305
0 0.85 0.6666666666666666 0.09428571428571429 0.037383177570093455
0 0.7471428571428571 0.6308411214953271 0.014285714285714285 0.009345794392523364
0 0.7871428571428571 0.6090342679127726 0.002857142857142857 0.003115264797507788
0 0.71 0.5981308411214953 0.025714285714285714 0.024922118380062305
0 0.76 0.5809968847352025 0.02857142857142857 0.028037383177570093
0 0.5 0.7258566978193146 1.0 0.49221183800623053
0 0.28285714285714286 0.48753894080996885 0.5657142857142857 0.03426791277258567
0 0.8085714285714286 0.46261682242990654 0.022857142857142857 0.009345794392523364
0 0.86 0.45950155763239875 0.05714285714285714 0.01557632398753894
0 0.9828571428571429 0.46105919003115264 0.03428571428571429 0.024922118380062305
0 0.28285714285714286 0.45638629283489096 0.5657142857142857 0.028037383177570093
0 0.76 0.43302180685358255 0.05142857142857143 0.006230529595015576
0 0.9842857142857143 0.43302180685358255 0.03142857142857143 0.012461059190031152
0 0.5485714285714286 0.43146417445482865 0.2057142857142857 0.01557632398753894
0 0.03 0.4252336448598131 0.054285714285714284 0.009345794392523364
0 0.5 0.3707165109034268 1.0 0.09968847352024922
0 0.5 0.2118380062305296 1.0 0.21806853582554517
0 0.6085714285714285 0.0763239875389408 0.005714285714285714 0.003115264797507788
0 0.5742857142857143 0.0763239875389408 0.017142857142857144 0.009345794392523364
0 0.5442857142857143 0.0514018691588785 0.002857142857142857 0.003115264797507788
0 0.6071428571428571 0.024922118380062305 0.002857142857142857 0.012461059190031152
0 0.31 0.01557632398753894 0.008571428571428572 0.006230529595015576
0 0.43857142857142856 0.03582554517133956 0.02 0.0529595015576324
0 0.3985714285714286 0.037383177570093455 0.025714285714285714 0.056074766355140186
0 0.3242857142857143 0.037383177570093455 0.037142857142857144 0.056074766355140186
0 0.36857142857142855 0.03582554517133956 0.017142857142857144 0.059190031152647975
