0 0.5898502495840267 0.9965635738831615 0.008319467554076539 0.006872852233676976
0 0.5557404326123128 0.9965635738831615 0.0066555740432612314 0.006872852233676976
0 0.5715474209650583 0.9922680412371134 0.008319467554076539 0.005154639175257732
0 0.045757071547420966 0.3384879725085911 0.004991680532445923 0.003436426116838488
0 0.030782029950083195 0.33762886597938147 0.004991680532445923 0.001718213058419244
0 0.04326123128119801 0.3281786941580756 0.013311148086522463 0.003436426116838488
0 0.04492512479201331 0.32216494845360827 0.013311148086522463 0.005154639175257732
0 0.042429284525790346 0.30412371134020616 0.011647254575707155 0.003436426116838488
0 0.04076539101497504 0.2929553264604811 0.014975041597337771 0.001718213058419244
0 0.03993344425956739 0.281786941580756 0.009983361064891847 0.003436426116838488
0 0.9991680532445923 0.2706185567010309 0.0016638935108153079 0.001718213058419244
0 0.6214642262895175 0.04209621993127148 0.004991680532445923 0.012027491408934709
0 0.5590682196339434 0.023195876288659795 0.009983361064891847 0.018900343642611683
0 0.6422628951747088 0.024054982817869417 0.009983361064891847 0.048109965635738834
0 0.4858569051580699 0.01632302405498282 0.013311148086522463 0.03264604810996564
0 0.4492512479201331 0.01804123711340206 0.02329450915141431 0.03608247422680412
0 0.4151414309484193 0.01718213058419244 0.011647254575707155 0.03436426116838488
0 0.5 0.4793814432989691 1.0 0.9587628865979382
