0 0.7353760445682451 0.983739837398374 0.016713091922005572 0.032520325203252036
0 0.5306406685236769 0.9796747967479674 0.06963788300835655 0.04065040650406504
0 0.3147632311977716 0.9776422764227642 0.04456824512534819 0.044715447154471545
0 0.6016713091922006 0.8638211382113821 0.033426183844011144 0.052845528455284556
0 0.5292479108635098 0.8455284552845529 0.022284122562674095 0.08130081300813008
0 0.6030640668523677 0.790650406504065 0.036211699164345405 0.044715447154471545
0 0.8119777158774373 0.7642276422764228 0.07520891364902507 0.06504065040650407
0 0.6058495821727019 0.733739837398374 0.03064066852367688 0.036585365853658534
0 0.5376044568245125 0.6991869918699187 0.03899721448467967 0.056910569105691054
0 0.6072423398328691 0.6707317073170732 0.022284122562674095 0.024390243902439025
0 0.8147632311977716 0.6605691056910569 0.06406685236768803 0.036585365853658534
0 0.6448467966573816 0.006097560975609756 0.002785515320334262 0.012195121951219513
0 0.4860724233983287 0.014227642276422764 0.019498607242339833 0.028455284552845527
0 0.415041782729805 0.02032520325203252 0.016713091922005572 0.04065040650406504
0 0.3774373259052925 0.016260162601626018 0.013927576601671309 0.032520325203252036
0 0.5 0.4532520325203252 1.0 0.9065040650406504
