0 0.48655913978494625 0.9901960784313726 0.021505376344086023 0.0196078431372549
0 0.42473118279569894 0.9901960784313726 0.043010752688172046 0.0196078431372549
0 0.3696236559139785 0.9901960784313726 0.03494623655913978 0.0196078431372549
0 0.5981182795698925 0.9882352941176471 0.013440860215053764 0.023529411764705882
0 0.6276881720430108 0.9784313725490196 0.008064516129032258 0.011764705882352941
0 0.6599462365591398 0.984313725490196 0.03494623655913978 0.03137254901960784
0 0.7379032258064516 0.9666666666666667 0.024193548387096774 0.06666666666666667
0 0.706989247311828 0.9666666666666667 0.016129032258064516 0.06666666666666667
0 0.43548387096774194 0.9666666666666667 0.27956989247311825 0.06666666666666667
0 0.5362903225806451 0.8725490196078431 0.008064516129032258 0.00392156862745098
0 0.5188172043010753 0.8725490196078431 0.010752688172043012 0.00392156862745098
0 0.625 0.8450980392156863 0.002688172043010753 0.00392156862745098
0 0.603494623655914 0.8450980392156863 0.013440860215053764 0.011764705882352941
0 0.6129032258064516 0.8215686274509804 0.03225806451612903 0.011764705882352941
0 0.0013440860215053765 0.788235294117647 0.002688172043010753 0.00784313725490196
0 0.5403225806451613 0.8117647058823529 0.016129032258064516 0.08627450980392157
0 0.6169354838709677 0.7705882352941177 0.04032258064516129 0.0196078431372549
0 0.6115591397849462 0.7509803921568627 0.01881720430107527 0.011764705882352941
0 0.8225806451612904 0.7372549019607844 0.08064516129032258 0.06274509803921569
0 0.6182795698924731 0.7058823529411765 0.043010752688172046 0.0392156862745098
0 0.5174731182795699 0.6764705882352942 0.008064516129032258 0.011764705882352941
0 0.8225806451612904 0.6803921568627451 0.08064516129032258 0.043137254901960784
0 0.5174731182795699 0.6529411764705882 0.013440860215053764 0.0196078431372549
0 0.5672043010752689 0.6313725490196078 0.005376344086021506 0.00784313725490196
0 0.5497311827956989 0.6666666666666666 0.056451612903225805 0.08627450980392157
0 0.6182795698924731 0.6352941176470588 0.043010752688172046 0.0392156862745098
0 0.8279569892473119 0.6274509803921569 0.08064516129032258 0.0392156862745098
0 0.004032258064516129 0.615686274509804 0.008064516129032258 0.0392156862745098
0 0.004032258064516129 0.5568627450980392 0.008064516129032258 0.06274509803921569
0 0.004032258064516129 0.3156862745098039 0.008064516129032258 0.011764705882352941
0 0.0013440860215053765 0.29411764705882354 0.002688172043010753 0.00784313725490196
0 0.635752688172043 0.021568627450980392 0.08870967741935484 0.043137254901960784
0 0.4905913978494624 0.00980392156862745 0.013440860215053764 0.0196078431372549
0 0.4153225806451613 0.00784313725490196 0.013440860215053764 0.01568627450980392
0 0.3736559139784946 0.00784313725490196 0.03763440860215054 0.01568627450980392
0 0.5 0.44313725490196076 1.0 0.8862745098039215
