0 0.4072512647554806 0.9956445993031359 0.011804384485666104 0.008710801393728223
0 0.4763912310286678 0.9947735191637631 0.01517706576728499 0.010452961672473868
0 0.45109612141652616 0.9947735191637631 0.01517706576728499 0.010452961672473868
0 0.4342327150084317 0.9947735191637631 0.011804384485666104 0.010452961672473868
0 0.5775716694772344 0.9921602787456446 0.008431703204047217 0.0156794425087108
0 0.5438448566610455 0.9878048780487805 0.00505902192242833 0.006968641114982578
0 0.5598650927487352 0.9817073170731707 0.003372681281618887 0.0017421602787456446
0 0.9865092748735245 0.740418118466899 0.006745362563237774 0.003484320557491289
0 0.01770657672849916 0.7378048780487805 0.0016863406408094434 0.0017421602787456446
0 0.031197301854974706 0.3667247386759582 0.025295109612141653 0.012195121951219513
0 0.03456998313659359 0.35365853658536583 0.01854974704890388 0.003484320557491289
0 0.03625632377740304 0.3440766550522648 0.01854974704890388 0.005226480836236934
0 0.03456998313659359 0.3327526132404181 0.021922428330522766 0.006968641114982578
0 0.9949409780775716 0.3127177700348432 0.01011804384485666 0.008710801393728223
0 0.9983136593591906 0.30052264808362367 0.003372681281618887 0.0017421602787456446
0 0.9949409780775716 0.26306620209059234 0.01011804384485666 0.006968641114982578
0 0.0387858347386172 0.2569686411149826 0.003372681281618887 0.005226480836236934
0 0.5 0.4921602787456446 1.0 0.9111498257839721
0 0.6239460370994941 0.017421602787456445 0.01011804384485666 0.03484320557491289
0 0.602866779089376 0.017421602787456445 0.00505902192242833 0.03484320557491289
0 0.5404721753794266 0.010452961672473868 0.011804384485666104 0.020905923344947737
0 0.4679595278246206 0.010452961672473868 0.00505902192242833 0.020905923344947737
0 0.4325463743676223 0.01132404181184669 0.025295109612141653 0.02264808362369338
0 0.40134907251264756 0.01132404181184669 0.006745362563237774 0.02264808362369338
0 0.41652613827993257 0.20034843205574912 0.3473861720067454 0.40069686411149824
