0 0.4908854166666667 0.982824427480916 0.033854166666666664 0.03435114503816794
0 0.4778645833333333 0.9465648854961832 0.0078125 0.007633587786259542
0 0.453125 0.9713740458015268 0.026041666666666668 0.05725190839694656
0 0.3359375 0.9694656488549618 0.026041666666666668 0.061068702290076333
0 0.29296875 0.9675572519083969 0.018229166666666668 0.0648854961832061
0 0.234375 0.9656488549618321 0.036458333333333336 0.06870229007633588
0 0.68359375 0.8244274809160306 0.013020833333333334 0.015267175572519083
0 0.8138020833333334 0.7843511450381679 0.0078125 0.011450381679389313
0 0.4869791666666667 0.7729007633587787 0.005208333333333333 0.011450381679389313
0 0.8111979166666666 0.7652671755725191 0.0026041666666666665 0.003816793893129771
0 0.0026041666666666665 0.7652671755725191 0.005208333333333333 0.003816793893129771
0 0.6705729166666666 0.7404580152671756 0.0026041666666666665 0.007633587786259542
0 0.8203125 0.7423664122137404 0.036458333333333336 0.019083969465648856
0 0.734375 0.7175572519083969 0.015625 0.007633587786259542
0 0.5638020833333334 0.7977099236641222 0.23177083333333334 0.17557251908396945
0 0.4296875 0.7270992366412213 0.08854166666666667 0.03435114503816794
0 0.6171875 0.6927480916030534 0.010416666666666666 0.019083969465648856
0 0.5104166666666666 0.6870229007633588 0.010416666666666666 0.015267175572519083
0 0.91015625 0.6545801526717557 0.0078125 0.011450381679389313
0 0.4934895833333333 0.6240458015267175 0.0026041666666666665 0.003816793893129771
0 0.5208333333333334 0.5095419847328244 0.005208333333333333 0.003816793893129771
0 0.7434895833333334 0.6145038167938931 0.17447916666666666 0.22137404580152673
0 0.7096354166666666 0.5095419847328244 0.0390625 0.019083969465648856
0 0.4791666666666667 0.5057251908396947 0.041666666666666664 0.011450381679389313
0 0.4296875 0.4847328244274809 0.010416666666666666 0.007633587786259542
0 0.4583333333333333 0.3816793893129771 0.03125 0.007633587786259542
0 0.5 0.4580152671755725 1.0 0.8396946564885496
0 0.5364583333333334 0.011450381679389313 0.010416666666666666 0.007633587786259542
0 0.5846354166666666 0.02099236641221374 0.049479166666666664 0.04198473282442748
0 0.51953125 0.009541984732824428 0.018229166666666668 0.019083969465648856
0 0.49609375 0.007633587786259542 0.0234375 0.015267175572519083
0 0.4635416666666667 0.0057251908396946565 0.005208333333333333 0.011450381679389313
0 0.3151041666666667 0.01717557251908397 0.2604166666666667 0.03435114503816794
