0 0.9184322033898306 0.9958563535911602 0.019067796610169493 0.008287292817679558
0 0.01059322033898305 0.9930939226519337 0.00847457627118644 0.013812154696132596
0 0.011652542372881356 0.9737569060773481 0.00211864406779661 0.008287292817679558
0 0.9322033898305084 0.8273480662983426 0.00847457627118644 0.024861878453038673
0 0.451271186440678 0.8922651933701657 0.864406779661017 0.2154696132596685
0 0.6175847457627118 0.75 0.00211864406779661 0.0027624309392265192
0 0.6451271186440678 0.7541436464088398 0.014830508474576272 0.016574585635359115
0 0.6228813559322034 0.7209944751381215 0.012711864406779662 0.011049723756906077
0 0.621822033898305 0.7044198895027625 0.006355932203389831 0.0055248618784530384
0 0.6133474576271186 0.6795580110497238 0.006355932203389831 0.0055248618784530384
0 0.09322033898305085 0.6795580110497238 0.012711864406779662 0.0055248618784530384
0 0.5413135593220338 0.5759668508287292 0.01059322033898305 0.008287292817679558
0 0.10699152542372882 0.5704419889502762 0.006355932203389831 0.0027624309392265192
0 0.05614406779661017 0.6312154696132597 0.0614406779661017 0.13535911602209943
0 0.13241525423728814 0.5497237569060773 0.01059322033898305 0.016574585635359115
0 0.23622881355932204 0.5317679558011049 0.04025423728813559 0.03591160220994475
0 0.3156779661016949 0.5262430939226519 0.05084745762711865 0.07458563535911603
0 0.13983050847457626 0.5082872928176796 0.012711864406779662 0.03867403314917127
0 0.1864406779661017 0.5041436464088398 0.029661016949152543 0.10773480662983426
0 0.4502118644067797 0.5 0.07415254237288135 0.143646408839779
0 0.2129237288135593 0.35359116022099446 0.019067796610169493 0.09944751381215469
0 0.513771186440678 0.3149171270718232 0.01059322033898305 0.03867403314917127
0 0.5201271186440678 0.2845303867403315 0.00211864406779661 0.011049723756906077
0 0.934322033898305 0.21823204419889503 0.0211864406779661 0.03867403314917127
0 0.23622881355932204 0.17955801104972377 0.014830508474576272 0.022099447513812154
0 0.9470338983050848 0.1671270718232044 0.00847457627118644 0.019337016574585635
0 0.9449152542372882 0.10497237569060773 0.012711864406779662 0.049723756906077346
0 0.6292372881355932 0.430939226519337 0.5296610169491526 0.8397790055248618
0 0.4046610169491525 0.04834254143646409 0.029661016949152543 0.09668508287292818
0 0.2309322033898305 0.12016574585635359 0.07203389830508475 0.24033149171270718
0 0.0646186440677966 0.27900552486187846 0.09110169491525423 0.5580110497237569
