0 0.41746641074856045 0.9741100323624595 0.02495201535508637 0.05177993527508091
0 0.3781190019193858 0.9724919093851133 0.04222648752399232 0.05501618122977346
0 0.33205374280230326 0.9724919093851133 0.023032629558541268 0.05501618122977346
0 0.525911708253359 0.970873786407767 0.06525911708253358 0.05825242718446602
0 0.5 0.46601941747572817 1.0 0.8543689320388349
0 0.3531669865642994 0.040453074433656956 0.023032629558541268 0.009708737864077669
0 0.32821497120921306 0.038834951456310676 0.023032629558541268 0.006472491909385114
0 0.5134357005758158 0.01779935275080906 0.06333973128598848 0.03559870550161812
0 0.4088291746641075 0.009708737864077669 0.011516314779270634 0.019417475728155338
0 0.3761996161228407 0.011326860841423949 0.015355086372360844 0.022653721682847898
0 0.3397312859884837 0.011326860841423949 0.015355086372360844 0.022653721682847898
0 0.2927063339731286 0.022653721682847898 0.028790786948176585 0.045307443365695796
