0 0.6506172839506172 0.9963898916967509 0.007407407407407408 0.007220216606498195
0 0.6876543209876543 0.983754512635379 0.022222222222222223 0.032490974729241874
0 0.5308641975308642 0.9747292418772563 0.02962962962962963 0.05054151624548736
0 0.7024691358024692 0.9620938628158845 0.027160493827160494 0.032490974729241874
0 0.4765432098765432 0.9729241877256317 0.044444444444444446 0.05415162454873646
0 0.41975308641975306 0.9711191335740073 0.03950617283950617 0.05776173285198556
0 0.6691358024691358 0.9458483754512635 0.009876543209876543 0.01444043321299639
0 0.6370370370370371 0.9693140794223827 0.014814814814814815 0.061371841155234655
0 0.6790123456790124 0.9386281588447654 0.0049382716049382715 0.007220216606498195
0 0.7641975308641975 0.9530685920577617 0.04691358024691358 0.09386281588447654
0 0.48271604938271606 0.9476534296028881 0.27901234567901234 0.10469314079422383
0 0.6814814814814815 0.010830324909747292 0.0691358024691358 0.021660649819494584
0 0.6370370370370371 0.009025270758122744 0.009876543209876543 0.018050541516245487
0 0.5666666666666667 0.02707581227436823 0.4469135802469136 0.05415162454873646
0 0.5 0.44584837545126355 1.0 0.8916967509025271
