0 0.7007389162561576 0.9892086330935251 0.0024630541871921183 0.007194244604316547
0 0.7118226600985221 0.9766187050359713 0.009852216748768473 0.01079136690647482
0 0.5467980295566502 0.9838129496402878 0.029556650246305417 0.03237410071942446
0 0.49014778325123154 0.9820143884892086 0.059113300492610835 0.03597122302158273
0 0.42610837438423643 0.9820143884892086 0.03940886699507389 0.03597122302158273
0 0.6884236453201971 0.9658273381294964 0.007389162561576354 0.01079136690647482
0 0.6576354679802956 0.9802158273381295 0.014778325123152709 0.039568345323741004
0 0.583743842364532 0.960431654676259 0.458128078817734 0.07913669064748201
0 0.01847290640394089 0.49280575539568344 0.03694581280788178 0.7769784172661871
0 0.5246305418719212 0.49460431654676257 0.9507389162561576 0.7877697841726619
0 0.6822660098522167 0.0539568345323741 0.024630541871921183 0.014388489208633094
0 0.7241379310344828 0.052158273381294966 0.019704433497536946 0.017985611510791366
0 0.6847290640394089 0.03597122302158273 0.0049261083743842365 0.007194244604316547
0 0.7093596059113301 0.017985611510791366 0.04926108374384237 0.03597122302158273
0 0.6564039408866995 0.02697841726618705 0.017241379310344827 0.0539568345323741
0 0.5381773399014779 0.019784172661870502 0.012315270935960592 0.039568345323741004
0 0.5049261083743842 0.019784172661870502 0.014778325123152709 0.039568345323741004
0 0.46551724137931033 0.017985611510791366 0.014778325123152709 0.03597122302158273
0 0.4248768472906404 0.017985611510791366 0.04187192118226601 0.03597122302158273
