0 0.27734375 0.9923664122137404 0.013020833333333334 0.015267175572519083
0 0.5364583333333334 0.9770992366412213 0.015625 0.030534351145038167
0 0.50390625 0.9675572519083969 0.018229166666666668 0.019083969465648856
0 0.5078125 0.9408396946564885 0.005208333333333333 0.003816793893129771
0 0.23958333333333334 0.9694656488549618 0.03125 0.061068702290076333
0 0.3541666666666667 0.9675572519083969 0.03125 0.0648854961832061
0 0.3046875 0.9675572519083969 0.015625 0.0648854961832061
0 0.4739583333333333 0.9599236641221374 0.036458333333333336 0.08015267175572519
0 0.5260416666666666 0.9293893129770993 0.020833333333333332 0.026717557251908396
0 0.4947916666666667 0.9236641221374046 0.010416666666666666 0.015267175572519083
0 0.06770833333333333 0.6412213740458015 0.03125 0.07633587786259542
0 0.14583333333333334 0.6412213740458015 0.11979166666666667 0.08396946564885496
0 0.03515625 0.6450381679389313 0.018229166666666668 0.0916030534351145
0 0.12760416666666666 0.5706106870229007 0.010416666666666666 0.011450381679389313
0 0.19010416666666666 0.5706106870229007 0.0625 0.019083969465648856
0 0.3671875 0.6202290076335878 0.08854166666666667 0.13358778625954199
0 0.99609375 0.08206106870229007 0.0078125 0.05725190839694656
0 0.5 0.5248091603053435 1.0 0.950381679389313
0 0.60546875 0.05725190839694656 0.013020833333333334 0.030534351145038167
0 0.6380208333333334 0.05343511450381679 0.020833333333333332 0.030534351145038167
0 0.5390625 0.04389312977099236 0.08854166666666667 0.026717557251908396
0 0.3919270833333333 0.03435114503816794 0.013020833333333334 0.015267175572519083
0 0.3567708333333333 0.03435114503816794 0.015625 0.022900763358778626
0 0.3190104166666667 0.03435114503816794 0.013020833333333334 0.022900763358778626
0 0.2838541666666667 0.03244274809160305 0.015625 0.019083969465648856
0 0.3411458333333333 0.04961832061068702 0.2760416666666667 0.05343511450381679
0 0.63671875 0.011450381679389313 0.7265625 0.022900763358778626
