0 0.780040733197556 0.9992163009404389 0.008146639511201629 0.001567398119122257
0 0.7576374745417516 0.9984326018808778 0.008146639511201629 0.003134796238244514
0 0.7352342158859471 0.9984326018808778 0.012219959266802444 0.003134796238244514
0 0.7057026476578412 0.9984326018808778 0.014256619144602852 0.003134796238244514
0 0.6934826883910387 0.9984326018808778 0.006109979633401222 0.003134796238244514
0 0.6792260692464358 0.9984326018808778 0.006109979633401222 0.003134796238244514
0 0.8054989816700611 0.9976489028213166 0.010183299389002037 0.004702194357366771
0 0.6496945010183299 0.9976489028213166 0.028513238289205704 0.004702194357366771
0 0.6130346232179226 0.9976489028213166 0.020366598778004074 0.004702194357366771
0 0.5926680244399185 0.9976489028213166 0.012219959266802444 0.004702194357366771
0 0.570264765784114 0.9968652037617555 0.020366598778004074 0.006269592476489028
0 0.5325865580448065 0.9968652037617555 0.03054989816700611 0.006269592476489028
0 0.4959266802443992 0.9960815047021944 0.038696537678207736 0.007836990595611285
0 0.39307535641547864 0.9952978056426333 0.1384928716904277 0.009404388714733543
0 0.3105906313645621 0.9952978056426333 0.02240325865580448 0.009404388714733543
0 0.25865580448065173 0.9952978056426333 0.04480651731160896 0.009404388714733543
0 0.20468431771894094 0.9945141065830722 0.05091649694501019 0.0109717868338558
0 0.1334012219959267 0.9937304075235109 0.026476578411405296 0.012539184952978056
0 0.3604887983706721 0.9772727272727273 0.008146639511201629 0.001567398119122257
0 0.03971486761710794 0.9882445141065831 0.07942973523421588 0.023510971786833857
0 0.0855397148676171 0.9443573667711599 0.1384928716904277 0.023510971786833857
0 0.0845213849287169 0.8753918495297806 0.034623217922606926 0.014106583072100314
0 0.5 0.5109717868338558 1.0 0.9780564263322884
0 0.6527494908350305 0.02037617554858934 0.018329938900203666 0.006269592476489028
0 0.6089613034623218 0.02115987460815047 0.008146639511201629 0.007836990595611285
0 0.6608961303462322 0.009404388714733543 0.006109979633401222 0.006269592476489028
0 0.6181262729124236 0.014106583072100314 0.03054989816700611 0.0219435736677116
0 0.709775967413442 0.014890282131661442 0.018329938900203666 0.029780564263322883
0 0.6832993890020367 0.014890282131661442 0.010183299389002037 0.029780564263322883
0 0.6415478615071283 0.003134796238244514 0.008146639511201629 0.006269592476489028
0 0.5224032586558045 0.009404388714733543 0.010183299389002037 0.018808777429467086
0 0.48574338085539714 0.0109717868338558 0.038696537678207736 0.0219435736677116
0 0.4409368635437882 0.011755485893416929 0.03054989816700611 0.023510971786833857
0 0.48981670061099797 0.018808777429467086 0.20570264765784113 0.03761755485893417
