0 0.001941747572815534 0.9977578475336323 0.003883495145631068 0.004484304932735426
0 0.02621359223300971 0.9790732436472347 0.017475728155339806 0.04185351270553064
0 0.6902912621359223 0.9573991031390134 0.001941747572815534 0.0014947683109118087
0 0.6854368932038835 0.9573991031390134 0.003883495145631068 0.0014947683109118087
0 0.6611650485436893 0.9551569506726457 0.02524271844660194 0.0029895366218236174
0 0.329126213592233 0.9514200298953662 0.005825242718446602 0.0014947683109118087
0 0.014563106796116505 0.9521674140508222 0.009708737864077669 0.005979073243647235
0 0.9980582524271845 0.8841554559043349 0.003883495145631068 0.0014947683109118087
0 0.33300970873786406 0.9147982062780269 0.6194174757281553 0.08071748878923767
0 0.962135922330097 0.8729446935724963 0.02912621359223301 0.02391629297458894
0 0.9097087378640777 0.8639760837070254 0.009708737864077669 0.005979073243647235
0 0.38543689320388347 0.8542600896860987 0.001941747572815534 0.0014947683109118087
0 0.40388349514563104 0.8557548579970105 0.011650485436893204 0.007473841554559043
0 0.8970873786407767 0.8153961136023916 0.031067961165048542 0.016442451420029897
0 0.4320388349514563 0.8026905829596412 0.009708737864077669 0.0029895366218236174
0 0.40194174757281553 0.7645739910313901 0.015533980582524271 0.004484304932735426
0 0.4155339805825243 0.7481315396113603 0.003883495145631068 0.0014947683109118087
0 0.641747572815534 0.7541106128550075 0.009708737864077669 0.028400597907324365
0 0.4436893203883495 0.7406576980568012 0.001941747572815534 0.0014947683109118087
0 0.487378640776699 0.727204783258595 0.007766990291262136 0.01046337817638266
0 0.7757281553398059 0.7585949177877429 0.021359223300970873 0.08221225710014948
0 0.6669902912621359 0.6165919282511211 0.001941747572815534 0.0014947683109118087
0 0.9699029126213592 0.6786248131539612 0.06019417475728155 0.21225710014947682
0 0.9048543689320389 0.7002989536621823 0.11650485436893204 0.273542600896861
0 0.9660194174757282 0.5612855007473841 0.06796116504854369 0.01046337817638266
0 0.7359223300970874 0.6210762331838565 0.04660194174757282 0.13004484304932734
0 0.858252427184466 0.554559043348281 0.02330097087378641 0.008968609865470852
0 0.5951456310679611 0.5844544095665172 0.02912621359223301 0.07174887892376682
0 0.7184466019417476 0.5493273542600897 0.007766990291262136 0.004484304932735426
0 0.4815533980582524 0.6412556053811659 0.05825242718446602 0.20029895366218237
0 0.9650485436893204 0.5448430493273543 0.06990291262135923 0.01046337817638266
0 0.583495145631068 0.5373692077727952 0.009708737864077669 0.007473841554559043
0 0.8524271844660194 0.5373692077727952 0.027184466019417475 0.01046337817638266
0 0.8504854368932039 0.5284005979073244 0.011650485436893204 0.004484304932735426
0 0.4524271844660194 0.5291479820627802 0.007766990291262136 0.005979073243647235
0 0.7165048543689321 0.5306427503736921 0.019417475728155338 0.01195814648729447
0 0.9815533980582525 0.5254110612855007 0.02524271844660194 0.007473841554559043
0 0.9388349514563107 0.523168908819133 0.005825242718446602 0.0029895366218236174
0 0.9572815533980582 0.523916292974589 0.015533980582524271 0.007473841554559043
0 0.8466019417475729 0.5194319880418535 0.02330097087378641 0.01046337817638266
0 0.5786407766990291 0.5164424514200299 0.011650485436893204 0.016442451420029897
0 0.8446601941747572 0.5089686098654709 0.015533980582524271 0.004484304932735426
0 0.44854368932038835 0.5104633781763827 0.007766990291262136 0.007473841554559043
0 0.7116504854368932 0.5112107623318386 0.021359223300970873 0.01195814648729447
0 0.9718446601941747 0.5044843049327354 0.04854368932038835 0.007473841554559043
0 0.9388349514563107 0.5029895366218237 0.009708737864077669 0.007473841554559043
0 0.574757281553398 0.5029895366218237 0.011650485436893204 0.007473841554559043
0 0.8427184466019417 0.49850523168908817 0.019417475728155338 0.007473841554559043
0 0.570873786407767 0.49252615844544095 0.007766990291262136 0.004484304932735426
0 0.4446601941747573 0.49327354260089684 0.007766990291262136 0.005979073243647235
0 0.7067961165048544 0.49252615844544095 0.015533980582524271 0.01046337817638266
0 0.8388349514563107 0.48878923766816146 0.011650485436893204 0.005979073243647235
0 0.9912621359223301 0.4857997010463378 0.017475728155339806 0.005979073243647235
0 0.9533980582524272 0.48355754857997013 0.038834951456310676 0.007473841554559043
0 0.7048543689320388 0.4820627802690583 0.007766990291262136 0.004484304932735426
0 0.9233009708737864 0.4813153961136024 0.009708737864077669 0.005979073243647235
0 0.8368932038834952 0.47832585949177875 0.015533980582524271 0.005979073243647235
0 0.5689320388349515 0.4790732436472347 0.011650485436893204 0.016442451420029897
0 0.43980582524271844 0.4730941704035874 0.005825242718446602 0.004484304932735426
0 0.7029126213592233 0.47159940209267565 0.015533980582524271 0.01046337817638266
0 0.9533980582524272 0.4663677130044843 0.09320388349514563 0.017937219730941704
0 0.8233009708737864 0.46263079222720477 0.038834951456310676 0.016442451420029897
0 0.43592233009708736 0.45440956651718983 0.001941747572815534 0.0029895366218236174
0 0.7417475728155339 0.45366218236173395 0.007766990291262136 0.004484304932735426
0 0.5650485436893203 0.4588938714499253 0.011650485436893204 0.017937219730941704
0 0.6980582524271844 0.45590433482810166 0.021359223300970873 0.017937219730941704
0 0.5611650485436893 0.44469357249626307 0.011650485436893204 0.007473841554559043
0 0.8223300970873786 0.44020926756352763 0.036893203883495145 0.01046337817638266
0 0.6378640776699029 0.42077727952167415 0.001941747572815534 0.0014947683109118087
0 0.5048543689320388 0.4080717488789238 0.003883495145631068 0.0029895366218236174
0 0.5475728155339806 0.3931240657698057 0.031067961165048542 0.09267563527653214
0 0.38932038834951455 0.2608370702541106 0.001941747572815534 0.0014947683109118087
0 0.9019417475728155 0.3542600896860987 0.19611650485436893 0.19730941704035873
0 0.7834951456310679 0.2765321375186846 0.021359223300970873 0.04185351270553064
0 0.6728155339805825 0.3445440956651719 0.06019417475728155 0.1898355754857997
0 0.9864077669902913 0.24663677130044842 0.007766990291262136 0.0029895366218236174
0 0.9097087378640777 0.24588938714499253 0.005825242718446602 0.0014947683109118087
0 0.7456310679611651 0.2414050822122571 0.003883495145631068 0.0014947683109118087
0 0.9902912621359223 0.2406576980568012 0.019417475728155338 0.0029895366218236174
0 0.7873786407766991 0.23916292974588937 0.013592233009708738 0.008968609865470852
0 0.7533980582524272 0.23617339312406577 0.011650485436893204 0.0029895366218236174
0 0.6893203883495146 0.23916292974588937 0.0970873786407767 0.008968609865470852
0 0.37087378640776697 0.23393124065769805 0.003883495145631068 0.0014947683109118087
0 0.4446601941747573 0.22944693572496264 0.011650485436893204 0.0014947683109118087
0 0.8495145631067961 0.22944693572496264 0.03300970873786408 0.004484304932735426
0 0.7902912621359224 0.22944693572496264 0.007766990291262136 0.004484304932735426
0 0.7320388349514563 0.22795216741405083 0.019417475728155338 0.004484304932735426
0 0.5893203883495146 0.2257100149476831 0.009708737864077669 0.0029895366218236174
0 0.4475728155339806 0.22122571001494767 0.005825242718446602 0.0029895366218236174
0 0.9864077669902913 0.2242152466367713 0.027184466019417475 0.02092675635276532
0 0.883495145631068 0.2227204783258595 0.10097087378640776 0.02092675635276532
0 0.8553398058252427 0.21300448430493274 0.03300970873786408 0.004484304932735426
0 0.9922330097087378 0.2055306427503737 0.015533980582524271 0.007473841554559043
0 0.9262135922330097 0.20478325859491778 0.027184466019417475 0.005979073243647235
0 0.4621359223300971 0.2040358744394619 0.027184466019417475 0.004484304932735426
0 0.8640776699029126 0.20328849028400597 0.04271844660194175 0.005979073243647235
0 0.9310679611650485 0.19581464872944693 0.017475728155339806 0.0029895366218236174
0 0.6805825242718446 0.1905829596412556 0.001941747572815534 0.0014947683109118087
0 0.9932038834951457 0.18684603886397608 0.013592233009708738 0.005979073243647235
0 0.9300970873786408 0.1860986547085202 0.04271844660194175 0.007473841554559043
0 0.870873786407767 0.18535127055306427 0.04466019417475728 0.005979073243647235
0 0.9368932038834952 0.17638266068759342 0.02912621359223301 0.005979073243647235
0 0.8 0.1741405082212257 0.019417475728155338 0.0014947683109118087
0 0.870873786407767 0.17488789237668162 0.036893203883495145 0.005979073243647235
0 0.7834951456310679 0.17339312406576982 0.009708737864077669 0.0029895366218236174
0 0.7728155339805826 0.17339312406576982 0.007766990291262136 0.0029895366218236174
0 0.7611650485436893 0.1726457399103139 0.003883495145631068 0.0014947683109118087
0 0.9922330097087378 0.16890881913303438 0.015533980582524271 0.0029895366218236174
0 0.941747572815534 0.16890881913303438 0.03495145631067961 0.005979073243647235
0 0.8786407766990292 0.16666666666666666 0.040776699029126215 0.004484304932735426
0 0.8980582524271845 0.1591928251121076 0.009708737864077669 0.0014947683109118087
0 0.8757281553398059 0.1591928251121076 0.015533980582524271 0.004484304932735426
0 0.8 0.15695067264573992 0.03495145631067961 0.0029895366218236174
0 0.8796116504854369 0.14349775784753363 0.007766990291262136 0.0029895366218236174
0 0.916504854368932 0.10164424514200299 0.07378640776699029 0.07174887892376682
0 0.5077669902912622 0.005979073243647235 0.017475728155339806 0.01195814648729447
0 0.48349514563106794 0.00523168908819133 0.011650485436893204 0.01046337817638266
0 0.3757281553398058 0.002242152466367713 0.040776699029126215 0.004484304932735426
0 0.4495145631067961 0.4342301943198804 0.883495145631068 0.8684603886397608
