0 0.6019900497512438 0.999211356466877 0.003316749585406302 0.0015772870662460567
0 0.4734660033167496 0.999211356466877 0.001658374792703151 0.0015772870662460567
0 0.5058043117744611 0.998422712933754 0.006633499170812604 0.0031545741324921135
0 0.6276948590381426 0.9929022082018928 0.02155887230514096 0.014195583596214511
0 0.587893864013267 0.9929022082018928 0.008291873963515755 0.014195583596214511
0 0.6044776119402985 0.9842271293375394 0.014925373134328358 0.006309148264984227
0 0.62106135986733 0.9826498422712934 0.008291873963515755 0.006309148264984227
0 0.4709784411276949 0.9842271293375394 0.2023217247097844 0.031545741324921134
0 0.6774461028192371 0.9787066246056783 0.04145936981757877 0.04258675078864353
0 0.9734660033167496 0.7783911671924291 0.03980099502487562 0.00473186119873817
0 0.7653399668325042 0.7697160883280757 0.008291873963515755 0.006309148264984227
0 0.9709784411276948 0.7689274447949527 0.04477611940298507 0.007886435331230283
0 0.9369817578772802 0.7681388012618297 0.01658374792703151 0.006309148264984227
0 0.9718076285240465 0.7578864353312302 0.04311774461028192 0.00473186119873817
0 0.9734660033167496 0.7468454258675079 0.04311774461028192 0.00473186119873817
0 0.7661691542288557 0.7373817034700315 0.006633499170812604 0.00473186119873817
0 0.9751243781094527 0.7358044164037855 0.03980099502487562 0.00473186119873817
0 0.9759535655058044 0.7255520504731862 0.03814262023217247 0.006309148264984227
0 0.9742951907131011 0.7137223974763407 0.03814262023217247 0.00473186119873817
0 0.7661691542288557 0.7145110410094637 0.01658374792703151 0.006309148264984227
0 0.9751243781094527 0.7034700315457413 0.03648424543946932 0.006309148264984227
0 0.9776119402985075 0.693217665615142 0.024875621890547265 0.00473186119873817
0 0.7628524046434494 0.693217665615142 0.009950248756218905 0.00473186119873817
0 0.763681592039801 0.6869085173501577 0.008291873963515755 0.00473186119873817
0 0.9767827529021559 0.6837539432176656 0.009950248756218905 0.0015772870662460567
0 0.9792703150912107 0.6735015772870663 0.024875621890547265 0.0031545741324921135
0 0.7628524046434494 0.6727129337539433 0.003316749585406302 0.0015772870662460567
0 0.013266998341625208 0.6735015772870663 0.006633499170812604 0.006309148264984227
0 0.7611940298507462 0.6632492113564669 0.006633499170812604 0.00473186119873817
0 0.013266998341625208 0.6616719242902208 0.006633499170812604 0.007886435331230283
0 0.1252072968490879 0.6506309148264984 0.001658374792703151 0.0015772870662460567
0 0.7620232172470979 0.6309148264984227 0.01824212271973466 0.028391167192429023
0 0.9842454394693201 0.5181388012618297 0.014925373134328358 0.00473186119873817
0 0.9593698175787728 0.5094637223974764 0.011608623548922056 0.0031545741324921135
0 0.7371475953565506 0.5102523659305994 0.004975124378109453 0.00473186119873817
0 0.9892205638474295 0.5078864353312302 0.02155887230514096 0.0031545741324921135
0 0.9825870646766169 0.49842271293375395 0.014925373134328358 0.0031545741324921135
0 0.7520729684908789 0.2697160883280757 0.04145936981757877 0.006309148264984227
0 0.7827529021558872 0.25946372239747634 0.02321724709784411 0.007886435331230283
0 0.7263681592039801 0.25946372239747634 0.009950248756218905 0.007886435331230283
0 0.615257048092869 0.25946372239747634 0.01990049751243781 0.007886435331230283
0 0.2645107794361526 0.25630914826498424 0.001658374792703151 0.0015772870662460567
0 0.25207296849087896 0.25709779179810727 0.009950248756218905 0.0031545741324921135
0 0.2197346600331675 0.25630914826498424 0.04809286898839138 0.00473186119873817
0 0.7769485903814262 0.25 0.008291873963515755 0.00473186119873817
0 0.7271973466003316 0.24921135646687698 0.008291873963515755 0.0031545741324921135
0 0.6475953565505804 0.24921135646687698 0.004975124378109453 0.0031545741324921135
0 0.6310116086235489 0.24921135646687698 0.004975124378109453 0.0031545741324921135
0 0.6144278606965174 0.24921135646687698 0.008291873963515755 0.006309148264984227
0 0.7802653399668324 0.23817034700315456 0.008291873963515755 0.006309148264984227
0 0.7330016583747927 0.23895899053627762 0.009950248756218905 0.007886435331230283
0 0.6550580431177446 0.23895899053627762 0.009950248756218905 0.007886435331230283
0 0.6376451077943616 0.23817034700315456 0.008291873963515755 0.006309148264984227
0 0.6202321724709784 0.23817034700315456 0.009950248756218905 0.006309148264984227
0 0.23134328358208955 0.2358044164037855 0.004975124378109453 0.0015772870662460567
0 0.5862354892205639 0.23738170347003154 0.014925373134328358 0.007886435331230283
0 0.74212271973466 0.2279179810725552 0.004975124378109453 0.0015772870662460567
0 0.7819237147595357 0.22712933753943218 0.004975124378109453 0.0031545741324921135
0 0.7213930348258707 0.22712933753943218 0.003316749585406302 0.0031545741324921135
0 0.24378109452736318 0.22397476340694006 0.05638474295190713 0.00946372239747634
0 0.18325041459369817 0.22476340694006308 0.05472636815920398 0.011041009463722398
0 0.7860696517412935 0.21687697160883282 0.009950248756218905 0.00473186119873817
0 0.7064676616915423 0.21608832807570977 0.013266998341625208 0.0031545741324921135
0 0.7553897180762852 0.21608832807570977 0.011608623548922056 0.006309148264984227
0 0.27114427860696516 0.21293375394321767 0.01824212271973466 0.006309148264984227
0 0.08955223880597014 0.2200315457413249 0.14593698175787728 0.02050473186119874
0 0.21227197346600332 0.21293375394321767 0.09618573797678276 0.00946372239747634
0 0.7744610281923715 0.2058359621451104 0.003316749585406302 0.0015772870662460567
0 0.7827529021558872 0.20504731861198738 0.009950248756218905 0.0031545741324921135
0 0.7454394693200663 0.20504731861198738 0.004975124378109453 0.0031545741324921135
0 0.3018242122719735 0.20189274447949526 0.04643449419568822 0.006309148264984227
0 0.25870646766169153 0.20189274447949526 0.01658374792703151 0.00946372239747634
0 0.21475953565505804 0.20189274447949526 0.06467661691542288 0.00946372239747634
0 0.13266998341625208 0.20189274447949526 0.02321724709784411 0.00946372239747634
0 0.06799336650082918 0.20189274447949526 0.10281923714759536 0.00946372239747634
0 0.7902155887230514 0.19400630914826497 0.008291873963515755 0.006309148264984227
0 0.7371475953565506 0.19400630914826497 0.014925373134328358 0.006309148264984227
0 0.7064676616915423 0.19321766561514195 0.006633499170812604 0.00473186119873817
0 0.5207296849087893 0.1916403785488959 0.003316749585406302 0.0015772870662460567
0 0.3341625207296849 0.19085173501577288 0.02155887230514096 0.006309148264984227
0 0.27611940298507465 0.19085173501577288 0.008291873963515755 0.006309148264984227
0 0.16334991708126037 0.19085173501577288 0.01824212271973466 0.006309148264984227
0 0.13681592039800994 0.19085173501577288 0.014925373134328358 0.006309148264984227
0 0.07213930348258707 0.1916403785488959 0.1077943615257048 0.007886435331230283
0 0.22388059701492538 0.19085173501577288 0.07628524046434494 0.00946372239747634
0 0.7396351575456053 0.1829652996845426 0.009950248756218905 0.0031545741324921135
0 0.7951907131011609 0.18217665615141956 0.008291873963515755 0.00473186119873817
0 0.7628524046434494 0.18217665615141956 0.013266998341625208 0.00473186119873817
0 0.1799336650082919 0.17981072555205047 0.004975124378109453 0.0031545741324921135
0 0.3283582089552239 0.17981072555205047 0.013266998341625208 0.006309148264984227
0 0.16417910447761194 0.17981072555205047 0.009950248756218905 0.006309148264984227
0 0.13018242122719734 0.17823343848580442 0.001658374792703151 0.0031545741324921135
0 0.2777777777777778 0.17902208201892744 0.011608623548922056 0.007886435331230283
0 0.06633499170812604 0.17981072555205047 0.09618573797678276 0.00946372239747634
0 0.7255389718076285 0.17271293375394323 0.008291873963515755 0.00473186119873817
0 0.7860696517412935 0.17271293375394323 0.029850746268656716 0.007886435331230283
0 0.7479270315091211 0.1719242902208202 0.013266998341625208 0.006309148264984227
0 0.6832504145936982 0.17113564668769715 0.006633499170812604 0.00473186119873817
0 0.5306799336650083 0.1695583596214511 0.006633499170812604 0.00473186119873817
0 0.4975124378109453 0.1695583596214511 0.013266998341625208 0.00473186119873817
0 0.28524046434494194 0.1695583596214511 0.009950248756218905 0.00473186119873817
0 0.2064676616915423 0.1695583596214511 0.008291873963515755 0.00473186119873817
0 0.18822553897180763 0.16876971608832808 0.004975124378109453 0.0031545741324921135
0 0.1691542288557214 0.16876971608832808 0.006633499170812604 0.0031545741324921135
0 0.3308457711442786 0.16876971608832808 0.011608623548922056 0.006309148264984227
0 0.23134328358208955 0.1750788643533123 0.07462686567164178 0.01892744479495268
0 0.13764510779436154 0.16798107255520506 0.013266998341625208 0.00473186119873817
0 0.06799336650082918 0.16876971608832808 0.09618573797678276 0.006309148264984227
0 0.7885572139303483 0.16167192429022081 0.014925373134328358 0.00473186119873817
0 0.753731343283582 0.1608832807570978 0.004975124378109453 0.0031545741324921135
0 0.208955223880597 0.15930599369085174 0.003316749585406302 0.0031545741324921135
0 0.3358208955223881 0.15772870662460567 0.011608623548922056 0.006309148264984227
0 0.296849087893864 0.15772870662460567 0.013266998341625208 0.006309148264984227
0 0.27611940298507465 0.15772870662460567 0.008291873963515755 0.006309148264984227
0 0.22470978441127695 0.15615141955835962 0.004975124378109453 0.0031545741324921135
0 0.19485903814262023 0.15772870662460567 0.008291873963515755 0.006309148264984227
0 0.17661691542288557 0.15772870662460567 0.008291873963515755 0.006309148264984227
0 0.1583747927031509 0.15772870662460567 0.008291873963515755 0.006309148264984227
0 0.05887230514096186 0.15694006309148265 0.0779436152570481 0.007886435331230283
0 0.7976782752902156 0.15220820189274448 0.003316749585406302 0.0015772870662460567
0 0.7736318407960199 0.15141955835962145 0.01824212271973466 0.006309148264984227
0 0.6011608623548922 0.14905362776025236 0.004975124378109453 0.0015772870662460567
0 0.736318407960199 0.1498422712933754 0.013266998341625208 0.006309148264984227
0 0.7072968490878938 0.1498422712933754 0.02155887230514096 0.006309148264984227
0 0.6650082918739635 0.1498422712933754 0.009950248756218905 0.006309148264984227
0 0.49087893864013266 0.14826498422712933 0.006633499170812604 0.0031545741324921135
0 0.4734660033167496 0.14826498422712933 0.014925373134328358 0.0031545741324921135
0 0.5414593698175788 0.14668769716088328 0.008291873963515755 0.0031545741324921135
0 0.5157545605306799 0.1474763406940063 0.013266998341625208 0.00473186119873817
0 0.2678275290215589 0.14668769716088328 0.008291873963515755 0.0031545741324921135
0 0.2504145936981758 0.14668769716088328 0.006633499170812604 0.0031545741324921135
0 0.22553897180762852 0.14668769716088328 0.009950248756218905 0.0031545741324921135
0 0.1998341625207297 0.14668769716088328 0.004975124378109453 0.0031545741324921135
0 0.02404643449419569 0.14589905362776026 0.001658374792703151 0.0015772870662460567
0 0.3208955223880597 0.14668769716088328 0.04477611940298507 0.006309148264984227
0 0.4013266998341625 0.1632492113564669 0.10945273631840796 0.04258675078864353
0 0.7479270315091211 0.138801261829653 0.003316749585406302 0.0031545741324921135
0 0.8001658374792703 0.13801261829652997 0.008291873963515755 0.00473186119873817
0 0.19651741293532338 0.13643533123028392 0.001658374792703151 0.0015772870662460567
0 0.33665008291873966 0.13643533123028392 0.01658374792703151 0.00473186119873817
0 0.2943615257048093 0.13643533123028392 0.008291873963515755 0.00473186119873817
0 0.03233830845771144 0.13485804416403785 0.004975124378109453 0.0015772870662460567
0 0.2595356550580431 0.12381703470031545 0.001658374792703151 0.0015772870662460567
0 0.20398009950248755 0.12381703470031545 0.003316749585406302 0.0015772870662460567
0 0.17661691542288557 0.12381703470031545 0.004975124378109453 0.0015772870662460567
0 0.16500829187396351 0.12381703470031545 0.004975124378109453 0.0015772870662460567
0 0.13266998341625208 0.10962145110410094 0.06301824212271974 0.011041009463722398
0 0.2023217247097844 0.1056782334384858 0.04643449419568822 0.022082018927444796
0 0.5 0.48974763406940064 1.0 0.9637223974763407
0 0.6111111111111112 0.008675078864353312 0.008291873963515755 0.00473186119873817
0 0.6376451077943616 0.00473186119873817 0.02155887230514096 0.00946372239747634
0 0.593698175787728 0.005520504731861199 0.009950248756218905 0.011041009463722398
0 0.5099502487562189 0.00473186119873817 0.008291873963515755 0.00946372239747634
0 0.47180762852404645 0.007097791798107256 0.04145936981757877 0.014195583596214511
0 0.42703150912106136 0.00946372239747634 0.03150912106135987 0.01892744479495268
