0 0.4582417582417582 0.9989539748953975 0.002197802197802198 0.0020920502092050207
0 0.9857142857142858 0.9968619246861925 0.02857142857142857 0.006276150627615063
0 0.4989010989010989 0.9968619246861925 0.03076923076923077 0.006276150627615063
0 0.5384615384615384 0.99581589958159 0.013186813186813187 0.008368200836820083
0 0.6604395604395604 0.9905857740585774 0.024175824175824177 0.01882845188284519
0 0.6252747252747253 0.9905857740585774 0.01978021978021978 0.01882845188284519
0 0.6527472527472528 0.9780334728033473 0.008791208791208791 0.006276150627615063
0 0.6362637362637362 0.9790794979079498 0.015384615384615385 0.008368200836820083
0 0.5043956043956044 0.9801255230125523 0.2043956043956044 0.0397489539748954
0 0.7087912087912088 0.9748953974895398 0.046153846153846156 0.0502092050209205
0 0.989010989010989 0.7635983263598326 0.02197802197802198 0.03347280334728033
0 0.9912087912087912 0.7395397489539749 0.017582417582417582 0.006276150627615063
0 0.9923076923076923 0.7301255230125523 0.015384615384615385 0.008368200836820083
0 0.9923076923076923 0.7186192468619247 0.015384615384615385 0.006276150627615063
0 0.9934065934065934 0.7092050209205021 0.013186813186813187 0.0041841004184100415
0 0.9978021978021978 0.6820083682008368 0.004395604395604396 0.0041841004184100415
0 0.8131868131868132 0.6757322175732218 0.008791208791208791 0.0041841004184100415
0 0.9956043956043956 0.6736401673640168 0.008791208791208791 0.0041841004184100415
0 0.8120879120879121 0.6307531380753139 0.015384615384615385 0.02301255230125523
0 0.056043956043956046 0.6182008368200836 0.024175824175824177 0.03138075313807531
0 0.22637362637362637 0.5983263598326359 0.017582417582417582 0.008368200836820083
0 0.8087912087912088 0.600418410041841 0.013186813186813187 0.016736401673640166
0 0.25164835164835164 0.5972803347280334 0.006593406593406593 0.010460251046025104
0 0.29010989010989013 0.5972803347280334 0.05274725274725275 0.014644351464435146
0 0.17472527472527472 0.5983263598326359 0.06373626373626373 0.016736401673640166
0 0.8076923076923077 0.5732217573221757 0.015384615384615385 0.02092050209205021
0 0.013186813186813187 0.6108786610878661 0.026373626373626374 0.100418410041841
0 0.008791208791208791 0.549163179916318 0.017582417582417582 0.010460251046025104
0 0.01098901098901099 0.5324267782426778 0.02197802197802198 0.010460251046025104
0 0.8087912087912088 0.5387029288702929 0.013186813186813187 0.027196652719665274
0 0.27362637362637365 0.5355648535564853 0.46813186813186813 0.03765690376569038
0 0.006593406593406593 0.5135983263598326 0.004395604395604396 0.0020920502092050207
0 0.01098901098901099 0.49581589958158995 0.02197802197802198 0.008368200836820083
0 0.012087912087912088 0.48640167364016734 0.002197802197802198 0.0020920502092050207
0 0.012087912087912088 0.47384937238493724 0.006593406593406593 0.006276150627615063
0 0.00989010989010989 0.46129707112970714 0.006593406593406593 0.006276150627615063
0 0.006593406593406593 0.448744769874477 0.013186813186813187 0.006276150627615063
0 0.006593406593406593 0.4372384937238494 0.004395604395604396 0.0041841004184100415
0 0.9835164835164835 0.4309623430962343 0.01098901098901099 0.008368200836820083
0 0.9846153846153847 0.4205020920502092 0.004395604395604396 0.0041841004184100415
0 0.012087912087912088 0.37343096234309625 0.024175824175824177 0.11506276150627615
0 0.002197802197802198 0.30857740585774057 0.004395604395604396 0.010460251046025104
0 0.002197802197802198 0.28556485355648537 0.004395604395604396 0.006276150627615063
0 0.004395604395604396 0.26359832635983266 0.008791208791208791 0.016736401673640166
0 0.004395604395604396 0.2489539748953975 0.008791208791208791 0.008368200836820083
0 0.002197802197802198 0.23640167364016737 0.004395604395604396 0.0041841004184100415
0 0.2923076923076923 0.19874476987447698 0.035164835164835165 0.0041841004184100415
0 0.001098901098901099 0.18619246861924685 0.002197802197802198 0.0041841004184100415
0 0.014285714285714285 0.12447698744769875 0.02857142857142857 0.08577405857740586
0 0.512087912087912 0.05439330543933055 0.013186813186813187 0.008368200836820083
0 0.6208791208791209 0.049163179916317995 0.01098901098901099 0.006276150627615063
0 0.44395604395604393 0.04288702928870293 0.008791208791208791 0.006276150627615063
0 0.654945054945055 0.043933054393305436 0.013186813186813187 0.012552301255230125
0 0.45604395604395603 0.051255230125523014 0.02857142857142857 0.03138075313807531
0 0.489010989010989 0.04707112970711297 0.01978021978021978 0.027196652719665274
0 0.621978021978022 0.034518828451882845 0.017582417582417582 0.010460251046025104
0 0.5098901098901099 0.03347280334728033 0.013186813186813187 0.008368200836820083
0 0.5 0.5031380753138075 1.0 0.9518828451882845
0 0.6494505494505495 0.027196652719665274 0.006593406593406593 0.0041841004184100415
0 0.5362637362637362 0.04079497907949791 0.017582417582417582 0.03138075313807531
0 0.6615384615384615 0.027196652719665274 0.013186813186813187 0.012552301255230125
0 0.6153846153846154 0.01778242677824268 0.008791208791208791 0.010460251046025104
0 0.6329670329670329 0.006276150627615063 0.008791208791208791 0.0041841004184100415
0 0.6505494505494506 0.005230125523012552 0.008791208791208791 0.010460251046025104
0 0.3131868131868132 0.0041841004184100415 0.22637362637362637 0.008368200836820083
