0 0.5603271983640081 0.9913793103448276 0.0408997955010225 0.017241379310344827
0 0.35276073619631904 0.9672413793103448 0.2065439672801636 0.06551724137931035
0 0.8977505112474438 0.7758620689655172 0.0081799591002045 0.013793103448275862
0 0.852760736196319 0.743103448275862 0.00408997955010225 0.0034482758620689655
0 0.8742331288343558 0.6362068965517241 0.002044989775051125 0.0034482758620689655
0 0.9887525562372188 0.7293103448275862 0.022494887525562373 0.23793103448275862
0 0.8742331288343558 0.5568965517241379 0.002044989775051125 0.0034482758620689655
0 0.0081799591002045 0.5413793103448276 0.016359918200409 0.020689655172413793
0 0.8742331288343558 0.5293103448275862 0.010224948875255624 0.017241379310344827
0 0.9120654396728016 0.4810344827586207 0.0081799591002045 0.017241379310344827
0 0.8609406952965235 0.46206896551724136 0.0081799591002045 0.020689655172413793
0 0.9887525562372188 0.5137931034482759 0.022494887525562373 0.1793103448275862
0 0.8803680981595092 0.35 0.006134969325153374 0.0034482758620689655
0 0.908997955010225 0.3482758620689655 0.03067484662576687 0.013793103448275862
0 0.8936605316973415 0.2396551724137931 0.0081799591002045 0.0034482758620689655
0 0.8916155419222904 0.20689655172413793 0.016359918200409 0.006896551724137931
0 0.99079754601227 0.11551724137931034 0.018404907975460124 0.11379310344827587
0 0.483640081799591 0.49310344827586206 0.967280163599182 0.9241379310344827
0 0.4897750511247444 0.010344827586206896 0.006134969325153374 0.013793103448275862
0 0.5214723926380368 0.006896551724137931 0.0081799591002045 0.013793103448275862
0 0.5040899795501023 0.0017241379310344827 0.002044989775051125 0.0034482758620689655
0 0.46830265848670755 0.006896551724137931 0.0081799591002045 0.013793103448275862
