0 0.2492877492877493 0.9201680672268907 0.017094017094017096 0.0021008403361344537
0 0.2742165242165242 0.9191176470588235 0.007122507122507123 0.0021008403361344537
0 0.26424501424501423 0.9191176470588235 0.007122507122507123 0.0021008403361344537
0 0.13105413105413105 0.9201680672268907 0.21652421652421652 0.004201680672268907
0 0.405982905982906 0.9175420168067226 0.25071225071225073 0.005252100840336135
0 0.5 0.9396008403361344 1.0 0.05777310924369748
0 0.37464387464387466 0.9112394957983193 0.002849002849002849 0.0010504201680672268
0 0.3603988603988604 0.9117647058823529 0.017094017094017096 0.0021008403361344537
0 0.34472934472934474 0.9117647058823529 0.005698005698005698 0.0021008403361344537
0 0.27564102564102566 0.9122899159663865 0.12962962962962962 0.0031512605042016808
0 0.42165242165242167 0.9107142857142857 0.017094017094017096 0.0021008403361344537
0 0.40384615384615385 0.9107142857142857 0.007122507122507123 0.0021008403361344537
0 0.391025641025641 0.9107142857142857 0.01566951566951567 0.0021008403361344537
0 0.46296296296296297 0.9101890756302521 0.05698005698005698 0.0031512605042016808
0 0.04344729344729345 0.9070378151260504 0.004273504273504274 0.0010504201680672268
0 0.03347578347578348 0.9070378151260504 0.007122507122507123 0.0010504201680672268
0 0.24643874643874644 0.9059873949579832 0.002849002849002849 0.0010504201680672268
0 0.22435897435897437 0.9065126050420168 0.029914529914529916 0.0021008403361344537
0 0.1282051282051282 0.9070378151260504 0.15669515669515668 0.0031512605042016808
0 0.9707977207977208 0.9059873949579832 0.024216524216524215 0.0031512605042016808
0 0.306980056980057 0.904936974789916 0.007122507122507123 0.0010504201680672268
0 0.2984330484330484 0.904936974789916 0.004273504273504274 0.0010504201680672268
0 0.28846153846153844 0.9054621848739496 0.004273504273504274 0.0021008403361344537
0 0.2777777777777778 0.9054621848739496 0.005698005698005698 0.0021008403361344537
0 0.2670940170940171 0.9054621848739496 0.004273504273504274 0.0021008403361344537
0 0.36253561253561256 0.904936974789916 0.09544159544159544 0.0031512605042016808
0 0.5904558404558404 0.9028361344537815 0.004273504273504274 0.0010504201680672268
0 0.5227920227920227 0.9028361344537815 0.002849002849002849 0.0010504201680672268
0 0.5113960113960114 0.9033613445378151 0.005698005698005698 0.0021008403361344537
0 0.4935897435897436 0.9033613445378151 0.021367521367521368 0.0021008403361344537
0 0.43945868945868943 0.9038865546218487 0.05555555555555555 0.0031512605042016808
0 0.18304843304843305 0.8996848739495799 0.007122507122507123 0.0010504201680672268
0 0.17236467236467237 0.8996848739495799 0.005698005698005698 0.0010504201680672268
0 0.16096866096866097 0.8996848739495799 0.002849002849002849 0.0010504201680672268
0 0.07621082621082621 0.8996848739495799 0.0014245014245014246 0.0010504201680672268
0 0.3076923076923077 0.898109243697479 0.23646723646723647 0.004201680672268907
0 0.04344729344729345 0.8933823529411765 0.004273504273504274 0.0010504201680672268
0 0.03774928774928775 0.8933823529411765 0.0014245014245014246 0.0010504201680672268
0 0.25783475783475784 0.8923319327731093 0.002849002849002849 0.0010504201680672268
0 0.1282051282051282 0.8928571428571429 0.008547008547008548 0.0021008403361344537
0 0.0876068376068376 0.8928571428571429 0.0698005698005698 0.0021008403361344537
0 0.32549857549857547 0.8912815126050421 0.004273504273504274 0.0010504201680672268
0 0.2678062678062678 0.8918067226890757 0.002849002849002849 0.0021008403361344537
0 0.19373219373219372 0.8923319327731093 0.1168091168091168 0.0031512605042016808
0 0.3611111111111111 0.8907563025210085 0.05270655270655271 0.0021008403361344537
0 0.10968660968660969 0.8860294117647058 0.005698005698005698 0.0010504201680672268
0 0.07692307692307693 0.8860294117647058 0.008547008547008548 0.0010504201680672268
0 0.06837606837606838 0.8860294117647058 0.005698005698005698 0.0010504201680672268
0 0.05626780626780627 0.8860294117647058 0.0014245014245014246 0.0010504201680672268
0 0.046296296296296294 0.8865546218487395 0.007122507122507123 0.0021008403361344537
0 0.35683760683760685 0.8849789915966386 0.004273504273504274 0.0010504201680672268
0 0.09259259259259259 0.8855042016806722 0.017094017094017096 0.0021008403361344537
0 0.40527065527065526 0.8839285714285714 0.004273504273504274 0.0010504201680672268
0 0.3475783475783476 0.884453781512605 0.005698005698005698 0.0021008403361344537
0 0.22792022792022792 0.884453781512605 0.22507122507122507 0.004201680672268907
0 0.08048433048433049 0.8797268907563025 0.0014245014245014246 0.0010504201680672268
0 0.25783475783475784 0.8734243697478992 0.02564102564102564 0.0010504201680672268
0 0.22293447293447294 0.8734243697478992 0.038461538461538464 0.0010504201680672268
0 0.19373219373219372 0.8734243697478992 0.017094017094017096 0.0010504201680672268
0 0.561965811965812 0.8671218487394958 0.007122507122507123 0.0010504201680672268
0 0.542022792022792 0.8671218487394958 0.007122507122507123 0.0010504201680672268
0 0.05270655270655271 0.8629201680672269 0.002849002849002849 0.0010504201680672268
0 0.3084045584045584 0.8618697478991597 0.004273504273504274 0.0010504201680672268
0 0.28846153846153844 0.8623949579831933 0.007122507122507123 0.0021008403361344537
0 0.2799145299145299 0.8618697478991597 0.004273504273504274 0.0010504201680672268
0 0.2692307692307692 0.8623949579831933 0.005698005698005698 0.0021008403361344537
0 0.25854700854700857 0.8618697478991597 0.0014245014245014246 0.0010504201680672268
0 0.14245014245014245 0.8629201680672269 0.1452991452991453 0.0031512605042016808
0 0.0641025641025641 0.8623949579831933 0.005698005698005698 0.0021008403361344537
0 0.32336182336182334 0.8618697478991597 0.017094017094017096 0.0031512605042016808
0 0.5042735042735043 0.854516806722689 0.002849002849002849 0.0010504201680672268
0 0.4943019943019943 0.854516806722689 0.002849002849002849 0.0010504201680672268
0 0.47649572649572647 0.854516806722689 0.007122507122507123 0.0010504201680672268
0 0.10256410256410256 0.8555672268907563 0.13105413105413105 0.0031512605042016808
0 0.09472934472934473 0.8487394957983193 0.10398860398860399 0.004201680672268907
0 0.06125356125356125 0.835609243697479 0.042735042735042736 0.0031512605042016808
0 0.49145299145299143 0.8303571428571429 0.011396011396011397 0.0010504201680672268
0 0.4537037037037037 0.8303571428571429 0.004273504273504274 0.0010504201680672268
0 0.37464387464387466 0.8298319327731093 0.005698005698005698 0.0021008403361344537
0 0.36538461538461536 0.8293067226890757 0.004273504273504274 0.0010504201680672268
0 0.31695156695156695 0.8293067226890757 0.0014245014245014246 0.0010504201680672268
0 0.29772079772079774 0.8293067226890757 0.002849002849002849 0.0010504201680672268
0 0.28774928774928776 0.8287815126050421 0.005698005698005698 0.0021008403361344537
0 0.2799145299145299 0.8287815126050421 0.004273504273504274 0.0021008403361344537
0 0.21652421652421652 0.8282563025210085 0.014245014245014245 0.0010504201680672268
0 0.2022792022792023 0.8282563025210085 0.005698005698005698 0.0010504201680672268
0 0.16524216524216523 0.8287815126050421 0.005698005698005698 0.0021008403361344537
0 0.053418803418803416 0.8287815126050421 0.004273504273504274 0.0021008403361344537
0 0.14031339031339032 0.8282563025210085 0.03561253561253561 0.0031512605042016808
0 0.9829059829059829 0.8103991596638656 0.011396011396011397 0.0031512605042016808
0 0.9836182336182336 0.8025210084033614 0.004273504273504274 0.0021008403361344537
0 0.8041310541310541 0.8093487394957983 0.08404558404558404 0.02415966386554622
0 0.594017094017094 0.8077731092436975 0.042735042735042736 0.03361344537815126
0 0.6666666666666666 0.803046218487395 0.150997150997151 0.0430672268907563
0 0.5726495726495726 0.7841386554621849 0.011396011396011397 0.011554621848739496
0 0.8568376068376068 0.7804621848739496 0.007122507122507123 0.008403361344537815
0 0.5826210826210826 0.8004201680672269 0.05413105413105413 0.04831932773109244
0 0.31695156695156695 0.7767857142857143 0.004273504273504274 0.0010504201680672268
0 0.28205128205128205 0.7757352941176471 0.008547008547008548 0.0010504201680672268
0 0.6531339031339032 0.7878151260504201 0.04985754985754986 0.0273109243697479
0 0.254985754985755 0.7757352941176471 0.042735042735042736 0.0031512605042016808
0 0.2150997150997151 0.7752100840336135 0.017094017094017096 0.0021008403361344537
0 0.19444444444444445 0.7746848739495799 0.007122507122507123 0.0031512605042016808
0 0.15954415954415954 0.7736344537815126 0.011396011396011397 0.0031512605042016808
0 0.14387464387464388 0.773109243697479 0.002849002849002849 0.0021008403361344537
0 0.12464387464387465 0.7725840336134454 0.0014245014245014246 0.0010504201680672268
0 0.28205128205128205 0.7988445378151261 0.5641025641025641 0.05357142857142857
0 0.5833333333333334 0.7720588235294118 0.004273504273504274 0.0021008403361344537
0 0.13247863247863248 0.7725840336134454 0.008547008547008548 0.0031512605042016808
0 0.11467236467236468 0.7725840336134454 0.007122507122507123 0.0031512605042016808
0 0.09116809116809117 0.7715336134453782 0.008547008547008548 0.0031512605042016808
0 0.06623931623931624 0.7699579831932774 0.018518518518518517 0.0021008403361344537
0 0.3162393162393162 0.7699579831932774 0.019943019943019943 0.004201680672268907
0 0.2913105413105413 0.7694327731092437 0.004273504273504274 0.0031512605042016808
0 0.2670940170940171 0.7689075630252101 0.004273504273504274 0.0021008403361344537
0 0.25925925925925924 0.7683823529411765 0.005698005698005698 0.0010504201680672268
0 0.24643874643874644 0.7683823529411765 0.008547008547008548 0.0010504201680672268
0 0.04985754985754986 0.7689075630252101 0.011396011396011397 0.0021008403361344537
0 0.03632478632478633 0.7683823529411765 0.0014245014245014246 0.0010504201680672268
0 0.7735042735042735 0.7914915966386554 0.15669515669515668 0.06197478991596639
0 0.14743589743589744 0.7610294117647058 0.004273504273504274 0.0010504201680672268
0 0.15954415954415954 0.7605042016806722 0.008547008547008548 0.0021008403361344537
0 0.35327635327635326 0.7573529411764706 0.008547008547008548 0.0021008403361344537
0 0.29415954415954415 0.7573529411764706 0.007122507122507123 0.0021008403361344537
0 0.28205128205128205 0.756827731092437 0.005698005698005698 0.0010504201680672268
0 0.3212250712250712 0.7573529411764706 0.03276353276353276 0.004201680672268907
0 0.25213675213675213 0.7563025210084033 0.005698005698005698 0.0021008403361344537
0 0.21723646723646722 0.7557773109243697 0.0014245014245014246 0.0010504201680672268
0 0.20868945868945868 0.7557773109243697 0.004273504273504274 0.0010504201680672268
0 0.8831908831908832 0.7510504201680672 0.005698005698005698 0.0021008403361344537
0 0.8931623931623932 0.75 0.002849002849002849 0.0021008403361344537
0 0.14957264957264957 0.7484243697478992 0.005698005698005698 0.0010504201680672268
0 0.9188034188034188 0.7830882352941176 0.1623931623931624 0.07247899159663866
0 0.9102564102564102 0.7478991596638656 0.008547008547008548 0.0021008403361344537
0 0.1396011396011396 0.7478991596638656 0.005698005698005698 0.0021008403361344537
0 0.13105413105413105 0.7473739495798319 0.002849002849002849 0.0010504201680672268
0 0.4066951566951567 0.7463235294117647 0.004273504273504274 0.0010504201680672268
0 0.33404558404558404 0.7468487394957983 0.01282051282051282 0.0021008403361344537
0 0.1168091168091168 0.7468487394957983 0.008547008547008548 0.0021008403361344537
0 0.4323361823361823 0.7452731092436975 0.01566951566951567 0.0031512605042016808
0 0.9316239316239316 0.7452731092436975 0.02564102564102564 0.005252100840336135
0 0.4586894586894587 0.7442226890756303 0.03418803418803419 0.0031512605042016808
0 0.8995726495726496 0.7421218487394958 0.007122507122507123 0.0010504201680672268
0 0.1452991452991453 0.7421218487394958 0.005698005698005698 0.0010504201680672268
0 0.9245014245014245 0.7400210084033614 0.008547008547008548 0.0010504201680672268
0 0.9401709401709402 0.7379201680672269 0.002849002849002849 0.0010504201680672268
0 0.16452991452991453 0.7373949579831933 0.004273504273504274 0.0021008403361344537
0 0.13675213675213677 0.7368697478991597 0.002849002849002849 0.0010504201680672268
0 0.344017094017094 0.7358193277310925 0.007122507122507123 0.0010504201680672268
0 0.4373219373219373 0.7347689075630253 0.005698005698005698 0.0010504201680672268
0 0.2606837606837607 0.7347689075630253 0.002849002849002849 0.0010504201680672268
0 0.1225071225071225 0.7352941176470589 0.005698005698005698 0.0021008403361344537
0 0.11324786324786325 0.7352941176470589 0.007122507122507123 0.0021008403361344537
0 0.4180911680911681 0.7347689075630253 0.029914529914529916 0.0031512605042016808
0 0.905982905982906 0.7347689075630253 0.05698005698005698 0.007352941176470588
0 0.8874643874643875 0.7289915966386554 0.005698005698005698 0.0021008403361344537
0 0.9123931623931624 0.726890756302521 0.018518518518518517 0.004201680672268907
0 0.16096866096866097 0.7258403361344538 0.014245014245014245 0.0021008403361344537
0 0.14031339031339032 0.7247899159663865 0.01566951566951567 0.0021008403361344537
0 0.12535612535612536 0.7237394957983193 0.005698005698005698 0.0021008403361344537
0 0.8874643874643875 0.7221638655462185 0.005698005698005698 0.0031512605042016808
0 0.9038461538461539 0.7205882352941176 0.024216524216524215 0.004201680672268907
0 0.8262108262108262 0.7205882352941176 0.02849002849002849 0.004201680672268907
0 0.8518518518518519 0.7184873949579832 0.002849002849002849 0.0021008403361344537
0 0.8603988603988604 0.717436974789916 0.002849002849002849 0.0021008403361344537
0 0.36752136752136755 0.717436974789916 0.008547008547008548 0.0021008403361344537
0 0.3561253561253561 0.717436974789916 0.011396011396011397 0.0021008403361344537
0 0.9658119658119658 0.7148109243697479 0.002849002849002849 0.0010504201680672268
0 0.9572649572649573 0.7153361344537815 0.005698005698005698 0.0021008403361344537
0 0.8888888888888888 0.7148109243697479 0.002849002849002849 0.0010504201680672268
0 0.7870370370370371 0.7116596638655462 0.004273504273504274 0.0010504201680672268
0 0.15384615384615385 0.7121848739495799 0.005698005698005698 0.0021008403361344537
0 0.13675213675213677 0.7116596638655462 0.019943019943019943 0.0031512605042016808
0 0.11182336182336182 0.7100840336134454 0.007122507122507123 0.0021008403361344537
0 0.1047008547008547 0.7095588235294118 0.004273504273504274 0.0010504201680672268
0 0.7706552706552706 0.7064075630252101 0.002849002849002849 0.0010504201680672268
0 0.06766381766381767 0.7069327731092437 0.004273504273504274 0.0021008403361344537
0 0.8169515669515669 0.7085084033613446 0.05270655270655271 0.007352941176470588
0 0.04843304843304843 0.7053571428571429 0.002849002849002849 0.0010504201680672268
0 0.792022792022792 0.7043067226890757 0.002849002849002849 0.0010504201680672268
0 0.3198005698005698 0.7048319327731093 0.004273504273504274 0.0021008403361344537
0 0.863960113960114 0.7043067226890757 0.009971509971509971 0.0031512605042016808
0 0.7350427350427351 0.7032563025210085 0.002849002849002849 0.0010504201680672268
0 0.7264957264957265 0.6964285714285714 0.022792022792022793 0.004201680672268907
0 0.8048433048433048 0.6964285714285714 0.09401709401709402 0.01050420168067227
0 0.7670940170940171 0.6932773109243697 0.04985754985754986 0.0063025210084033615
0 0.8133903133903134 0.6885504201680672 0.039886039886039885 0.005252100840336135
0 0.5883190883190883 0.6822478991596639 0.005698005698005698 0.0031512605042016808
0 0.8176638176638177 0.6801470588235294 0.002849002849002849 0.0010504201680672268
0 0.7663817663817664 0.6848739495798319 0.09116809116809117 0.01050420168067227
0 0.9088319088319088 0.6796218487394958 0.005698005698005698 0.0021008403361344537
0 0.8995726495726496 0.6796218487394958 0.004273504273504274 0.0021008403361344537
0 0.6923076923076923 0.678046218487395 0.008547008547008548 0.0010504201680672268
0 0.443019943019943 0.6822478991596639 0.03133903133903134 0.009453781512605041
0 0.7386039886039886 0.680672268907563 0.10398860398860399 0.01050420168067227
0 0.7143874643874644 0.6759453781512605 0.004273504273504274 0.0010504201680672268
0 0.7051282051282052 0.6759453781512605 0.002849002849002849 0.0010504201680672268
0 0.47150997150997154 0.6759453781512605 0.002849002849002849 0.0031512605042016808
0 0.9423076923076923 0.6754201680672269 0.0584045584045584 0.008403361344537815
0 0.7492877492877493 0.6722689075630253 0.05698005698005698 0.0063025210084033615
0 0.8668091168091168 0.6685924369747899 0.004273504273504274 0.0010504201680672268
0 0.39672364672364674 0.678046218487395 0.04985754985754986 0.01995798319327731
0 0.7913105413105413 0.6680672268907563 0.004273504273504274 0.0021008403361344537
0 0.9636752136752137 0.667016806722689 0.009971509971509971 0.0021008403361344537
0 0.8753561253561254 0.6675420168067226 0.007122507122507123 0.0031512605042016808
0 0.8176638176638177 0.6654411764705882 0.005698005698005698 0.0010504201680672268
0 0.02207977207977208 0.6654411764705882 0.007122507122507123 0.005252100840336135
0 0.4465811965811966 0.6675420168067226 0.009971509971509971 0.01365546218487395
0 0.8774928774928775 0.6601890756302521 0.005698005698005698 0.0010504201680672268
0 0.8490028490028491 0.6628151260504201 0.045584045584045586 0.0063025210084033615
0 0.9259259259259259 0.6622899159663865 0.08831908831908832 0.011554621848739496
0 0.8475783475783476 0.6565126050420168 0.005698005698005698 0.0021008403361344537
0 0.3005698005698006 0.6475840336134454 0.03418803418803419 0.01365546218487395
0 0.26424501424501423 0.6302521008403361 0.009971509971509971 0.0021008403361344537
0 0.06552706552706553 0.6244747899159664 0.002849002849002849 0.0010504201680672268
0 0.15598290598290598 0.6255252100840336 0.06695156695156695 0.015756302521008403
0 0.07834757834757834 0.6092436974789915 0.005698005698005698 0.004201680672268907
0 0.5 0.5756302521008403 1.0 0.226890756302521
0 0.7970085470085471 0.46271008403361347 0.18376068376068377 0.007352941176470588
0 0.938034188034188 0.45535714285714285 0.004273504273504274 0.0010504201680672268
0 0.4793447293447293 0.45588235294117646 0.9415954415954416 0.02100840336134454
0 0.9301994301994302 0.4422268907563025 0.011396011396011397 0.0021008403361344537
0 0.4772079772079772 0.44485294117647056 0.9373219373219374 0.026260504201680673
0 0.03561253561253561 0.43014705882352944 0.005698005698005698 0.0010504201680672268
0 0.07264957264957266 0.42909663865546216 0.002849002849002849 0.0010504201680672268
0 0.053418803418803416 0.42962184873949577 0.021367521367521368 0.0021008403361344537
0 0.9237891737891738 0.42857142857142855 0.024216524216524215 0.004201680672268907
0 0.47863247863247865 0.42909663865546216 0.9116809116809117 0.01995798319327731
0 0.07905982905982906 0.4164915966386555 0.004273504273504274 0.0010504201680672268
0 0.07122507122507123 0.4164915966386555 0.008547008547008548 0.0010504201680672268
0 0.8874643874643875 0.41491596638655465 0.005698005698005698 0.0021008403361344537
0 0.9131054131054132 0.41491596638655465 0.042735042735042736 0.004201680672268907
0 0.4807692307692308 0.41544117647058826 0.8988603988603988 0.01995798319327731
0 0.013532763532763533 0.4065126050420168 0.027065527065527065 0.0063025210084033615
0 0.038461538461538464 0.40441176470588236 0.008547008547008548 0.004201680672268907
0 0.0698005698005698 0.4017857142857143 0.03133903133903134 0.0031512605042016808
0 0.8931623931623932 0.4007352941176471 0.09116809116809117 0.005252100840336135
0 0.08048433048433049 0.38865546218487396 0.004273504273504274 0.0021008403361344537
0 0.9978632478632479 0.29989495798319327 0.004273504273504274 0.0031512605042016808
0 0.9857549857549858 0.2925420168067227 0.002849002849002849 0.0031512605042016808
0 0.9743589743589743 0.2757352941176471 0.005698005698005698 0.007352941176470588
0 0.9750712250712251 0.26838235294117646 0.004273504273504274 0.0031512605042016808
0 0.9764957264957265 0.25630252100840334 0.004273504273504274 0.008403361344537815
0 0.948005698005698 0.23792016806722688 0.004273504273504274 0.0031512605042016808
0 0.9757834757834758 0.23844537815126052 0.005698005698005698 0.012605042016806723
0 0.9764957264957265 0.23056722689075632 0.0014245014245014246 0.0010504201680672268
0 0.9764957264957265 0.21271008403361344 0.0014245014245014246 0.0031512605042016808
0 0.9594017094017094 0.20010504201680673 0.004273504273504274 0.011554621848739496
0 0.9601139601139601 0.19012605042016806 0.002849002849002849 0.004201680672268907
0 0.002136752136752137 0.0351890756302521 0.004273504273504274 0.0031512605042016808
0 0.5049857549857549 0.21165966386554622 0.99002849002849 0.375
