0 0.5169039145907474 0.9970119521912351 0.012455516014234875 0.00597609561752988
0 0.4092526690391459 0.9880478087649402 0.16725978647686832 0.02390438247011952
0 0.5782918149466192 0.9860557768924303 0.03202846975088968 0.027888446215139442
0 0.9128113879003559 0.8615537848605578 0.10676156583629894 0.11752988047808766
0 0.9314946619217082 0.7420318725099602 0.012455516014234875 0.00597609561752988
0 0.47330960854092524 0.5936254980079682 0.010676156583629894 0.00796812749003984
0 0.8798932384341637 0.6264940239043825 0.20106761565836298 0.08167330677290836
0 0.6779359430604982 0.5806772908366534 0.0035587188612099642 0.00199203187250996
0 0.5782918149466192 0.5896414342629482 0.18861209964412812 0.02390438247011952
0 0.708185053380783 0.5806772908366534 0.017793594306049824 0.0099601593625498
0 0.8096085409252669 0.5776892430278885 0.07829181494661921 0.01195219123505976
0 0.5346975088967971 0.5717131474103586 0.0017793594306049821 0.00398406374501992
0 0.8843416370106761 0.5727091633466136 0.06405693950177936 0.013944223107569721
0 0.552491103202847 0.5697211155378487 0.026690391459074734 0.01195219123505976
0 0.9314946619217082 0.5667330677290837 0.023131672597864767 0.0099601593625498
0 0.34519572953736655 0.5607569721115537 0.0071174377224199285 0.00199203187250996
0 0.3612099644128114 0.7569721115537849 0.7224199288256228 0.398406374501992
0 0.3807829181494662 0.5587649402390438 0.0498220640569395 0.00597609561752988
0 0.6583629893238434 0.5637450199203188 0.18149466192170818 0.0199203187250996
0 0.791814946619217 0.5567729083665338 0.03914590747330961 0.0099601593625498
0 0.5186832740213523 0.5527888446215139 0.005338078291814947 0.00199203187250996
0 0.5533807829181495 0.5517928286852589 0.014234875444839857 0.00398406374501992
0 0.5355871886120996 0.5527888446215139 0.014234875444839857 0.00597609561752988
0 0.46352313167259784 0.5547808764940239 0.09430604982206406 0.0099601593625498
0 0.5774021352313167 0.5507968127490039 0.019572953736654804 0.00597609561752988
0 0.03202846975088968 0.5507968127490039 0.03202846975088968 0.00597609561752988
0 0.9110320284697508 0.548804780876494 0.046263345195729534 0.0099601593625498
0 0.3167259786476868 0.547808764940239 0.18861209964412812 0.01195219123505976
0 0.547153024911032 0.5398406374501992 0.005338078291814947 0.00398406374501992
0 0.646797153024911 0.5348605577689243 0.005338078291814947 0.00199203187250996
0 0.8193950177935944 0.5199203187250996 0.26512455516014233 0.03187250996015936
0 0.952846975088968 0.500996015936255 0.012455516014234875 0.00597609561752988
0 0.9697508896797153 0.23207171314741035 0.0035587188612099642 0.00199203187250996
0 0.49644128113879005 0.301792828685259 0.9928825622775801 0.48804780876494025
0 0.5658362989323843 0.04780876494023904 0.0035587188612099642 0.00398406374501992
0 0.5266903914590747 0.037848605577689244 0.0071174377224199285 0.01195219123505976
0 0.45907473309608543 0.03386454183266932 0.014234875444839857 0.035856573705179286
0 0.38701067615658363 0.03386454183266932 0.012455516014234875 0.035856573705179286
0 0.42437722419928825 0.03286852589641434 0.030249110320284697 0.037848605577689244
