0 0.4648648648648649 0.9841897233201581 0.02702702702702703 0.03162055335968379
0 0.572972972972973 0.9822134387351779 0.032432432432432434 0.03557312252964427
0 0.5243243243243243 0.9822134387351779 0.05945945945945946 0.03557312252964427
0 0.6783783783783783 0.974308300395257 0.016216216216216217 0.05138339920948617
0 0.7364864864864865 0.9723320158102767 0.04054054054054054 0.05533596837944664
0 0.7081081081081081 0.9525691699604744 0.010810810810810811 0.015810276679841896
0 0.9972972972972973 0.1324110671936759 0.005405405405405406 0.003952569169960474
0 0.5 0.5 1.0 0.849802371541502
0 0.8162162162162162 0.03162055335968379 0.05405405405405406 0.06324110671936758
0 0.7283783783783784 0.023715415019762844 0.08378378378378379 0.04743083003952569
0 0.5837837837837838 0.019762845849802372 0.016216216216216217 0.039525691699604744
0 0.5283783783783784 0.023715415019762844 0.04594594594594595 0.04743083003952569
0 0.47162162162162163 0.023715415019762844 0.04594594594594595 0.04743083003952569
0 0.5378378378378378 0.043478260869565216 0.2756756756756757 0.08695652173913043
