0 0.7275280898876404 0.7971698113207547 0.12172284644194757 0.04716981132075472
0 0.8698501872659176 0.7232704402515723 0.0018726591760299626 0.006289308176100629
0 0.8698501872659176 0.7044025157232704 0.0018726591760299626 0.006289308176100629
0 0.8707865168539326 0.6855345911949685 0.003745318352059925 0.006289308176100629
0 0.8707865168539326 0.6666666666666666 0.003745318352059925 0.006289308176100629
0 0.8295880149812734 0.09433962264150944 0.003745318352059925 0.006289308176100629
0 0.5 0.5141509433962265 1.0 0.8647798742138365
0 0.4344569288389513 0.050314465408805034 0.011235955056179775 0.006289308176100629
0 0.41760299625468167 0.0440251572327044 0.003745318352059925 0.012578616352201259
0 0.46722846441947563 0.03930817610062893 0.009363295880149813 0.0220125786163522
0 0.4288389513108614 0.031446540880503145 0.003745318352059925 0.006289308176100629
0 0.41853932584269665 0.0110062893081761 0.0018726591760299626 0.009433962264150943
0 0.5056179775280899 0.03459119496855346 0.033707865168539325 0.06918238993710692
0 0.34269662921348315 0.018867924528301886 0.00749063670411985 0.03773584905660377
0 0.30243445692883897 0.018867924528301886 0.028089887640449437 0.03773584905660377
0 0.2640449438202247 0.018867924528301886 0.026217228464419477 0.03773584905660377
0 0.3099250936329588 0.036163522012578615 0.19288389513108614 0.07232704402515723
