0 0.22614107883817428 0.9239019407558733 0.0013831258644536654 0.0010214504596527069
0 0.1542185338865837 0.9131767109295199 0.004149377593360996 0.0020429009193054137
0 0.08852005532503458 0.9141981613891726 0.12171507607192254 0.006128702757916241
0 0.035961272475795295 0.90755873340143 0.0027662517289073307 0.0010214504596527069
0 0.42254495159059474 0.9090909090909091 0.21715076071922546 0.006128702757916241
0 0.09612724757952974 0.9070480081716037 0.009681881051175657 0.0020429009193054137
0 0.07607192254495158 0.9070480081716037 0.016597510373443983 0.0020429009193054137
0 0.06154910096818811 0.9070480081716037 0.006915629322268326 0.0020429009193054137
0 0.04702627939142462 0.9070480081716037 0.016597510373443983 0.0020429009193054137
0 0.11825726141078838 0.9065372829417774 0.02351313969571231 0.0030643513789581204
0 0.5034578146611342 0.9356486210418795 0.9930843706777317 0.06332992849846783
0 0.4170124481327801 0.9029622063329928 0.21161825726141079 0.006128702757916241
0 0.07814661134163209 0.900408580183861 0.09266943291839558 0.005107252298263534
0 0.793222683264177 0.9024514811031665 0.36929460580912865 0.011235955056179775
0 0.6680497925311203 0.8983656792645557 0.1272475795297372 0.005107252298263534
0 0.4170124481327801 0.8947906026557712 0.19778699861687413 0.006128702757916241
0 0.07261410788381743 0.8932584269662921 0.07883817427385892 0.0030643513789581204
0 0.8485477178423236 0.8947906026557712 0.2143845089903181 0.008171603677221655
0 0.6120331950207469 0.8922369765066395 0.02627939142461964 0.0030643513789581204
0 0.6839557399723375 0.8907048008171604 0.012448132780082987 0.0020429009193054137
0 0.7060857538035962 0.890194075587334 0.029045643153526972 0.0030643513789581204
0 0.6562932226832642 0.8912155260469867 0.03734439834024896 0.005107252298263534
0 0.7468879668049793 0.8896833503575077 0.013831258644536652 0.0040858018386108275
0 0.7980636237897649 0.8886618998978549 0.08575380359612725 0.0040858018386108275
0 0.4073305670816044 0.8886618998978549 0.1950207468879668 0.006128702757916241
0 0.5961272475795297 0.8850868232890705 0.0027662517289073307 0.0010214504596527069
0 0.06915629322268327 0.8866189989785496 0.07192254495159059 0.0040858018386108275
0 0.8990318118948825 0.8861082737487231 0.11341632088520055 0.005107252298263534
0 0.6770401106500692 0.8840653728294178 0.0013831258644536654 0.0010214504596527069
0 0.6597510373443983 0.8840653728294178 0.0027662517289073307 0.0010214504596527069
0 0.6417704011065007 0.8845760980592441 0.0027662517289073307 0.0020429009193054137
0 0.6929460580912863 0.8835546475995915 0.016597510373443983 0.0020429009193054137
0 0.7392807745504841 0.883043922369765 0.009681881051175657 0.0030643513789581204
0 0.7130013831258645 0.883043922369765 0.006915629322268326 0.0030643513789581204
0 0.40525587828492393 0.8804902962206334 0.1825726141078838 0.006128702757916241
0 0.06431535269709543 0.8794688457609806 0.06224066390041494 0.0040858018386108275
0 0.8561549100968188 0.8799795709908069 0.19640387275242047 0.007150153217568948
0 0.7019363762102351 0.8764044943820225 0.004149377593360996 0.0020429009193054137
0 0.6887966804979253 0.8764044943820225 0.005532503457814661 0.0020429009193054137
0 0.7337482710926694 0.8758937691521961 0.012448132780082987 0.0030643513789581204
0 0.7800829875518672 0.8748723186925434 0.04979253112033195 0.0030643513789581204
0 0.03872752420470263 0.8733401430030644 0.005532503457814661 0.0020429009193054137
0 0.9273858921161826 0.8718079673135853 0.012448132780082987 0.0010214504596527069
0 0.8955739972337483 0.8723186925434117 0.0318118948824343 0.0020429009193054137
0 0.07468879668049792 0.8723186925434117 0.022130013831258646 0.0020429009193054137
0 0.05325034578146611 0.8723186925434117 0.015214384508990318 0.0020429009193054137
0 0.39557399723374825 0.8738508682328907 0.1798063623789765 0.007150153217568948
0 0.7289073305670816 0.8692543411644535 0.005532503457814661 0.0020429009193054137
0 0.7185338865836791 0.8687436159346271 0.0013831258644536654 0.0010214504596527069
0 0.6950207468879668 0.8692543411644535 0.004149377593360996 0.0020429009193054137
0 0.4094052558782849 0.8667007150153218 0.0027662517289073307 0.0010214504596527069
0 0.7786998616874136 0.8677221654749745 0.06085753803596127 0.005107252298263534
0 0.4654218533886584 0.8661899897854954 0.004149377593360996 0.0020429009193054137
0 0.4557399723374827 0.8661899897854954 0.004149377593360996 0.0020429009193054137
0 0.4460580912863071 0.8661899897854954 0.006915629322268326 0.0020429009193054137
0 0.4280774550484094 0.8667007150153218 0.02627939142461964 0.0030643513789581204
0 0.05739972337482711 0.8667007150153218 0.040110650069156296 0.0030643513789581204
0 0.91701244813278 0.865679264555669 0.06915629322268327 0.005107252298263534
0 0.7199170124481328 0.8626149131767109 0.0013831258644536654 0.0010214504596527069
0 0.7130013831258645 0.8626149131767109 0.006915629322268326 0.0010214504596527069
0 0.7026279391424619 0.8626149131767109 0.0027662517289073307 0.0010214504596527069
0 0.7627939142461964 0.8615934627170582 0.03734439834024896 0.0030643513789581204
0 0.06154910096818811 0.8600612870275791 0.02351313969571231 0.0020429009193054137
0 0.9343015214384509 0.8585291113381001 0.0013831258644536654 0.0010214504596527069
0 0.9273858921161826 0.8585291113381001 0.006915629322268326 0.0010214504596527069
0 0.9038727524204703 0.8590398365679265 0.017980636237897647 0.0020429009193054137
0 0.3900414937759336 0.8610827374872319 0.16044260027662519 0.006128702757916241
0 0.7012448132780082 0.8564862104187947 0.0027662517289073307 0.0010214504596527069
0 0.44744121715076074 0.8544433094994893 0.004149377593360996 0.0010214504596527069
0 0.7614107883817427 0.855464759959142 0.04564315352697095 0.005107252298263534
0 0.4239280774550484 0.8544433094994893 0.0318118948824343 0.0030643513789581204
0 0.058782849239280774 0.8544433094994893 0.02074688796680498 0.0030643513789581204
0 0.9529737206085753 0.8513789581205311 0.0027662517289073307 0.0010214504596527069
0 0.926002766251729 0.8518896833503575 0.04564315352697095 0.0040858018386108275
0 0.6562932226832642 0.8503575076608785 0.0013831258644536654 0.0010214504596527069
0 0.7005532503457814 0.8493360572012257 0.017980636237897647 0.0030643513789581204
0 0.7531120331950207 0.8488253319713994 0.040110650069156296 0.0040858018386108275
0 0.3852005532503458 0.8493360572012257 0.14522821576763487 0.007150153217568948
0 0.04564315352697095 0.8478038815117467 0.04426002766251729 0.0040858018386108275
0 0.9301521438450899 0.8452502553626149 0.029045643153526972 0.0030643513789581204
0 0.6625172890733056 0.8432073544433095 0.0027662517289073307 0.0010214504596527069
0 0.7199170124481328 0.8421859039836568 0.006915629322268326 0.0010214504596527069
0 0.6991701244813278 0.8426966292134831 0.004149377593360996 0.0020429009193054137
0 0.7468879668049793 0.8416751787538305 0.03872752420470263 0.0040858018386108275
0 0.3948824343015214 0.8416751787538305 0.10650069156293222 0.0040858018386108275
0 0.04702627939142462 0.8406537282941777 0.03319502074688797 0.0040858018386108275
0 0.9391424619640387 0.8381001021450459 0.022130013831258646 0.0030643513789581204
0 0.6708160442600276 0.8360572012257406 0.04149377593360996 0.0030643513789581204
0 0.7378976486860305 0.8345250255362615 0.0318118948824343 0.0040858018386108275
0 0.042185338865836794 0.8340143003064351 0.0318118948824343 0.0030643513789581204
0 0.3748271092669433 0.8350357507660878 0.13001383125864455 0.007150153217568948
0 0.9446749654218534 0.8314606741573034 0.011065006915629323 0.0020429009193054137
0 0.7102351313969572 0.8289070480081716 0.004149377593360996 0.0010214504596527069
0 0.6556016597510373 0.8294177732379979 0.058091286307053944 0.0040858018386108275
0 0.38381742738589214 0.8283963227783453 0.0954356846473029 0.0040858018386108275
0 0.7316735822959889 0.8278855975485189 0.027662517289073305 0.005107252298263534
0 0.042876901798063624 0.8268641470888662 0.022130013831258646 0.0030643513789581204
0 0.9474412171507607 0.8232890704800817 0.008298755186721992 0.0020429009193054137
0 0.6535269709543569 0.8227783452502554 0.042876901798063624 0.0030643513789581204
0 0.04702627939142462 0.8207354443309499 0.005532503457814661 0.0010214504596527069
0 0.03941908713692946 0.8212461695607763 0.006915629322268326 0.0020429009193054137
0 0.7247579529737206 0.8212461695607763 0.019363762102351315 0.0040858018386108275
0 0.5753803596127247 0.8176710929519918 0.0027662517289073307 0.0010214504596527069
0 0.5961272475795297 0.8171603677221655 0.011065006915629323 0.0020429009193054137
0 0.5836791147994468 0.8171603677221655 0.005532503457814661 0.0020429009193054137
0 0.681881051175657 0.8156281920326864 0.0027662517289073307 0.0010214504596527069
0 0.6396957123098201 0.8156281920326864 0.056708160442600276 0.005107252298263534
0 0.9474412171507607 0.8105209397344229 0.0027662517289073307 0.0010214504596527069
0 0.5781466113416321 0.8100102145045965 0.030428769017980636 0.0020429009193054137
0 0.5283540802213001 0.8110316649642493 0.05255878284923928 0.0040858018386108275
0 0.6431535269709544 0.8089887640449438 0.08298755186721991 0.006128702757916241
0 0.7081604426002767 0.8110316649642493 0.04149377593360996 0.012257405515832482
0 0.7876901798063624 0.7972420837589377 0.0013831258644536654 0.0010214504596527069
0 0.035961272475795295 0.7865168539325843 0.03319502074688797 0.06332992849846783
0 0.3478561549100968 0.7860061287027579 0.15352697095435686 0.07660878447395301
0 0.318118948824343 0.7441266598569969 0.022130013831258646 0.0030643513789581204
0 0.4315352697095436 0.7415730337078652 0.005532503457814661 0.0020429009193054137
0 0.4218533886583679 0.7410623084780388 0.0027662517289073307 0.0010214504596527069
0 0.3084370677731674 0.736976506639428 0.0027662517289073307 0.0010214504596527069
0 0.3153526970954357 0.736976506639428 0.008298755186721992 0.0030643513789581204
0 0.5850622406639004 0.7706843718079673 0.32918395573997233 0.07252298263534218
0 0.5802213001383126 0.7313585291113381 0.07330567081604426 0.006128702757916241
0 0.5691562932226832 0.7252298263534218 0.006915629322268326 0.0020429009193054137
0 0.5573997233748271 0.7252298263534218 0.013831258644536652 0.0020429009193054137
0 0.9218533886583679 0.7625127681307456 0.15629322268326418 0.07865168539325842
0 0.2994467496542185 0.7236976506639428 0.0013831258644536654 0.0010214504596527069
0 0.5560165975103735 0.7119509703779366 0.005532503457814661 0.0020429009193054137
0 0.5435684647302904 0.7119509703779366 0.005532503457814661 0.0020429009193054137
0 0.5712309820193637 0.7180796731358529 0.07192254495159059 0.01634320735444331
0 0.43568464730290457 0.7073544433094995 0.0027662517289073307 0.0010214504596527069
0 0.5304287690179806 0.7053115423901941 0.017980636237897647 0.0030643513789581204
0 0.5615491009681881 0.7048008171603677 0.03872752420470263 0.0040858018386108275
0 0.80567081604426 0.7002042900919305 0.009681881051175657 0.0010214504596527069
0 0.5643153526970954 0.6986721144024515 0.013831258644536652 0.0040858018386108275
0 0.4972337482710927 0.6940755873340143 0.004149377593360996 0.0010214504596527069
0 0.5221300138312587 0.693564862104188 0.015214384508990318 0.0020429009193054137
0 0.7717842323651453 0.6884576098059244 0.05255878284923928 0.0040858018386108275
0 0.5159059474412172 0.6869254341164454 0.019363762102351315 0.0030643513789581204
0 0.5484094052558783 0.6894790602655771 0.0318118948824343 0.012257405515832482
0 0.7302904564315352 0.6828396322778345 0.0027662517289073307 0.0010214504596527069
0 0.7226832641770401 0.6828396322778345 0.0013831258644536654 0.0010214504596527069
0 0.3699861687413555 0.6828396322778345 0.004149377593360996 0.0010214504596527069
0 0.7621023513139695 0.6818181818181818 0.0027662517289073307 0.0010214504596527069
0 0.7489626556016598 0.6818181818181818 0.004149377593360996 0.0010214504596527069
0 0.4114799446749654 0.6823289070480082 0.02074688796680498 0.0020429009193054137
0 0.3962655601659751 0.6823289070480082 0.006915629322268326 0.0020429009193054137
0 0.3872752420470263 0.6823289070480082 0.0027662517289073307 0.0020429009193054137
0 0.3789764868603043 0.6823289070480082 0.0027662517289073307 0.0020429009193054137
0 0.4266943291839557 0.6813074565883555 0.004149377593360996 0.0020429009193054137
0 0.8409405255878285 0.6797752808988764 0.0027662517289073307 0.0010214504596527069
0 0.49446749654218536 0.6802860061287027 0.051175656984785614 0.0040858018386108275
0 0.5359612724757953 0.6797752808988764 0.02074688796680498 0.005107252298263534
0 0.3457814661134163 0.6756894790602656 0.005532503457814661 0.0030643513789581204
0 0.7420470262793915 0.6751787538304392 0.0954356846473029 0.0040858018386108275
0 0.41217150760719223 0.6741573033707865 0.022130013831258646 0.0020429009193054137
0 0.3748271092669433 0.6751787538304392 0.04702627939142462 0.0040858018386108275
0 0.80567081604426 0.6736465781409602 0.009681881051175657 0.0030643513789581204
0 0.8257261410788381 0.6736465781409602 0.013831258644536652 0.005107252298263534
0 0.7261410788381742 0.669050051072523 0.12171507607192254 0.006128702757916241
0 0.37413554633471646 0.667517875383044 0.0954356846473029 0.005107252298263534
0 0.822268326417704 0.6659856996935649 0.034578146611341634 0.0040858018386108275
0 0.49861687413554634 0.669050051072523 0.07883817427385892 0.012257405515832482
0 0.8955739972337483 0.6915219611848825 0.1479944674965422 0.06128702757916241
0 0.6549100968188105 0.6624106230847804 0.02351313969571231 0.0030643513789581204
0 0.3623789764868603 0.6608784473953013 0.08575380359612725 0.0040858018386108275
0 0.7282157676348547 0.6608784473953013 0.11756569847856155 0.006128702757916241
0 0.8215767634854771 0.6593462717058223 0.04979253112033195 0.005107252298263534
0 0.8997233748271093 0.6578140960163432 0.09820193637621023 0.006128702757916241
0 0.48409405255878285 0.6578140960163432 0.06915629322268327 0.006128702757916241
0 0.31466113416320884 0.6542390194075587 0.004149377593360996 0.0010214504596527069
0 0.8333333333333334 0.6521961184882533 0.0013831258644536654 0.0010214504596527069
0 0.36099585062240663 0.6532175689479061 0.08575380359612725 0.0030643513789581204
0 0.8167358229598893 0.651685393258427 0.006915629322268326 0.0020429009193054137
0 0.7026279391424619 0.6542390194075587 0.15491009681881052 0.007150153217568948
0 0.8658367911479945 0.6511746680286006 0.022130013831258646 0.0030643513789581204
0 0.47579529737206083 0.6511746680286006 0.0636237897648686 0.005107252298263534
0 0.9253112033195021 0.6491317671092952 0.08852005532503458 0.005107252298263534
0 0.3506224066390041 0.6475995914198162 0.0954356846473029 0.0040858018386108275
0 0.8402489626556017 0.6440245148110316 0.0677731673582296 0.005107252298263534
0 0.5560165975103735 0.643003064351379 0.016597510373443983 0.0030643513789581204
0 0.46957123098201936 0.644535240040858 0.06224066390041494 0.006128702757916241
0 0.8665283540802213 0.6384065372829418 0.004149377593360996 0.0020429009193054137
0 0.8333333333333334 0.6378958120531154 0.03734439834024896 0.0030643513789581204
0 0.3665283540802213 0.6016343207354443 0.019363762102351315 0.010214504596527068
0 0.7282157676348547 0.5975485188968335 0.02074688796680498 0.014300306435137897
0 0.5753803596127247 0.5715015321756894 0.008298755186721992 0.005107252298263534
0 0.710926694329184 0.575076608784474 0.03872752420470263 0.014300306435137897
0 0.7337482710926694 0.5674157303370787 0.0013831258644536654 0.0010214504596527069
0 0.7026279391424619 0.5633299284984679 0.008298755186721992 0.005107252298263534
0 0.686030428769018 0.5612870275791624 0.011065006915629323 0.007150153217568948
0 0.4211618257261411 0.5454545454545454 0.0013831258644536654 0.0020429009193054137
0 0.5518672199170125 0.533197139938713 0.005532503457814661 0.008171603677221655
0 0.5629322268326418 0.5296220633299284 0.0027662517289073307 0.0030643513789581204
0 0.5753803596127247 0.533197139938713 0.013831258644536652 0.02247191011235955
0 0.7572614107883817 0.5178753830439223 0.004149377593360996 0.0040858018386108275
0 0.5511756569847857 0.5204290091930541 0.02351313969571231 0.011235955056179775
0 0.4467496542185339 0.5056179775280899 0.005532503457814661 0.006128702757916241
0 0.3112033195020747 0.5005107252298263 0.005532503457814661 0.008171603677221655
0 0.573997233748271 0.507150153217569 0.024896265560165973 0.027579162410623085
0 0.5995850622406639 0.49591419816138915 0.004149377593360996 0.007150153217568948
0 0.4073305670816044 0.4933605720122574 0.0013831258644536654 0.0020429009193054137
0 0.5401106500691563 0.49182839632277836 0.006915629322268326 0.007150153217568948
0 0.6459197786998617 0.4851889683350358 0.0027662517289073307 0.0020429009193054137
0 0.573997233748271 0.4882533197139939 0.005532503457814661 0.008171603677221655
0 0.034578146611341634 0.5648621041879469 0.035961272475795295 0.16547497446373852
0 0.19363762102351315 0.48672114402451483 0.019363762102351315 0.013278855975485188
0 0.5802213001383126 0.4770173646578141 0.006915629322268326 0.0040858018386108275
0 0.17911479944674966 0.48314606741573035 0.015214384508990318 0.01634320735444331
0 0.022821576763485476 0.4770173646578141 0.004149377593360996 0.0040858018386108275
0 0.4045643153526971 0.4811031664964249 0.006915629322268326 0.01634320735444331
0 0.26832641770401106 0.475485188968335 0.005532503457814661 0.005107252298263534
0 0.5525587828492393 0.4780388151174668 0.02074688796680498 0.012257405515832482
0 0.6832641770401107 0.48672114402451483 0.019363762102351315 0.033707865168539325
0 0.6514522821576764 0.48365679264555667 0.019363762102351315 0.0296220633299285
0 0.558091286307054 0.557711950970378 0.8838174273858921 0.18590398365679264
0 0.8741355463347165 0.4642492339121553 0.005532503457814661 0.0010214504596527069
0 0.8416320885200553 0.46578140960163433 0.015214384508990318 0.0040858018386108275
0 0.7863070539419087 0.466802860061287 0.07053941908713693 0.006128702757916241
0 0.20816044260027664 0.4637385086823289 0.0013831258644536654 0.0020429009193054137
0 0.024896265560165973 0.4647599591419816 0.008298755186721992 0.0040858018386108275
0 0.165283540802213 0.46322778345250254 0.009681881051175657 0.0030643513789581204
0 0.12586445366528354 0.4637385086823289 0.04149377593360996 0.006128702757916241
0 0.3997233748271093 0.4611848825331971 0.008298755186721992 0.005107252298263534
0 0.18810511756569848 0.46322778345250254 0.022130013831258646 0.009193054136874362
0 0.3188105117565698 0.4611848825331971 0.02074688796680498 0.007150153217568948
0 0.2600276625172891 0.46220633299284986 0.08852005532503458 0.009193054136874362
0 0.9716459197786999 0.4586312563840654 0.056708160442600276 0.0040858018386108275
0 0.5567081604426003 0.4586312563840654 0.006915629322268326 0.0040858018386108275
0 0.3457814661134163 0.4606741573033708 0.019363762102351315 0.008171603677221655
0 0.7655601659751037 0.45658835546475995 0.004149377593360996 0.0020429009193054137
0 0.43015214384508993 0.45965270684371806 0.030428769017980636 0.008171603677221655
0 0.37344398340248963 0.46016343207354443 0.024896265560165973 0.009193054136874362
0 0.02627939142461964 0.4576098059244127 0.011065006915629323 0.0040858018386108275
0 0.6473029045643154 0.45556690500510727 0.005532503457814661 0.0040858018386108275
0 0.6147994467496543 0.4576098059244127 0.012448132780082987 0.008171603677221655
0 0.5795297372060858 0.4576098059244127 0.019363762102351315 0.008171603677221655
0 0.5069156293222683 0.4586312563840654 0.06500691562932227 0.010214504596527068
0 0.7717842323651453 0.4540347293156282 0.005532503457814661 0.0030643513789581204
0 0.6874135546334716 0.4560776302349336 0.008298755186721992 0.007150153217568948
0 0.7282157676348547 0.45556690500510727 0.04564315352697095 0.008171603677221655
0 0.8533886583679114 0.45352400408580185 0.016597510373443983 0.006128702757916241
0 0.8084370677731674 0.45454545454545453 0.059474412171507604 0.008171603677221655
0 0.9356846473029046 0.4530132788559755 0.12863070539419086 0.007150153217568948
0 0.5470262793914247 0.4458631256384065 0.0013831258644536654 0.0010214504596527069
0 0.39280774550484093 0.4473953013278856 0.0027662517289073307 0.0040858018386108275
0 0.19847856154910096 0.449438202247191 0.02074688796680498 0.008171603677221655
0 0.1272475795297372 0.44994892747701737 0.10511756569847856 0.009193054136874362
0 0.6867219917012448 0.4427987742594484 0.0013831258644536654 0.0010214504596527069
0 0.5864453665283541 0.44433094994892747 0.005532503457814661 0.0040858018386108275
0 0.5629322268326418 0.44484167517875384 0.022130013831258646 0.005107252298263534
0 0.4322268326417704 0.4463738508682329 0.029045643153526972 0.008171603677221655
0 0.3644536652835408 0.44688457609805926 0.03734439834024896 0.009193054136874362
0 0.27800829875518673 0.44790602655771194 0.1272475795297372 0.011235955056179775
0 0.4979253112033195 0.4453524004085802 0.08852005532503458 0.008171603677221655
0 0.6417704011065007 0.4433094994892748 0.035961272475795295 0.006128702757916241
0 0.9585062240663901 0.44228804902962204 0.08298755186721991 0.012257405515832482
0 0.7780082987551867 0.4402451481103167 0.14522821576763487 0.010214504596527068
0 0.0656984785615491 0.43156281920326867 0.0013831258644536654 0.0010214504596527069
0 0.5691562932226832 0.43258426966292135 0.012448132780082987 0.005107252298263534
0 0.36583679114799444 0.4341164453524004 0.048409405255878286 0.008171603677221655
0 0.19571230982019364 0.43564862104187946 0.27247579529737204 0.011235955056179775
0 0.029737206085753802 0.44228804902962204 0.017980636237897647 0.024514811031664963
0 0.9896265560165975 0.432073544433095 0.02074688796680498 0.006128702757916241
0 0.47372060857538034 0.43258426966292135 0.0318118948824343 0.007150153217568948
0 0.42531120331950206 0.4330949948927477 0.05394190871369295 0.008171603677221655
0 0.5200553250345782 0.432073544433095 0.04702627939142462 0.008171603677221655
0 0.7164591977869986 0.43003064351378956 0.027662517289073305 0.006128702757916241
0 0.6894882434301521 0.43003064351378956 0.012448132780082987 0.006128702757916241
0 0.6168741355463347 0.4305413687436159 0.07745504840940526 0.007150153217568948
0 0.02351313969571231 0.42645556690500513 0.008298755186721992 0.0030643513789581204
0 0.002074688796680498 0.41062308478038817 0.004149377593360996 0.0020429009193054137
0 0.02074688796680498 0.39989785495403474 0.008298755186721992 0.005107252298263534
0 0.01867219917012448 0.3947906026557712 0.0013831258644536654 0.0010214504596527069
0 0.015214384508990318 0.38866189989785493 0.0027662517289073307 0.0010214504596527069
0 0.01313969571230982 0.3421859039836568 0.006915629322268326 0.010214504596527068
0 0.017980636237897647 0.3089887640449438 0.008298755186721992 0.005107252298263534
0 0.008298755186721992 0.045454545454545456 0.016597510373443983 0.013278855975485188
0 0.5027662517289073 0.2323799795709908 0.9944674965421854 0.39734422880490294
