0 0.6553571428571429 0.9969879518072289 0.0035714285714285713 0.006024096385542169
0 0.6419642857142858 0.9969879518072289 0.005357142857142857 0.006024096385542169
0 0.5133928571428571 0.9804216867469879 0.030357142857142857 0.0391566265060241
0 0.4732142857142857 0.9804216867469879 0.02857142857142857 0.0391566265060241
0 0.5517857142857143 0.9789156626506024 0.02142857142857143 0.04216867469879518
0 0.6696428571428571 0.9759036144578314 0.025 0.04819277108433735
0 0.63125 0.9759036144578314 0.0125 0.04819277108433735
0 0.6464285714285715 0.9533132530120482 0.017857142857142856 0.015060240963855422
0 0.5178571428571429 0.963855421686747 0.18928571428571428 0.07228915662650602
0 0.7160714285714286 0.9608433734939759 0.03571428571428571 0.0783132530120482
0 0.19553571428571428 0.7228915662650602 0.005357142857142857 0.006024096385542169
0 0.17589285714285716 0.7228915662650602 0.005357142857142857 0.006024096385542169
0 0.18928571428571428 0.7033132530120482 0.0035714285714285713 0.0030120481927710845
0 0.1 0.5993975903614458 0.0035714285714285713 0.006024096385542169
0 0.9973214285714286 0.4397590361445783 0.005357142857142857 0.024096385542168676
0 0.07142857142857142 0.3990963855421687 0.014285714285714285 0.009036144578313253
0 0.07321428571428572 0.37198795180722893 0.0035714285714285713 0.0030120481927710845
0 0.06785714285714285 0.35542168674698793 0.0035714285714285713 0.006024096385542169
0 0.17857142857142858 0.3629518072289157 0.007142857142857143 0.02710843373493976
0 0.07589285714285714 0.32228915662650603 0.023214285714285715 0.012048192771084338
0 0.12589285714285714 0.2876506024096386 0.0017857142857142857 0.0030120481927710845
0 0.09196428571428572 0.2876506024096386 0.0625 0.02108433734939759
0 0.09910714285714285 0.26957831325301207 0.0017857142857142857 0.0030120481927710845
0 0.07767857142857143 0.26957831325301207 0.0017857142857142857 0.0030120481927710845
0 0.09017857142857143 0.2545180722891566 0.055357142857142855 0.015060240963855422
0 0.09375 0.22439759036144577 0.06607142857142857 0.02710843373493976
0 0.10089285714285715 0.20180722891566266 0.0125 0.006024096385542169
0 0.07589285714285714 0.20180722891566266 0.026785714285714284 0.012048192771084338
0 0.9803571428571428 0.16566265060240964 0.039285714285714285 0.05421686746987952
0 0.022321428571428572 0.5105421686746988 0.044642857142857144 0.8102409638554217
0 0.019642857142857142 0.0963855421686747 0.02142857142857143 0.012048192771084338
0 0.5276785714285714 0.49096385542168675 0.9446428571428571 0.8192771084337349
0 0.68125 0.006024096385542169 0.008928571428571428 0.012048192771084338
0 0.6696428571428571 0.004518072289156626 0.007142857142857143 0.009036144578313253
0 0.6517857142857143 0.03162650602409638 0.060714285714285714 0.06325301204819277
0 0.5508928571428572 0.025602409638554216 0.023214285714285715 0.05120481927710843
0 0.5285714285714286 0.0030120481927710845 0.007142857142857143 0.006024096385542169
0 0.5741071428571428 0.04216867469879518 0.3196428571428571 0.08433734939759036
