0 0.6545768566493955 0.9970845481049563 0.0034542314335060447 0.0058309037900874635
0 0.6398963730569949 0.9970845481049563 0.0017271157167530224 0.0058309037900874635
0 0.6398963730569949 0.9883381924198251 0.0017271157167530224 0.0058309037900874635
0 0.6813471502590673 0.9839650145772595 0.025906735751295335 0.03206997084548105
0 0.5259067357512953 0.9810495626822158 0.02936096718480138 0.037900874635568516
0 0.48618307426597585 0.9810495626822158 0.025906735751295335 0.037900874635568516
0 0.5647668393782384 0.9795918367346939 0.02072538860103627 0.04081632653061224
0 0.6804835924006909 0.956268221574344 0.0069084628670120895 0.0058309037900874635
0 0.6424870466321243 0.9664723032069971 0.010362694300518135 0.026239067055393587
0 0.657167530224525 0.9518950437317785 0.015544041450777202 0.014577259475218658
0 0.7383419689119171 0.9664723032069971 0.0051813471502590676 0.06705539358600583
0 0.7107081174438687 0.8002915451895044 0.0017271157167530224 0.0029154518950437317
0 0.3842832469775475 0.7915451895043731 0.0051813471502590676 0.0029154518950437317
0 0.9421416234887737 0.7871720116618076 0.008635578583765112 0.0058309037900874635
0 0.9317789291882557 0.7857142857142857 0.0051813471502590676 0.0029154518950437317
0 0.38946459412780654 0.7755102040816326 0.022452504317789293 0.0058309037900874635
0 0.37219343696027635 0.7740524781341108 0.0051813471502590676 0.0029154518950437317
0 0.35578583765112265 0.7755102040816326 0.010362694300518135 0.0058309037900874635
0 0.33506044905008636 0.7740524781341108 0.0069084628670120895 0.0029154518950437317
0 0.8031088082901554 0.7682215743440233 0.027633851468048358 0.008746355685131196
0 0.6088082901554405 0.7623906705539358 0.0051813471502590676 0.0029154518950437317
0 0.27461139896373055 0.7580174927113703 0.0069084628670120895 0.0058309037900874635
0 0.031088082901554404 0.8309037900874635 0.06217616580310881 0.16909620991253643
0 0.024179620034542316 0.7346938775510204 0.04835924006908463 0.01749271137026239
0 0.6295336787564767 0.7288629737609329 0.02936096718480138 0.011661807580174927
0 0.2599309153713299 0.7230320699708455 0.0051813471502590676 0.0058309037900874635
0 0.02677029360967185 0.7201166180758017 0.03281519861830743 0.0058309037900874635
0 0.04922279792746114 0.7011661807580175 0.0051813471502590676 0.008746355685131196
0 0.9464594127806563 0.6982507288629738 0.013816925734024179 0.008746355685131196
0 0.40414507772020725 0.6909620991253644 0.0069084628670120895 0.011661807580174927
0 0.24611398963730569 0.6880466472303207 0.0017271157167530224 0.0058309037900874635
0 0.04835924006908463 0.685131195335277 0.0034542314335060447 0.0058309037900874635
0 0.012953367875647668 0.6822157434402333 0.025906735751295335 0.011661807580174927
0 0.39723661485319517 0.673469387755102 0.0069084628670120895 0.0058309037900874635
0 0.46027633851468047 0.6749271137026239 0.02936096718480138 0.014577259475218658
0 0.2392055267702936 0.6690962099125365 0.008635578583765112 0.008746355685131196
0 0.046632124352331605 0.6661807580174927 0.010362694300518135 0.014577259475218658
0 0.02158894645941278 0.6661807580174927 0.03281519861830743 0.014577259475218658
0 0.4481865284974093 0.6574344023323615 0.022452504317789293 0.008746355685131196
0 0.38946459412780654 0.6559766763848397 0.0051813471502590676 0.0058309037900874635
0 0.231433506044905 0.6530612244897959 0.0069084628670120895 0.0058309037900874635
0 0.9136442141623489 0.6501457725947521 0.013816925734024179 0.011661807580174927
0 0.046632124352331605 0.6486880466472303 0.0069084628670120895 0.008746355685131196
0 0.02849740932642487 0.6486880466472303 0.015544041450777202 0.008746355685131196
0 0.4317789291882556 0.6399416909620991 0.017271157167530225 0.008746355685131196
0 0.3842832469775475 0.6384839650145773 0.0051813471502590676 0.0058309037900874635
0 0.22538860103626943 0.6355685131195336 0.0051813471502590676 0.0058309037900874635
0 0.8981001727115717 0.6326530612244898 0.010362694300518135 0.0058309037900874635
0 0.044905008635578586 0.6311953352769679 0.0069084628670120895 0.008746355685131196
0 0.02936096718480138 0.6297376093294461 0.0069084628670120895 0.0058309037900874635
0 0.010362694300518135 0.6297376093294461 0.0034542314335060447 0.0058309037900874635
0 0.3756476683937824 0.6209912536443148 0.0051813471502590676 0.0058309037900874635
0 0.21761658031088082 0.6166180758017493 0.0069084628670120895 0.008746355685131196
0 0.030224525043177894 0.6122448979591837 0.008635578583765112 0.011661807580174927
0 0.010362694300518135 0.6107871720116618 0.0034542314335060447 0.008746355685131196
0 0.8393782383419689 0.597667638483965 0.0069084628670120895 0.0058309037900874635
0 0.045768566493955096 0.597667638483965 0.0051813471502590676 0.0058309037900874635
0 0.015544041450777202 0.5947521865889213 0.031088082901554404 0.011661807580174927
0 0.36183074265975823 0.5860058309037901 0.008635578583765112 0.011661807580174927
0 0.20207253886010362 0.5801749271137027 0.0069084628670120895 0.011661807580174927
0 0.03540587219343696 0.5787172011661808 0.025906735751295335 0.014577259475218658
0 0.007772020725388601 0.5787172011661808 0.015544041450777202 0.014577259475218658
0 0.5354058721934369 0.5364431486880467 0.0034542314335060447 0.0058309037900874635
0 0.0069084628670120895 0.5408163265306123 0.013816925734024179 0.02040816326530612
0 0.025906735751295335 0.4897959183673469 0.0034542314335060447 0.0058309037900874635
0 0.037132987910189985 0.521865889212828 0.03281519861830743 0.08163265306122448
0 0.9162348877374784 0.39067055393586003 0.022452504317789293 0.011661807580174927
0 0.02677029360967185 0.42565597667638483 0.0535405872193437 0.09329446064139942
0 0.8730569948186528 0.37317784256559766 0.008635578583765112 0.0058309037900874635
0 0.9162348877374784 0.3746355685131195 0.022452504317789293 0.014577259475218658
0 0.8955094991364422 0.3717201166180758 0.015544041450777202 0.008746355685131196
0 0.1070811744386874 0.35714285714285715 0.0034542314335060447 0.0029154518950437317
0 0.8937823834196891 0.35714285714285715 0.008635578583765112 0.008746355685131196
0 0.8713298791018999 0.3396501457725947 0.0017271157167530224 0.0029154518950437317
0 0.10103626943005181 0.3425655976676385 0.008635578583765112 0.008746355685131196
0 0.8540587219343696 0.33819241982507287 0.0051813471502590676 0.0058309037900874635
0 0.957685664939551 0.3250728862973761 0.0017271157167530224 0.0029154518950437317
0 0.917098445595855 0.3556851311953353 0.09326424870466321 0.08163265306122448
0 0.917098445595855 0.3075801749271137 0.010362694300518135 0.008746355685131196
0 0.886873920552677 0.30612244897959184 0.008635578583765112 0.0058309037900874635
0 0.08808290155440414 0.30903790087463556 0.010362694300518135 0.011661807580174927
0 0.025906735751295335 0.3338192419825073 0.05181347150259067 0.0728862973760933
0 0.6183074265975821 0.29737609329446063 0.013816925734024179 0.0058309037900874635
0 0.5915371329879102 0.2988338192419825 0.012089810017271158 0.008746355685131196
0 0.8946459412780656 0.2886297376093295 0.0069084628670120895 0.011661807580174927
0 0.6226252158894646 0.28425655976676384 0.022452504317789293 0.008746355685131196
0 0.23402417962003455 0.27696793002915454 0.008635578583765112 0.011661807580174927
0 0.09153713298791019 0.27405247813411077 0.017271157167530225 0.0058309037900874635
0 0.7936096718480138 0.25510204081632654 0.0017271157167530224 0.0029154518950437317
0 0.09326424870466321 0.24052478134110788 0.0034542314335060447 0.0029154518950437317
0 0.22020725388601037 0.24198250728862974 0.008635578583765112 0.011661807580174927
0 0.20552677029360966 0.20699708454810495 0.0034542314335060447 0.0058309037900874635
0 0.1848013816925734 0.15743440233236153 0.0069084628670120895 0.0058309037900874635
0 0.16839378238341968 0.15743440233236153 0.0051813471502590676 0.0058309037900874635
0 0.8385146804835925 0.13702623906705538 0.03626943005181347 0.01749271137026239
0 0.7858376511226253 0.13702623906705538 0.04835924006908463 0.01749271137026239
0 0.025043177892918825 0.19533527696793002 0.05008635578583765 0.19825072886297376
0 0.5215889464594128 0.48250728862973763 0.8946459412780656 0.8250728862973761
0 0.6761658031088082 0.023323615160349854 0.03626943005181347 0.04664723032069971
0 0.6502590673575129 0.02478134110787172 0.025906735751295335 0.04956268221574344
0 0.5656303972366149 0.01749271137026239 0.008635578583765112 0.03498542274052478
0 0.5284974093264249 0.01749271137026239 0.04145077720207254 0.03498542274052478
0 0.48618307426597585 0.01749271137026239 0.02936096718480138 0.03498542274052478
0 0.5880829015544041 0.03498542274052478 0.3126079447322971 0.06997084548104957
