0 0.5474040632054176 0.9973591549295775 0.011286681715575621 0.00528169014084507
0 0.37358916478555304 0.9955985915492958 0.020316027088036117 0.008802816901408451
0 0.5079006772009029 0.9929577464788732 0.009029345372460496 0.007042253521126761
0 0.4785553047404063 0.9947183098591549 0.013544018058690745 0.01056338028169014
0 0.32505643340857787 0.9947183098591549 0.013544018058690745 0.01056338028169014
0 0.26297968397291194 0.9938380281690141 0.024830699774266364 0.01232394366197183
0 0.5801354401805869 0.9929577464788732 0.004514672686230248 0.014084507042253521
0 0.6162528216704289 0.9920774647887324 0.013544018058690745 0.01584507042253521
0 0.5914221218961625 0.9744718309859155 0.05417607223476298 0.008802816901408451
0 0.5440180586907449 0.971830985915493 0.03160270880361174 0.0035211267605633804
0 0.3295711060948081 0.9806338028169014 0.26636568848758463 0.03873239436619718
0 0.03837471783295711 0.8036971830985915 0.004514672686230248 0.0017605633802816902
0 0.02708803611738149 0.7913732394366197 0.009029345372460496 0.0017605633802816902
0 0.010158013544018058 0.7913732394366197 0.020316027088036117 0.00528169014084507
0 0.001128668171557562 0.761443661971831 0.002257336343115124 0.0017605633802816902
0 0.002257336343115124 0.7544014084507042 0.004514672686230248 0.0017605633802816902
0 0.006772009029345372 0.6936619718309859 0.013544018058690745 0.007042253521126761
0 0.045146726862302484 0.6839788732394366 0.004514672686230248 0.0017605633802816902
0 0.5 0.801056338028169 1.0 0.2992957746478873
0 0.0417607223476298 0.5915492957746479 0.01580135440180587 0.014084507042253521
0 0.029345372460496615 0.5308098591549296 0.05869074492099323 0.2306338028169014
0 0.27539503386004516 0.363556338028169 0.009029345372460496 0.02640845070422535
0 0.845372460496614 0.13468309859154928 0.002257336343115124 0.0017605633802816902
0 0.8532731376975169 0.12764084507042253 0.009029345372460496 0.00528169014084507
0 0.8611738148984198 0.11267605633802817 0.006772009029345372 0.0035211267605633804
0 0.8781038374717833 0.09330985915492958 0.004514672686230248 0.0035211267605633804
0 0.8555304740406321 0.08890845070422536 0.004514672686230248 0.00528169014084507
0 0.8724604966139955 0.0801056338028169 0.011286681715575621 0.008802816901408451
0 0.9255079006772009 0.011443661971830986 0.1489841986455982 0.01232394366197183
0 0.801354401805869 0.02640845070422535 0.02708803611738149 0.0528169014084507
0 0.5 0.335387323943662 1.0 0.670774647887324
