0 0.38758992805755393 0.9969818913480886 0.008992805755395683 0.006036217303822937
0 0.45323741007194246 0.9959758551307847 0.01079136690647482 0.008048289738430584
0 0.41906474820143885 0.9959758551307847 0.02877697841726619 0.008048289738430584
0 0.5557553956834532 0.9949698189134809 0.007194244604316547 0.01006036217303823
0 0.5197841726618705 0.993963782696177 0.007194244604316547 0.012072434607645875
0 0.5341726618705036 0.9859154929577465 0.01079136690647482 0.008048289738430584
0 0.42535971223021585 0.9828973843058351 0.1672661870503597 0.03420523138832998
0 0.5944244604316546 0.9808853118712274 0.0341726618705036 0.03822937625754527
0 0.939748201438849 0.7826961770623743 0.019784172661870502 0.004024144869215292
0 0.9109712230215827 0.7826961770623743 0.008992805755395683 0.004024144869215292
0 0.9091726618705036 0.7716297786720322 0.00539568345323741 0.002012072434607646
0 0.939748201438849 0.7655935613682092 0.02697841726618705 0.014084507042253521
0 0.9379496402877698 0.7525150905432596 0.023381294964028777 0.008048289738430584
0 0.9415467625899281 0.7424547283702213 0.0341726618705036 0.008048289738430584
0 0.9406474820143885 0.7313883299798792 0.02877697841726619 0.006036217303822937
0 0.9469424460431655 0.7203219315895373 0.008992805755395683 0.004024144869215292
0 0.939748201438849 0.6830985915492958 0.019784172661870502 0.006036217303822937
0 0.9532374100719424 0.5824949698189135 0.0035971223021582736 0.002012072434607646
0 0.008992805755395683 0.579476861167002 0.007194244604316547 0.004024144869215292
0 0.008093525179856115 0.56841046277666 0.01618705035971223 0.006036217303822937
0 0.8579136690647482 0.5744466800804829 0.21942446043165467 0.026156941649899398
0 0.5 0.7434607645875252 1.0 0.4044265593561368
0 0.7985611510791367 0.5412474849094567 0.03597122302158273 0.004024144869215292
0 0.37050359712230213 0.5412474849094567 0.007194244604316547 0.004024144869215292
0 0.3552158273381295 0.5412474849094567 0.00539568345323741 0.004024144869215292
0 0.947841726618705 0.5311871227364185 0.03597122302158273 0.008048289738430584
0 0.2131294964028777 0.5331991951710262 0.38669064748201437 0.02012072434607646
0 0.7473021582733813 0.5211267605633803 0.447841726618705 0.028169014084507043
0 0.4847122302158273 0.3591549295774648 0.008992805755395683 0.002012072434607646
0 0.002697841726618705 0.3591549295774648 0.00539568345323741 0.006036217303822937
0 0.7913669064748201 0.3551307847082495 0.007194244604316547 0.002012072434607646
0 0.6025179856115108 0.358148893360161 0.19424460431654678 0.008048289738430584
0 0.737410071942446 0.335010060362173 0.025179856115107913 0.002012072434607646
0 0.697841726618705 0.335010060362173 0.007194244604316547 0.002012072434607646
0 0.6843525179856115 0.33601609657947684 0.01618705035971223 0.004024144869215292
0 0.585431654676259 0.3380281690140845 0.17446043165467626 0.008048289738430584
0 0.8057553956834532 0.3329979879275654 0.0035971223021582736 0.002012072434607646
0 0.7634892086330936 0.33400402414486924 0.01618705035971223 0.004024144869215292
0 0.49640287769784175 0.29275653923541245 0.9928057553956835 0.4647887323943662
0 0.5593525179856115 0.05533199195171026 0.0035971223021582736 0.002012072434607646
0 0.5656474820143885 0.04426559356136821 0.0017985611510791368 0.004024144869215292
0 0.5260791366906474 0.035211267605633804 0.00539568345323741 0.01006036217303823
0 0.45863309352517984 0.030181086519114688 0.014388489208633094 0.03621730382293763
0 0.3857913669064748 0.030181086519114688 0.012589928057553957 0.03621730382293763
0 0.42356115107913667 0.030181086519114688 0.030575539568345324 0.04024144869215292
