0 0.1703125 0.9540816326530612 0.021875 0.01020408163265306
0 0.171875 0.9064625850340136 0.0375 0.05782312925170068
0 0.7265625 0.8758503401360545 0.009375 0.01020408163265306
0 0.1703125 0.8384353741496599 0.034375 0.04421768707482993
0 0.5 0.6768707482993197 1.0 0.6462585034013606
0 0.5 0.23299319727891157 1.0 0.2619047619047619
0 0.6796875 0.10714285714285714 0.028125 0.023809523809523808
0 0.5078125 0.08163265306122448 0.028125 0.05442176870748299
0 0.3953125 0.08333333333333333 0.040625 0.05782312925170068
0 0.6921875 0.05952380952380952 0.015625 0.017006802721088437
0 0.45 0.08163265306122448 0.05625 0.061224489795918366
0 0.6546875 0.08333333333333333 0.084375 0.07142857142857142
0 0.6515625 0.04931972789115646 0.009375 0.01020408163265306
