0 0.6326732673267327 0.9992378048780488 0.0019801980198019802 0.001524390243902439
0 0.42475247524752474 0.9969512195121951 0.02574257425742574 0.006097560975609756
0 0.504950495049505 0.9961890243902439 0.015841584158415842 0.007621951219512195
0 0.46831683168316834 0.9961890243902439 0.01782178217821782 0.007621951219512195
0 0.597029702970297 0.9923780487804879 0.041584158415841586 0.01524390243902439
0 0.47227722772277225 0.9870426829268293 0.2 0.025914634146341462
0 0.6683168316831684 0.9855182926829268 0.041584158415841586 0.028963414634146343
0 0.0009900990099009901 0.9496951219512195 0.0019801980198019802 0.003048780487804878
0 0.0009900990099009901 0.9359756097560976 0.0019801980198019802 0.003048780487804878
0 0.30396039603960395 0.9153963414634146 0.005940594059405941 0.004573170731707317
0 0.24257425742574257 0.9085365853658537 0.0019801980198019802 0.003048780487804878
0 0.9801980198019802 0.9176829268292683 0.007920792079207921 0.024390243902439025
0 0.994059405940594 0.9161585365853658 0.011881188118811881 0.024390243902439025
0 0.2376237623762376 0.8963414634146342 0.007920792079207921 0.006097560975609756
0 0.19504950495049506 0.8932926829268293 0.0019801980198019802 0.003048780487804878
0 0.16732673267326734 0.9161585365853658 0.061386138613861385 0.051829268292682924
0 0.03663366336633663 0.9222560975609756 0.053465346534653464 0.06402439024390244
0 0.2693069306930693 0.895579268292683 0.007920792079207921 0.013719512195121951
0 0.23663366336633662 0.9108231707317073 0.06534653465346535 0.04725609756097561
0 0.2891089108910891 0.9199695121951219 0.031683168316831684 0.07164634146341463
0 0.2099009900990099 0.881859756097561 0.007920792079207921 0.004573170731707317
0 0.054455445544554455 0.8826219512195121 0.02178217821782178 0.006097560975609756
0 0.13663366336633664 0.8810975609756098 0.011881188118811881 0.006097560975609756
0 0.055445544554455446 0.8734756097560976 0.007920792079207921 0.003048780487804878
0 0.2584158415841584 0.8719512195121951 0.005940594059405941 0.003048780487804878
0 0.20693069306930692 0.8727134146341463 0.005940594059405941 0.004573170731707317
0 0.29207920792079206 0.875 0.009900990099009901 0.012195121951219513
0 0.055445544554455446 0.8666158536585366 0.015841584158415842 0.004573170731707317
0 0.22475247524752476 0.864329268292683 0.005940594059405941 0.003048780487804878
0 0.12772277227722773 0.8650914634146342 0.005940594059405941 0.004573170731707317
0 0.20495049504950494 0.864329268292683 0.013861386138613862 0.006097560975609756
0 0.1782178217821782 0.8635670731707317 0.007920792079207921 0.004573170731707317
0 0.2871287128712871 0.8628048780487805 0.007920792079207921 0.006097560975609756
0 0.18415841584158416 0.8559451219512195 0.0039603960396039604 0.001524390243902439
0 0.19900990099009902 0.8551829268292683 0.005940594059405941 0.003048780487804878
0 0.12376237623762376 0.8559451219512195 0.005940594059405941 0.004573170731707317
0 0.28316831683168314 0.8536585365853658 0.007920792079207921 0.006097560975609756
0 0.25544554455445545 0.8536585365853658 0.011881188118811881 0.006097560975609756
0 0.998019801980198 0.8483231707317073 0.0039603960396039604 0.001524390243902439
0 0.1198019801980198 0.8475609756097561 0.005940594059405941 0.003048780487804878
0 0.28316831683168314 0.8467987804878049 0.007920792079207921 0.004573170731707317
0 0.1782178217821782 0.8467987804878049 0.007920792079207921 0.004573170731707317
0 0.3089108910891089 0.8452743902439024 0.007920792079207921 0.004573170731707317
0 0.2504950495049505 0.8460365853658537 0.01782178217821782 0.006097560975609756
0 0.19702970297029704 0.8467987804878049 0.013861386138613862 0.007621951219512195
0 0.11683168316831684 0.8384146341463414 0.0039603960396039604 0.003048780487804878
0 0.05247524752475247 0.8483231707317073 0.02574257425742574 0.022865853658536585
0 0.2514851485148515 0.836890243902439 0.007920792079207921 0.003048780487804878
0 0.1910891089108911 0.8384146341463414 0.009900990099009901 0.006097560975609756
0 0.2495049504950495 0.8292682926829268 0.0039603960396039604 0.003048780487804878
0 0.27920792079207923 0.833079268292683 0.015841584158415842 0.013719512195121951
0 0.1099009900990099 0.8239329268292683 0.0019801980198019802 0.001524390243902439
0 0.0504950495049505 0.8246951219512195 0.0297029702970297 0.006097560975609756
0 0.041584158415841586 0.8102134146341463 0.015841584158415842 0.001524390243902439
0 0.061386138613861385 0.8094512195121951 0.007920792079207921 0.003048780487804878
0 0.23663366336633662 0.8071646341463414 0.0019801980198019802 0.001524390243902439
0 0.03861386138613861 0.8033536585365854 0.013861386138613862 0.003048780487804878
0 0.062376237623762376 0.8025914634146342 0.009900990099009901 0.004573170731707317
0 0.18514851485148515 0.791920731707317 0.0019801980198019802 0.001524390243902439
0 0.2089108910891089 0.791920731707317 0.009900990099009901 0.004573170731707317
0 0.2891089108910891 0.7896341463414634 0.0039603960396039604 0.003048780487804878
0 0.18118811881188118 0.7842987804878049 0.0019801980198019802 0.001524390243902439
0 0.04950495049504951 0.7911585365853658 0.04356435643564356 0.01524390243902439
0 0.2584158415841584 0.7820121951219512 0.005940594059405941 0.003048780487804878
0 0.2495049504950495 0.774390243902439 0.015841584158415842 0.003048780487804878
0 0.19801980198019803 0.7675304878048781 0.0039603960396039604 0.001524390243902439
0 0.2504950495049505 0.7660060975609756 0.0019801980198019802 0.001524390243902439
0 0.2801980198019802 0.7652439024390244 0.0019801980198019802 0.003048780487804878
0 0.19306930693069307 0.7484756097560976 0.013861386138613862 0.021341463414634148
0 0.24554455445544554 0.7461890243902439 0.015841584158415842 0.022865853658536585
0 0.2396039603960396 0.729420731707317 0.0039603960396039604 0.001524390243902439
0 0.2693069306930693 0.7317073170731707 0.023762376237623763 0.054878048780487805
0 0.9930693069306931 0.698170731707317 0.013861386138613862 0.04573170731707317
0 0.17425742574257425 0.6798780487804879 0.055445544554455446 0.012195121951219513
0 0.17326732673267325 0.6570121951219512 0.05742574257425743 0.021341463414634148
0 0.18316831683168316 0.6394817073170732 0.033663366336633666 0.007621951219512195
0 0.15445544554455445 0.6341463414634146 0.011881188118811881 0.003048780487804878
0 0.03861386138613861 0.7713414634146342 0.07722772277227723 0.2865853658536585
0 0.29504950495049503 0.663109756097561 0.031683168316831684 0.07317073170731707
0 0.03663366336633663 0.6173780487804879 0.02178217821782178 0.006097560975609756
0 0.00891089108910891 0.618140243902439 0.01782178217821782 0.007621951219512195
0 0.06732673267326733 0.6166158536585366 0.027722772277227723 0.007621951219512195
0 0.298019801980198 0.6128048780487805 0.033663366336633666 0.009146341463414634
0 0.8663366336633663 0.6051829268292683 0.009900990099009901 0.012195121951219513
0 0.02277227722772277 0.6028963414634146 0.04554455445544554 0.007621951219512195
0 0.06732673267326733 0.6021341463414634 0.023762376237623763 0.009146341463414634
0 0.298019801980198 0.5983231707317073 0.0297029702970297 0.010670731707317074
0 0.8673267326732673 0.5929878048780488 0.007920792079207921 0.006097560975609756
0 0.005940594059405941 0.5876524390243902 0.011881188118811881 0.004573170731707317
0 0.0297029702970297 0.586890243902439 0.027722772277227723 0.006097560975609756
0 0.06831683168316832 0.5853658536585366 0.02178217821782178 0.009146341463414634
0 0.805940594059406 0.5792682926829268 0.011881188118811881 0.003048780487804878
0 0.8683168316831683 0.5807926829268293 0.009900990099009901 0.012195121951219513
0 0.298019801980198 0.5792682926829268 0.0297029702970297 0.01524390243902439
0 0.0019801980198019802 0.5716463414634146 0.0039603960396039604 0.003048780487804878
0 0.8693069306930693 0.5685975609756098 0.007920792079207921 0.003048780487804878
0 0.031683168316831684 0.5701219512195121 0.027722772277227723 0.006097560975609756
0 0.06831683168316832 0.569359756097561 0.02178217821782178 0.010670731707317074
0 0.8702970297029703 0.5602134146341463 0.013861386138613862 0.007621951219512195
0 0.028712871287128714 0.5510670731707317 0.02574257425742574 0.004573170731707317
0 0.06831683168316832 0.5510670731707317 0.02178217821782178 0.010670731707317074
0 0.8722772277227723 0.5464939024390244 0.013861386138613862 0.013719512195121951
0 0.298019801980198 0.551829268292683 0.0297029702970297 0.036585365853658534
0 0.2891089108910891 0.5282012195121951 0.0039603960396039604 0.001524390243902439
0 0.06732673267326733 0.5335365853658537 0.019801980198019802 0.012195121951219513
0 0.8386138613861386 0.5259146341463414 0.005940594059405941 0.003048780487804878
0 0.30495049504950494 0.5282012195121951 0.011881188118811881 0.007621951219512195
0 0.8742574257425743 0.5160060975609756 0.009900990099009901 0.004573170731707317
0 0.8178217821782178 0.5083841463414634 0.0039603960396039604 0.001524390243902439
0 0.06831683168316832 0.5137195121951219 0.02178217821782178 0.012195121951219513
0 0.8732673267326733 0.5076219512195121 0.0039603960396039604 0.003048780487804878
0 0.8752475247524752 0.49847560975609756 0.0039603960396039604 0.003048780487804878
0 0.8405940594059406 0.4870426829268293 0.009900990099009901 0.013719512195121951
0 0.8415841584158416 0.4725609756097561 0.007920792079207921 0.006097560975609756
0 0.8178217821782178 0.4794207317073171 0.011881188118811881 0.028963414634146343
0 0.07326732673267326 0.4771341463414634 0.027722772277227723 0.057926829268292686
0 0.2099009900990099 0.4321646341463415 0.0039603960396039604 0.004573170731707317
0 0.8425742574257425 0.41539634146341464 0.005940594059405941 0.004573170731707317
0 0.0039603960396039604 0.35746951219512196 0.007920792079207921 0.06554878048780488
0 0.9178217821782179 0.31402439024390244 0.07326732673267326 0.009146341463414634
0 0.38811881188118813 0.3094512195121951 0.019801980198019802 0.003048780487804878
0 0.49306930693069306 0.3086890243902439 0.019801980198019802 0.004573170731707317
0 0.4594059405940594 0.3094512195121951 0.027722772277227723 0.006097560975609756
0 0.23465346534653464 0.3094512195121951 0.2198019801980198 0.006097560975609756
0 0.5900990099009901 0.3071646341463415 0.13465346534653466 0.013719512195121951
0 0.5198019801980198 0.6272865853658537 0.8811881188118812 0.6600609756097561
0 0.39603960396039606 0.2942073170731707 0.023762376237623763 0.009146341463414634
0 0.2316831683168317 0.29573170731707316 0.21782178217821782 0.012195121951219513
0 0.47128712871287126 0.2926829268292683 0.027722772277227723 0.009146341463414634
0 0.5524752475247525 0.29115853658536583 0.05148514851485148 0.009146341463414634
0 0.6217821782178218 0.2896341463414634 0.07128712871287128 0.012195121951219513
0 0.7752475247524753 0.28734756097560976 0.18811881188118812 0.013719512195121951
0 0.9138613861386139 0.29115853658536583 0.07326732673267326 0.027439024390243903
0 0.39801980198019804 0.27515243902439024 0.011881188118811881 0.004573170731707317
0 0.22673267326732674 0.2766768292682927 0.22376237623762377 0.013719512195121951
0 0.47128712871287126 0.2736280487804878 0.019801980198019802 0.010670731707317074
0 0.5475247524752476 0.27210365853658536 0.03762376237623762 0.010670731707317074
0 0.8831683168316832 0.26676829268292684 0.0039603960396039604 0.003048780487804878
0 0.8188118811881188 0.26753048780487804 0.041584158415841586 0.007621951219512195
0 0.6267326732673267 0.2705792682926829 0.06534653465346535 0.013719512195121951
0 0.7297029702970297 0.2690548780487805 0.100990099009901 0.013719512195121951
0 0.29306930693069305 0.25990853658536583 0.24554455445544554 0.010670731707317074
0 0.01089108910891089 0.25609756097560976 0.02178217821782178 0.006097560975609756
0 0.08415841584158416 0.25228658536585363 0.0019801980198019802 0.001524390243902439
0 0.048514851485148516 0.2538109756097561 0.01782178217821782 0.004573170731707317
0 0.5495049504950495 0.2545731707317073 0.2198019801980198 0.012195121951219513
0 0.7693069306930693 0.25228658536585363 0.18415841584158416 0.010670731707317074
0 0.9574257425742574 0.23094512195121952 0.005940594059405941 0.001524390243902439
0 0.8920792079207921 0.22332317073170732 0.0019801980198019802 0.001524390243902439
0 0.5237623762376238 0.24085365853658536 0.8653465346534653 0.057926829268292686
0 0.01089108910891089 0.1722560975609756 0.02178217821782178 0.10060975609756098
0 0.6386138613861386 0.06097560975609756 0.009900990099009901 0.009146341463414634
0 0.4623762376237624 0.04878048780487805 0.0297029702970297 0.01524390243902439
0 0.500990099009901 0.1288109756097561 0.9267326732673268 0.18445121951219512
0 0.695049504950495 0.01753048780487805 0.011881188118811881 0.007621951219512195
0 0.5079207920792079 0.03353658536585366 0.04950495049504951 0.039634146341463415
0 0.7712871287128713 0.001524390243902439 0.009900990099009901 0.003048780487804878
0 0.299009900990099 0.03277439024390244 0.3920792079207921 0.06554878048780488
0 0.01782178217821782 0.009146341463414634 0.007920792079207921 0.018292682926829267
