0 0.5255281690140845 0.9990740740740741 0.0017605633802816902 0.001851851851851852
0 0.5660211267605634 0.9861111111111112 0.0017605633802816902 0.001851851851851852
0 0.36883802816901406 0.9907407407407407 0.040492957746478875 0.018518518518518517
0 0.44366197183098594 0.9898148148148148 0.017605633802816902 0.020370370370370372
0 0.4102112676056338 0.9898148148148148 0.01056338028169014 0.020370370370370372
0 0.528169014084507 0.9814814814814815 0.01056338028169014 0.011111111111111112
0 0.5448943661971831 0.975 0.01232394366197183 0.005555555555555556
0 0.5 0.49074074074074076 1.0 0.8851851851851852
0 0.01232394366197183 0.008333333333333333 0.02464788732394366 0.009259259259259259
0 0.977112676056338 0.006481481481481481 0.045774647887323945 0.012962962962962963
