0 0.7294117647058823 0.9619377162629758 0.009411764705882352 0.02768166089965398
0 0.7223529411764706 0.9238754325259516 0.004705882352941176 0.006920415224913495
0 0.5505882352941176 0.9567474048442907 0.0611764705882353 0.08650519031141868
0 0.5988235294117648 0.9498269896193772 0.03058823529411765 0.07958477508650519
0 0.7376470588235294 0.9463667820069204 0.08705882352941176 0.10726643598615918
0 0.7376470588235294 0.8979238754325259 0.02588235294117647 0.01730103806228374
0 0.5541176470588235 0.9307958477508651 0.28 0.1384083044982699
0 0.7576470588235295 0.8598615916955017 0.009411764705882352 0.0034602076124567475
0 0.7376470588235294 0.8598615916955017 0.021176470588235293 0.0034602076124567475
0 0.8129411764705883 0.9256055363321799 0.07764705882352942 0.14878892733564014
0 0.9847058823529412 0.7906574394463668 0.011764705882352941 0.010380622837370242
0 0.036470588235294116 0.7352941176470589 0.07294117647058823 0.23875432525951557
0 0.03058823529411765 0.5899653979238755 0.0611764705882353 0.03806228373702422
0 0.029411764705882353 0.5605536332179931 0.058823529411764705 0.01384083044982699
0 0.04 0.5415224913494809 0.004705882352941176 0.0034602076124567475
0 0.024705882352941175 0.5397923875432526 0.007058823529411765 0.006920415224913495
0 0.007058823529411765 0.5380622837370242 0.01411764705882353 0.010380622837370242
0 0.03294117647058824 0.4982698961937716 0.06588235294117648 0.05536332179930796
0 0.03176470588235294 0.4411764705882353 0.06352941176470588 0.01730103806228374
0 0.03176470588235294 0.4013840830449827 0.06352941176470588 0.020761245674740483
0 0.03411764705882353 0.3633217993079585 0.06823529411764706 0.020761245674740483
0 0.9788235294117648 0.3235294117647059 0.004705882352941176 0.0034602076124567475
0 0.03176470588235294 0.32525951557093424 0.06352941176470588 0.020761245674740483
0 0.03411764705882353 0.2889273356401384 0.06823529411764706 0.02422145328719723
0 0.9976470588235294 0.2508650519031142 0.004705882352941176 0.0034602076124567475
0 0.03294117647058824 0.2508650519031142 0.06588235294117648 0.02422145328719723
0 0.9811764705882353 0.22837370242214533 0.018823529411764704 0.01384083044982699
0 0.03529411764705882 0.157439446366782 0.07058823529411765 0.12110726643598616
0 0.5423529411764706 0.4602076124567474 0.9152941176470588 0.7958477508650519
0 0.7517647058823529 0.01730103806228374 0.02588235294117647 0.03460207612456748
0 0.7211764705882353 0.00865051903114187 0.02588235294117647 0.01730103806228374
0 0.7058823529411765 0.01903114186851211 0.047058823529411764 0.03806228373702422
0 0.5847058823529412 0.010380622837370242 0.011764705882352941 0.020761245674740483
0 0.5552941176470588 0.010380622837370242 0.01411764705882353 0.020761245674740483
0 0.5164705882352941 0.012110726643598616 0.011764705882352941 0.02422145328719723
0 0.4776470588235294 0.012110726643598616 0.03764705882352941 0.02422145328719723
