0 0.7700729927007299 0.9875444839857651 0.012165450121654502 0.02491103202846975
0 0.6034063260340633 0.9857651245551602 0.029197080291970802 0.028469750889679714
0 0.8138686131386861 0.9839857651245552 0.0170316301703163 0.03202846975088968
0 0.7639902676399026 0.9483985765124555 0.004866180048661801 0.0035587188612099642
0 0.6362530413625304 0.9661921708185054 0.031630170316301706 0.06761565836298933
0 0.5815085158150851 0.9661921708185054 0.058394160583941604 0.06761565836298933
0 0.7433090024330901 0.9590747330960854 0.0170316301703163 0.07473309608540925
0 0.7992700729927007 0.9590747330960854 0.046228710462287104 0.08185053380782918
0 0.7785888077858881 0.9234875444839857 0.024330900243309004 0.017793594306049824
0 0.8029197080291971 0.8843416370106761 0.004866180048661801 0.0035587188612099642
0 0.5851581508515815 0.9412811387900356 0.2798053527980535 0.11743772241992882
0 0.8637469586374696 0.9377224199288257 0.0681265206812652 0.12455516014234876
0 0.04257907542579075 0.7686832740213523 0.0851581508515815 0.17793594306049823
0 0.04744525547445255 0.6708185053380783 0.0024330900243309003 0.0035587188612099642
0 0.031630170316301706 0.6708185053380783 0.004866180048661801 0.0035587188612099642
0 0.010948905109489052 0.6690391459074733 0.021897810218978103 0.014234875444839857
0 0.0072992700729927005 0.6476868327402135 0.014598540145985401 0.0071174377224199285
0 0.004866180048661801 0.6263345195729537 0.009732360097323601 0.0071174377224199285
0 0.0036496350364963502 0.5836298932384342 0.0072992700729927005 0.0071174377224199285
0 0.07420924574209246 0.49644128113879005 0.0072992700729927005 0.010676156583629894
0 0.025547445255474453 0.4928825622775801 0.051094890510948905 0.010676156583629894
0 0.04866180048661801 0.3790035587188612 0.058394160583941604 0.010676156583629894
0 0.04744525547445255 0.304270462633452 0.06082725060827251 0.010676156583629894
0 0.0024330900243309003 0.302491103202847 0.004866180048661801 0.0071174377224199285
0 0.040145985401459854 0.1619217081850534 0.08029197080291971 0.13167259786476868
0 0.5523114355231143 0.4697508896797153 0.8953771289537713 0.7900355871886121
0 0.7968369829683698 0.023131672597864767 0.0267639902676399 0.046263345195729534
0 0.7627737226277372 0.014234875444839857 0.031630170316301706 0.028469750889679714
0 0.7481751824817519 0.02491103202846975 0.046228710462287104 0.0498220640569395
0 0.6228710462287105 0.01601423487544484 0.014598540145985401 0.03202846975088968
0 0.5912408759124088 0.01601423487544484 0.014598540145985401 0.03202846975088968
0 0.5498783454987834 0.01601423487544484 0.014598540145985401 0.03202846975088968
0 0.5097323600973236 0.01601423487544484 0.046228710462287104 0.03202846975088968
