0 0.502906976744186 0.9948680351906158 0.31589147286821706 0.010263929618768328
0 0.3875968992248062 0.9567448680351907 0.046511627906976744 0.021994134897360705
0 0.3313953488372093 0.9120234604105572 0.05426356589147287 0.05571847507331378
0 0.040697674418604654 0.9186217008797654 0.08139534883720931 0.0718475073313783
0 0.11143410852713179 0.8167155425219942 0.005813953488372093 0.002932551319648094
0 0.9554263565891473 0.8489736070381232 0.08914728682170543 0.08211143695014662
0 0.11434108527131782 0.8042521994134897 0.011627906976744186 0.010263929618768328
0 0.041666666666666664 0.6612903225806451 0.001937984496124031 0.005865102639296188
0 0.8062015503875969 0.7844574780058651 0.3875968992248062 0.36070381231671556
0 0.8226744186046512 0.6033724340175953 0.029069767441860465 0.004398826979472141
0 0.13468992248062014 0.6935483870967742 0.2693798449612403 0.20527859237536658
0 0.7587209302325582 0.5872434017595308 0.03294573643410853 0.010263929618768328
0 0.8885658914728682 0.5879765395894428 0.22286821705426357 0.01466275659824047
0 0.7248062015503876 0.5865102639296188 0.031007751937984496 0.011730205278592375
0 0.6841085271317829 0.5865102639296188 0.04263565891472868 0.011730205278592375
0 0.011627906976744186 0.5747800586510264 0.015503875968992248 0.002932551319648094
0 0.13662790697674418 0.5777126099706745 0.12596899224806202 0.011730205278592375
0 0.6007751937984496 0.5659824046920822 0.007751937984496124 0.005865102639296188
0 0.8217054263565892 0.5674486803519062 0.35658914728682173 0.01466275659824047
0 0.13178294573643412 0.5608504398826979 0.14728682170542637 0.007331378299120235
0 0.030038759689922482 0.5579178885630498 0.013565891472868217 0.001466275659824047
0 0.8624031007751938 0.5513196480938416 0.2751937984496124 0.008797653958944282
0 0.6763565891472868 0.5505865102639296 0.08914728682170543 0.007331378299120235
0 0.14728682170542637 0.5447214076246334 0.12403100775193798 0.013196480938416423
0 0.8653100775193798 0.5359237536656891 0.2693798449612403 0.013196480938416423
0 0.6753875968992248 0.533724340175953 0.09883720930232558 0.011730205278592375
0 0.15213178294573643 0.5271260997067448 0.1298449612403101 0.013196480938416423
0 0.07945736434108527 0.5175953079178885 0.04263565891472868 0.002932551319648094
0 0.810077519379845 0.5168621700879765 0.3798449612403101 0.016129032258064516
0 0.563953488372093 0.5131964809384164 0.05426356589147287 0.008797653958944282
0 0.5164728682170543 0.5124633431085044 0.029069767441860465 0.007331378299120235
0 0.1560077519379845 0.5095307917888563 0.13372093023255813 0.013196480938416423
0 0.09689922480620156 0.499266862170088 0.05426356589147287 0.004398826979472141
0 0.8934108527131783 0.500733137829912 0.2131782945736434 0.010263929618768328
0 0.7587209302325582 0.499266862170088 0.03294573643410853 0.007331378299120235
0 0.6027131782945736 0.49780058651026393 0.2441860465116279 0.010263929618768328
0 0.17635658914728683 0.49266862170087977 0.10465116279069768 0.008797653958944282
0 0.8013565891472868 0.4868035190615836 0.005813953488372093 0.002932551319648094
0 0.6753875968992248 0.4868035190615836 0.02131782945736434 0.002932551319648094
0 0.6463178294573644 0.48607038123167157 0.005813953488372093 0.001466275659824047
0 0.5939922480620154 0.4846041055718475 0.025193798449612403 0.004398826979472141
0 0.562984496124031 0.4846041055718475 0.01744186046511628 0.004398826979472141
0 0.4796511627906977 0.4838709677419355 0.01744186046511628 0.002932551319648094
0 0.01065891472868217 0.4640762463343108 0.02131782945736434 0.016129032258064516
0 0.09205426356589147 0.3152492668621701 0.013565891472868217 0.002932551319648094
0 0.07848837209302326 0.3057184750733138 0.01744186046511628 0.001466275659824047
0 0.2926356589147287 0.29545454545454547 0.003875968992248062 0.001466275659824047
0 0.09689922480620156 0.2873900293255132 0.003875968992248062 0.002932551319648094
0 0.07461240310077519 0.2873900293255132 0.005813953488372093 0.002932551319648094
0 0.748062015503876 0.28225806451612906 0.015503875968992248 0.007331378299120235
0 0.07170542635658915 0.2793255131964809 0.011627906976744186 0.001466275659824047
0 0.7577519379844961 0.27346041055718473 0.011627906976744186 0.004398826979472141
0 0.0687984496124031 0.2624633431085044 0.009689922480620155 0.002932551319648094
0 0.0687984496124031 0.24560117302052786 0.009689922480620155 0.001466275659824047
0 0.1065891472868217 0.23533724340175954 0.007751937984496124 0.001466275659824047
0 0.09593023255813954 0.23533724340175954 0.005813953488372093 0.001466275659824047
0 0.2936046511627907 0.23313782991202345 0.005813953488372093 0.002932551319648094
0 0.08527131782945736 0.22653958944281524 0.003875968992248062 0.001466275659824047
0 0.5455426356589147 0.07844574780058651 0.001937984496124031 0.001466275659824047
0 0.5 0.2631964809384164 1.0 0.4530791788856305
0 0.5726744186046512 0.013196480938416423 0.013565891472868217 0.008797653958944282
0 0.626937984496124 0.015395894428152493 0.03682170542635659 0.030791788856304986
0 0.5358527131782945 0.004398826979472141 0.005813953488372093 0.008797653958944282
0 0.45348837209302323 0.010263929618768328 0.007751937984496124 0.020527859237536656
0 0.41569767441860467 0.011730205278592375 0.03682170542635659 0.02346041055718475
0 0.36724806201550386 0.011730205278592375 0.02131782945736434 0.02346041055718475
0 0.41957364341085274 0.021994134897360705 0.20348837209302326 0.04398826979472141
