0 0.6683467741935484 0.9829931972789115 0.018145161290322582 0.013605442176870748
0 0.5080645161290323 0.9302721088435374 0.004032258064516129 0.003401360544217687
0 0.4939516129032258 0.9302721088435374 0.012096774193548387 0.003401360544217687
0 0.17036290322580644 0.7806122448979592 0.006048387096774193 0.01020408163265306
0 0.19455645161290322 0.6768707482993197 0.02620967741935484 0.034013605442176874
0 0.1935483870967742 0.6360544217687075 0.03225806451612903 0.04081632653061224
0 0.19455645161290322 0.5663265306122449 0.034274193548387094 0.07142857142857142
0 0.19254032258064516 0.4744897959183674 0.03024193548387097 0.0782312925170068
0 0.20262096774193547 0.4013605442176871 0.006048387096774193 0.006802721088435374
0 0.18044354838709678 0.1564625850340136 0.006048387096774193 0.013605442176870748
0 0.5 0.5238095238095238 1.0 0.8571428571428571
0 0.0020161290322580645 0.09013605442176871 0.004032258064516129 0.017006802721088437
0 0.6068548387096774 0.07312925170068027 0.008064516129032258 0.003401360544217687
0 0.59375 0.06462585034013606 0.010080645161290322 0.02040816326530612
0 0.6320564516129032 0.06292517006802721 0.010080645161290322 0.023809523809523808
0 0.6441532258064516 0.047619047619047616 0.006048387096774193 0.013605442176870748
0 0.5877016129032258 0.04251700680272109 0.0020161290322580645 0.01020408163265306
0 0.6129032258064516 0.034013605442176874 0.004032258064516129 0.006802721088435374
0 0.6280241935483871 0.015306122448979591 0.014112903225806451 0.017006802721088437
0 0.6814516129032258 0.04931972789115646 0.036290322580645164 0.09863945578231292
0 0.5897177419354839 0.006802721088435374 0.006048387096774193 0.013605442176870748
0 0.5070564516129032 0.030612244897959183 0.018145161290322582 0.061224489795918366
0 0.46169354838709675 0.03231292517006803 0.028225806451612902 0.06462585034013606
0 0.4213709677419355 0.03231292517006803 0.028225806451612902 0.06462585034013606
0 0.41330645161290325 0.008503401360544218 0.012096774193548387 0.017006802721088437
0 0.47076612903225806 0.05272108843537415 0.20766129032258066 0.1054421768707483
